Time,LP_ST_312,LP_ST_349,LP_ST_197,LP_ST_368,LP_ST_538,LP_ST_205,LP_ST_984,LP_ST_764,LP_ST_281,LP_ST_885,LP_total_load_kW,trafo_Preload_kW,LP_occupancy,trafoLoading_kW
2018-01-01 00:00:00,0.0,0.0,0.0,0.0,0.0,0.0,0.0,0.0,0.0,0,0.0,17.688,0.0,17.688
2018-01-01 00:01:00,0.0,0.0,0.0,0.0,0.0,0.0,0.0,0.0,0.0,0,0.0,17.688,0.0,17.688
2018-01-01 00:02:00,0.0,0.0,0.0,0.0,0.0,0.0,0.0,0.0,0.0,0,0.0,17.688,0.0,17.688
2018-01-01 00:03:00,0.0,0.0,0.0,0.0,0.0,0.0,0.0,0.0,0.0,0,0.0,17.688,0.0,17.688
2018-01-01 00:04:00,0.0,0.0,0.0,0.0,0.0,0.0,0.0,0.0,0.0,0,0.0,17.688,0.0,17.688
2018-01-01 00:05:00,0.0,0.0,0.0,0.0,0.0,0.0,0.0,0.0,0.0,0,0.0,17.688,0.0,17.688
2018-01-01 00:06:00,0.0,0.0,0.0,0.0,0.0,0.0,0.0,0.0,0.0,0,0.0,17.688,0.0,17.688
2018-01-01 00:07:00,0.0,0.0,0.0,0.0,0.0,0.0,0.0,0.0,0.0,0,0.0,17.688,0.0,17.688
2018-01-01 00:08:00,0.0,0.0,0.0,0.0,0.0,0.0,0.0,0.0,0.0,0,0.0,17.688,0.0,17.688
2018-01-01 00:09:00,0.0,0.0,0.0,0.0,0.0,0.0,0.0,0.0,0.0,0,0.0,17.688,0.0,17.688
2018-01-01 00:10:00,0.0,0.0,0.0,0.0,0.0,0.0,0.0,0.0,0.0,0,0.0,17.688,0.0,17.688
2018-01-01 00:11:00,0.0,0.0,0.0,0.0,0.0,0.0,0.0,0.0,0.0,0,0.0,17.650199999999998,0.0,17.650199999999998
2018-01-01 00:12:00,0.0,0.0,0.0,0.0,0.0,0.0,0.0,0.0,0.0,0,0.0,17.612399999999997,0.0,17.612399999999997
2018-01-01 00:13:00,0.0,0.0,0.0,0.0,0.0,0.0,0.0,0.0,0.0,0,0.0,17.5746,0.0,17.5746
2018-01-01 00:14:00,0.0,0.0,0.0,0.0,0.0,0.0,0.0,0.0,0.0,0,0.0,17.5368,0.0,17.5368
2018-01-01 00:15:00,0.0,0.0,0.0,0.0,0.0,0.0,0.0,0.0,0.0,0,0.0,17.499,0.0,17.499
2018-01-01 00:16:00,0.0,0.0,0.0,0.0,0.0,0.0,0.0,0.0,0.0,0,0.0,17.461199999999998,0.0,17.461199999999998
2018-01-01 00:17:00,0.0,0.0,0.0,0.0,0.0,0.0,0.0,0.0,0.0,0,0.0,17.423399999999997,0.0,17.423399999999997
2018-01-01 00:18:00,0.0,0.0,0.0,0.0,0.0,0.0,0.0,0.0,0.0,0,0.0,17.3856,0.0,17.3856
2018-01-01 00:19:00,0.0,0.0,0.0,0.0,0.0,0.0,0.0,0.0,0.0,0,0.0,17.3478,0.0,17.3478
2018-01-01 00:20:00,0.0,0.0,0.0,0.0,0.0,0.0,0.0,0.0,0.0,0,0.0,17.31,0.0,17.31
2018-01-01 00:21:00,0.0,0.0,0.0,0.0,0.0,0.0,0.0,0.0,0.0,0,0.0,17.282899999999998,0.0,17.282899999999998
2018-01-01 00:22:00,0.0,0.0,0.0,0.0,0.0,0.0,0.0,0.0,0.0,0,0.0,17.2558,0.0,17.2558
2018-01-01 00:23:00,0.0,0.0,0.0,0.0,0.0,0.0,0.0,0.0,0.0,0,0.0,17.2287,0.0,17.2287
2018-01-01 00:24:00,0.0,0.0,0.0,0.0,0.0,0.0,0.0,0.0,0.0,0,0.0,17.2016,0.0,17.2016
2018-01-01 00:25:00,0.0,0.0,0.0,0.0,0.0,0.0,0.0,0.0,0.0,0,0.0,17.174500000000002,0.0,17.174500000000002
2018-01-01 00:26:00,0.0,0.0,0.0,0.0,0.0,0.0,0.0,0.0,0.0,0,0.0,17.1474,0.0,17.1474
2018-01-01 00:27:00,0.0,0.0,0.0,0.0,0.0,0.0,0.0,0.0,0.0,0,0.0,17.1203,0.0,17.1203
2018-01-01 00:28:00,0.0,0.0,0.0,0.0,0.0,0.0,0.0,0.0,0.0,0,0.0,17.0932,0.0,17.0932
2018-01-01 00:29:00,0.0,0.0,0.0,0.0,0.0,0.0,0.0,0.0,0.0,0,0.0,17.066100000000002,0.0,17.066100000000002
2018-01-01 00:30:00,0.0,0.0,0.0,0.0,0.0,0.0,0.0,0.0,0.0,0,0.0,17.039,0.0,17.039
2018-01-01 00:31:00,0.0,0.0,0.0,0.0,0.0,0.0,0.0,0.0,0.0,0,0.0,17.246000000000002,0.0,17.246000000000002
2018-01-01 00:32:00,0.0,0.0,0.0,0.0,0.0,0.0,0.0,0.0,0.0,0,0.0,17.453000000000003,0.0,17.453000000000003
2018-01-01 00:33:00,0.0,0.0,0.0,0.0,0.0,0.0,0.0,0.0,0.0,0,0.0,17.66,0.0,17.66
2018-01-01 00:34:00,0.0,0.0,0.0,0.0,0.0,0.0,0.0,0.0,0.0,0,0.0,17.867,0.0,17.867
2018-01-01 00:35:00,0.0,0.0,0.0,0.0,0.0,0.0,0.0,0.0,0.0,0,0.0,18.074,0.0,18.074
2018-01-01 00:36:00,0.0,0.0,0.0,0.0,0.0,0.0,0.0,0.0,0.0,0,0.0,18.281000000000002,0.0,18.281000000000002
2018-01-01 00:37:00,0.0,0.0,0.0,0.0,0.0,0.0,0.0,0.0,0.0,0,0.0,18.488000000000003,0.0,18.488000000000003
2018-01-01 00:38:00,0.0,0.0,0.0,0.0,0.0,0.0,0.0,0.0,0.0,0,0.0,18.695,0.0,18.695
2018-01-01 00:39:00,0.0,0.0,0.0,0.0,0.0,0.0,0.0,0.0,0.0,0,0.0,18.902,0.0,18.902
2018-01-01 00:40:00,0.0,0.0,0.0,0.0,0.0,0.0,0.0,0.0,0.0,0,0.0,19.109,0.0,19.109
2018-01-01 00:41:00,0.0,0.0,0.0,0.0,0.0,0.0,0.0,0.0,0.0,0,0.0,19.310100000000002,0.0,19.310100000000002
2018-01-01 00:42:00,0.0,0.0,0.0,0.0,0.0,0.0,0.0,0.0,0.0,0,0.0,19.511200000000002,0.0,19.511200000000002
2018-01-01 00:43:00,0.0,0.0,0.0,0.0,0.0,0.0,0.0,0.0,0.0,0,0.0,19.712300000000003,0.0,19.712300000000003
2018-01-01 00:44:00,0.0,0.0,0.0,0.0,0.0,0.0,0.0,0.0,0.0,0,0.0,19.913400000000003,0.0,19.913400000000003
2018-01-01 00:45:00,0.0,0.0,0.0,0.0,0.0,0.0,0.0,0.0,0.0,0,0.0,20.1145,0.0,20.1145
2018-01-01 00:46:00,0.0,0.0,0.0,0.0,0.0,0.0,0.0,0.0,0.0,0,0.0,20.3156,0.0,20.3156
2018-01-01 00:47:00,0.0,0.0,0.0,0.0,0.0,0.0,0.0,0.0,0.0,0,0.0,20.5167,0.0,20.5167
2018-01-01 00:48:00,0.0,0.0,0.0,0.0,0.0,0.0,0.0,0.0,0.0,0,0.0,20.7178,0.0,20.7178
2018-01-01 00:49:00,0.0,0.0,0.0,0.0,0.0,0.0,0.0,0.0,0.0,0,0.0,20.9189,0.0,20.9189
2018-01-01 00:50:00,0.0,0.0,0.0,0.0,0.0,0.0,0.0,0.0,0.0,0,0.0,21.12,0.0,21.12
2018-01-01 00:51:00,0.0,0.0,0.0,0.0,0.0,0.0,0.0,0.0,0.0,0,0.0,20.9406,0.0,20.9406
2018-01-01 00:52:00,0.0,0.0,0.0,0.0,0.0,0.0,0.0,0.0,0.0,0,0.0,20.761200000000002,0.0,20.761200000000002
2018-01-01 00:53:00,0.0,0.0,0.0,0.0,0.0,0.0,0.0,0.0,0.0,0,0.0,20.5818,0.0,20.5818
2018-01-01 00:54:00,0.0,0.0,0.0,0.0,0.0,0.0,0.0,0.0,0.0,0,0.0,20.4024,0.0,20.4024
2018-01-01 00:55:00,0.0,0.0,0.0,0.0,0.0,0.0,0.0,0.0,0.0,0,0.0,20.223,0.0,20.223
2018-01-01 00:56:00,0.0,0.0,0.0,0.0,0.0,0.0,0.0,0.0,0.0,0,0.0,20.0436,0.0,20.0436
2018-01-01 00:57:00,0.0,0.0,0.0,0.0,0.0,0.0,0.0,0.0,0.0,0,0.0,19.8642,0.0,19.8642
2018-01-01 00:58:00,0.0,0.0,0.0,0.0,0.0,0.0,0.0,0.0,0.0,0,0.0,19.6848,0.0,19.6848
2018-01-01 00:59:00,0.0,0.0,0.0,0.0,0.0,0.0,0.0,0.0,0.0,0,0.0,19.5054,0.0,19.5054
2018-01-01 01:00:00,0.0,0.0,0.0,0.0,0.0,0.0,0.0,0.0,0.0,0,0.0,19.326,0.0,19.326
2018-01-01 01:01:00,0.0,0.0,0.0,0.0,0.0,0.0,0.0,0.0,0.0,0,0.0,19.2378,0.0,19.2378
2018-01-01 01:02:00,0.0,0.0,0.0,0.0,0.0,0.0,0.0,0.0,0.0,0,0.0,19.1496,0.0,19.1496
2018-01-01 01:03:00,0.0,0.0,0.0,0.0,0.0,0.0,0.0,0.0,0.0,0,0.0,19.0614,0.0,19.0614
2018-01-01 01:04:00,0.0,0.0,0.0,0.0,0.0,0.0,0.0,0.0,0.0,0,0.0,18.9732,0.0,18.9732
2018-01-01 01:05:00,0.0,0.0,0.0,0.0,0.0,0.0,0.0,0.0,0.0,0,0.0,18.884999999999998,0.0,18.884999999999998
2018-01-01 01:06:00,0.0,0.0,0.0,0.0,0.0,0.0,0.0,0.0,0.0,0,0.0,18.7968,0.0,18.7968
2018-01-01 01:07:00,0.0,0.0,0.0,0.0,0.0,0.0,0.0,0.0,0.0,0,0.0,18.7086,0.0,18.7086
2018-01-01 01:08:00,0.0,0.0,0.0,0.0,0.0,0.0,0.0,0.0,0.0,0,0.0,18.6204,0.0,18.6204
2018-01-01 01:09:00,0.0,0.0,0.0,0.0,0.0,0.0,0.0,0.0,0.0,0,0.0,18.5322,0.0,18.5322
2018-01-01 01:10:00,0.0,0.0,0.0,0.0,0.0,0.0,0.0,0.0,0.0,0,0.0,18.444,0.0,18.444
2018-01-01 01:11:00,0.0,0.0,0.0,0.0,0.0,0.0,0.0,0.0,0.0,0,0.0,18.465799999999998,0.0,18.465799999999998
2018-01-01 01:12:00,0.0,0.0,0.0,0.0,0.0,0.0,0.0,0.0,0.0,0,0.0,18.4876,0.0,18.4876
2018-01-01 01:13:00,0.0,0.0,0.0,0.0,0.0,0.0,0.0,0.0,0.0,0,0.0,18.5094,0.0,18.5094
2018-01-01 01:14:00,0.0,0.0,0.0,0.0,0.0,0.0,0.0,0.0,0.0,0,0.0,18.5312,0.0,18.5312
2018-01-01 01:15:00,0.0,0.0,0.0,0.0,0.0,0.0,0.0,0.0,0.0,0,0.0,18.552999999999997,0.0,18.552999999999997
2018-01-01 01:16:00,0.0,0.0,0.0,0.0,0.0,0.0,0.0,0.0,0.0,0,0.0,18.5748,0.0,18.5748
2018-01-01 01:17:00,0.0,0.0,0.0,0.0,0.0,0.0,0.0,0.0,0.0,0,0.0,18.5966,0.0,18.5966
2018-01-01 01:18:00,0.0,0.0,0.0,0.0,0.0,0.0,0.0,0.0,0.0,0,0.0,18.618399999999998,0.0,18.618399999999998
2018-01-01 01:19:00,0.0,0.0,0.0,0.0,0.0,0.0,0.0,0.0,0.0,0,0.0,18.6402,0.0,18.6402
2018-01-01 01:20:00,0.0,0.0,0.0,0.0,0.0,0.0,0.0,0.0,0.0,0,0.0,18.662,0.0,18.662
2018-01-01 01:21:00,0.0,0.0,0.0,0.0,0.0,0.0,0.0,0.0,0.0,0,0.0,18.499299999999998,0.0,18.499299999999998
2018-01-01 01:22:00,0.0,0.0,0.0,0.0,0.0,0.0,0.0,0.0,0.0,0,0.0,18.3366,0.0,18.3366
2018-01-01 01:23:00,0.0,0.0,0.0,0.0,0.0,0.0,0.0,0.0,0.0,0,0.0,18.1739,0.0,18.1739
2018-01-01 01:24:00,0.0,0.0,0.0,0.0,0.0,0.0,0.0,0.0,0.0,0,0.0,18.0112,0.0,18.0112
2018-01-01 01:25:00,0.0,0.0,0.0,0.0,0.0,0.0,0.0,0.0,0.0,0,0.0,17.8485,0.0,17.8485
2018-01-01 01:26:00,0.0,0.0,0.0,0.0,0.0,0.0,0.0,0.0,0.0,0,0.0,17.6858,0.0,17.6858
2018-01-01 01:27:00,0.0,0.0,0.0,0.0,0.0,0.0,0.0,0.0,0.0,0,0.0,17.5231,0.0,17.5231
2018-01-01 01:28:00,0.0,0.0,0.0,0.0,0.0,0.0,0.0,0.0,0.0,0,0.0,17.3604,0.0,17.3604
2018-01-01 01:29:00,0.0,0.0,0.0,0.0,0.0,0.0,0.0,0.0,0.0,0,0.0,17.1977,0.0,17.1977
2018-01-01 01:30:00,0.0,0.0,0.0,0.0,0.0,0.0,0.0,0.0,0.0,0,0.0,17.035,0.0,17.035
2018-01-01 01:31:00,0.0,0.0,0.0,0.0,0.0,0.0,0.0,0.0,0.0,0,0.0,16.9903,0.0,16.9903
2018-01-01 01:32:00,0.0,0.0,0.0,0.0,0.0,0.0,0.0,0.0,0.0,0,0.0,16.9456,0.0,16.9456
2018-01-01 01:33:00,0.0,0.0,0.0,0.0,0.0,0.0,0.0,0.0,0.0,0,0.0,16.9009,0.0,16.9009
2018-01-01 01:34:00,0.0,0.0,0.0,0.0,0.0,0.0,0.0,0.0,0.0,0,0.0,16.8562,0.0,16.8562
2018-01-01 01:35:00,0.0,0.0,0.0,0.0,0.0,0.0,0.0,0.0,0.0,0,0.0,16.811500000000002,0.0,16.811500000000002
2018-01-01 01:36:00,0.0,0.0,0.0,0.0,0.0,0.0,0.0,0.0,0.0,0,0.0,16.7668,0.0,16.7668
2018-01-01 01:37:00,0.0,0.0,0.0,0.0,0.0,0.0,0.0,0.0,0.0,0,0.0,16.7221,0.0,16.7221
2018-01-01 01:38:00,0.0,0.0,0.0,0.0,0.0,0.0,0.0,0.0,0.0,0,0.0,16.677400000000002,0.0,16.677400000000002
2018-01-01 01:39:00,0.0,0.0,0.0,0.0,0.0,0.0,0.0,0.0,0.0,0,0.0,16.6327,0.0,16.6327
2018-01-01 01:40:00,0.0,0.0,0.0,0.0,0.0,0.0,0.0,0.0,0.0,0,0.0,16.588,0.0,16.588
2018-01-01 01:41:00,0.0,0.0,0.0,0.0,0.0,0.0,0.0,0.0,0.0,0,0.0,16.5805,0.0,16.5805
2018-01-01 01:42:00,0.0,0.0,0.0,0.0,0.0,0.0,0.0,0.0,0.0,0,0.0,16.573,0.0,16.573
2018-01-01 01:43:00,0.0,0.0,0.0,0.0,0.0,0.0,0.0,0.0,0.0,0,0.0,16.5655,0.0,16.5655
2018-01-01 01:44:00,0.0,0.0,0.0,0.0,0.0,0.0,0.0,0.0,0.0,0,0.0,16.558,0.0,16.558
2018-01-01 01:45:00,0.0,0.0,0.0,0.0,0.0,0.0,0.0,0.0,0.0,0,0.0,16.5505,0.0,16.5505
2018-01-01 01:46:00,0.0,0.0,0.0,0.0,0.0,0.0,0.0,0.0,0.0,0,0.0,16.543000000000003,0.0,16.543000000000003
2018-01-01 01:47:00,0.0,0.0,0.0,0.0,0.0,0.0,0.0,0.0,0.0,0,0.0,16.535500000000003,0.0,16.535500000000003
2018-01-01 01:48:00,0.0,0.0,0.0,0.0,0.0,0.0,0.0,0.0,0.0,0,0.0,16.528000000000002,0.0,16.528000000000002
2018-01-01 01:49:00,0.0,0.0,0.0,0.0,0.0,0.0,0.0,0.0,0.0,0,0.0,16.520500000000002,0.0,16.520500000000002
2018-01-01 01:50:00,0.0,0.0,0.0,0.0,0.0,0.0,0.0,0.0,0.0,0,0.0,16.513,0.0,16.513
2018-01-01 01:51:00,0.0,0.0,0.0,0.0,0.0,0.0,0.0,0.0,0.0,0,0.0,16.5792,0.0,16.5792
2018-01-01 01:52:00,0.0,0.0,0.0,0.0,0.0,0.0,0.0,0.0,0.0,0,0.0,16.645400000000002,0.0,16.645400000000002
2018-01-01 01:53:00,0.0,0.0,0.0,0.0,0.0,0.0,0.0,0.0,0.0,0,0.0,16.7116,0.0,16.7116
2018-01-01 01:54:00,0.0,0.0,0.0,0.0,0.0,0.0,0.0,0.0,0.0,0,0.0,16.777800000000003,0.0,16.777800000000003
2018-01-01 01:55:00,0.0,0.0,0.0,0.0,0.0,0.0,0.0,0.0,0.0,0,0.0,16.844,0.0,16.844
2018-01-01 01:56:00,0.0,0.0,0.0,0.0,0.0,0.0,0.0,0.0,0.0,0,0.0,16.9102,0.0,16.9102
2018-01-01 01:57:00,0.0,0.0,0.0,0.0,0.0,0.0,0.0,0.0,0.0,0,0.0,16.9764,0.0,16.9764
2018-01-01 01:58:00,0.0,0.0,0.0,0.0,0.0,0.0,0.0,0.0,0.0,0,0.0,17.0426,0.0,17.0426
2018-01-01 01:59:00,0.0,0.0,0.0,0.0,0.0,0.0,0.0,0.0,0.0,0,0.0,17.108800000000002,0.0,17.108800000000002
2018-01-01 02:00:00,0.0,0.0,0.0,0.0,0.0,0.0,0.0,0.0,0.0,0,0.0,17.175,0.0,17.175
2018-01-01 02:01:00,0.0,0.0,0.0,0.0,0.0,0.0,0.0,0.0,0.0,0,0.0,17.1642,0.0,17.1642
2018-01-01 02:02:00,0.0,0.0,0.0,0.0,0.0,0.0,0.0,0.0,0.0,0,0.0,17.1534,0.0,17.1534
2018-01-01 02:03:00,0.0,0.0,0.0,0.0,0.0,0.0,0.0,0.0,0.0,0,0.0,17.1426,0.0,17.1426
2018-01-01 02:04:00,0.0,0.0,0.0,0.0,0.0,0.0,0.0,0.0,0.0,0,0.0,17.131800000000002,0.0,17.131800000000002
2018-01-01 02:05:00,0.0,0.0,0.0,0.0,0.0,0.0,0.0,0.0,0.0,0,0.0,17.121000000000002,0.0,17.121000000000002
2018-01-01 02:06:00,0.0,0.0,0.0,0.0,0.0,0.0,0.0,0.0,0.0,0,0.0,17.1102,0.0,17.1102
2018-01-01 02:07:00,0.0,0.0,0.0,0.0,0.0,0.0,0.0,0.0,0.0,0,0.0,17.0994,0.0,17.0994
2018-01-01 02:08:00,0.0,0.0,0.0,0.0,0.0,0.0,0.0,0.0,0.0,0,0.0,17.0886,0.0,17.0886
2018-01-01 02:09:00,0.0,0.0,0.0,0.0,0.0,0.0,0.0,0.0,0.0,0,0.0,17.0778,0.0,17.0778
2018-01-01 02:10:00,0.0,0.0,0.0,0.0,0.0,0.0,0.0,0.0,0.0,0,0.0,17.067,0.0,17.067
2018-01-01 02:11:00,0.0,0.0,0.0,0.0,0.0,0.0,0.0,0.0,0.0,0,0.0,17.073900000000002,0.0,17.073900000000002
2018-01-01 02:12:00,0.0,0.0,0.0,0.0,0.0,0.0,0.0,0.0,0.0,0,0.0,17.0808,0.0,17.0808
2018-01-01 02:13:00,0.0,0.0,0.0,0.0,0.0,0.0,0.0,0.0,0.0,0,0.0,17.087699999999998,0.0,17.087699999999998
2018-01-01 02:14:00,0.0,0.0,0.0,0.0,0.0,0.0,0.0,0.0,0.0,0,0.0,17.0946,0.0,17.0946
2018-01-01 02:15:00,0.0,0.0,0.0,0.0,0.0,0.0,0.0,0.0,0.0,0,0.0,17.1015,0.0,17.1015
2018-01-01 02:16:00,0.0,0.0,0.0,0.0,0.0,0.0,0.0,0.0,0.0,0,0.0,17.1084,0.0,17.1084
2018-01-01 02:17:00,0.0,0.0,0.0,0.0,0.0,0.0,0.0,0.0,0.0,0,0.0,17.115299999999998,0.0,17.115299999999998
2018-01-01 02:18:00,0.0,0.0,0.0,0.0,0.0,0.0,0.0,0.0,0.0,0,0.0,17.1222,0.0,17.1222
2018-01-01 02:19:00,0.0,0.0,0.0,0.0,0.0,0.0,0.0,0.0,0.0,0,0.0,17.1291,0.0,17.1291
2018-01-01 02:20:00,0.0,0.0,0.0,0.0,0.0,0.0,0.0,0.0,0.0,0,0.0,17.136,0.0,17.136
2018-01-01 02:21:00,0.0,0.0,0.0,0.0,0.0,0.0,0.0,0.0,0.0,0,0.0,17.0989,0.0,17.0989
2018-01-01 02:22:00,0.0,0.0,0.0,0.0,0.0,0.0,0.0,0.0,0.0,0,0.0,17.061799999999998,0.0,17.061799999999998
2018-01-01 02:23:00,0.0,0.0,0.0,0.0,0.0,0.0,0.0,0.0,0.0,0,0.0,17.0247,0.0,17.0247
2018-01-01 02:24:00,0.0,0.0,0.0,0.0,0.0,0.0,0.0,0.0,0.0,0,0.0,16.9876,0.0,16.9876
2018-01-01 02:25:00,0.0,0.0,0.0,0.0,0.0,0.0,0.0,0.0,0.0,0,0.0,16.950499999999998,0.0,16.950499999999998
2018-01-01 02:26:00,0.0,0.0,0.0,0.0,0.0,0.0,0.0,0.0,0.0,0,0.0,16.9134,0.0,16.9134
2018-01-01 02:27:00,0.0,0.0,0.0,0.0,0.0,0.0,0.0,0.0,0.0,0,0.0,16.8763,0.0,16.8763
2018-01-01 02:28:00,0.0,0.0,0.0,0.0,0.0,0.0,0.0,0.0,0.0,0,0.0,16.8392,0.0,16.8392
2018-01-01 02:29:00,0.0,0.0,0.0,0.0,0.0,0.0,0.0,0.0,0.0,0,0.0,16.8021,0.0,16.8021
2018-01-01 02:30:00,0.0,0.0,0.0,0.0,0.0,0.0,0.0,0.0,0.0,0,0.0,16.765,0.0,16.765
2018-01-01 02:31:00,0.0,0.0,0.0,0.0,0.0,0.0,0.0,0.0,0.0,0,0.0,16.852,0.0,16.852
2018-01-01 02:32:00,0.0,0.0,0.0,0.0,0.0,0.0,0.0,0.0,0.0,0,0.0,16.939,0.0,16.939
2018-01-01 02:33:00,0.0,0.0,0.0,0.0,0.0,0.0,0.0,0.0,0.0,0,0.0,17.026,0.0,17.026
2018-01-01 02:34:00,0.0,0.0,0.0,0.0,0.0,0.0,0.0,0.0,0.0,0,0.0,17.113,0.0,17.113
2018-01-01 02:35:00,0.0,0.0,0.0,0.0,0.0,0.0,0.0,0.0,0.0,0,0.0,17.200000000000003,0.0,17.200000000000003
2018-01-01 02:36:00,0.0,0.0,0.0,0.0,0.0,0.0,0.0,0.0,0.0,0,0.0,17.287000000000003,0.0,17.287000000000003
2018-01-01 02:37:00,0.0,0.0,0.0,0.0,0.0,0.0,0.0,0.0,0.0,0,0.0,17.374000000000002,0.0,17.374000000000002
2018-01-01 02:38:00,0.0,0.0,0.0,0.0,0.0,0.0,0.0,0.0,0.0,0,0.0,17.461000000000002,0.0,17.461000000000002
2018-01-01 02:39:00,0.0,0.0,0.0,0.0,0.0,0.0,0.0,0.0,0.0,0,0.0,17.548000000000002,0.0,17.548000000000002
2018-01-01 02:40:00,0.0,0.0,0.0,0.0,0.0,0.0,0.0,0.0,0.0,0,0.0,17.635,0.0,17.635
2018-01-01 02:41:00,0.0,0.0,0.0,0.0,0.0,0.0,0.0,0.0,0.0,0,0.0,17.595200000000002,0.0,17.595200000000002
2018-01-01 02:42:00,0.0,0.0,0.0,0.0,0.0,0.0,0.0,0.0,0.0,0,0.0,17.555400000000002,0.0,17.555400000000002
2018-01-01 02:43:00,0.0,0.0,0.0,0.0,0.0,0.0,0.0,0.0,0.0,0,0.0,17.5156,0.0,17.5156
2018-01-01 02:44:00,0.0,0.0,0.0,0.0,0.0,0.0,0.0,0.0,0.0,0,0.0,17.4758,0.0,17.4758
2018-01-01 02:45:00,0.0,0.0,0.0,0.0,0.0,0.0,0.0,0.0,0.0,0,0.0,17.436,0.0,17.436
2018-01-01 02:46:00,0.0,0.0,0.0,0.0,0.0,0.0,0.0,0.0,0.0,0,0.0,17.3962,0.0,17.3962
2018-01-01 02:47:00,0.0,0.0,0.0,0.0,0.0,0.0,0.0,0.0,0.0,0,0.0,17.3564,0.0,17.3564
2018-01-01 02:48:00,0.0,0.0,0.0,0.0,0.0,0.0,0.0,0.0,0.0,0,0.0,17.316599999999998,0.0,17.316599999999998
2018-01-01 02:49:00,0.0,0.0,0.0,0.0,0.0,0.0,0.0,0.0,0.0,0,0.0,17.276799999999998,0.0,17.276799999999998
2018-01-01 02:50:00,0.0,0.0,0.0,0.0,0.0,0.0,0.0,0.0,0.0,0,0.0,17.237,0.0,17.237
2018-01-01 02:51:00,0.0,0.0,0.0,0.0,0.0,0.0,0.0,0.0,0.0,0,0.0,17.235699999999998,0.0,17.235699999999998
2018-01-01 02:52:00,0.0,0.0,0.0,0.0,0.0,0.0,0.0,0.0,0.0,0,0.0,17.234399999999997,0.0,17.234399999999997
2018-01-01 02:53:00,0.0,0.0,0.0,0.0,0.0,0.0,0.0,0.0,0.0,0,0.0,17.2331,0.0,17.2331
2018-01-01 02:54:00,0.0,0.0,0.0,0.0,0.0,0.0,0.0,0.0,0.0,0,0.0,17.2318,0.0,17.2318
2018-01-01 02:55:00,0.0,0.0,0.0,0.0,0.0,0.0,0.0,0.0,0.0,0,0.0,17.2305,0.0,17.2305
2018-01-01 02:56:00,0.0,0.0,0.0,0.0,0.0,0.0,0.0,0.0,0.0,0,0.0,17.2292,0.0,17.2292
2018-01-01 02:57:00,0.0,0.0,0.0,0.0,0.0,0.0,0.0,0.0,0.0,0,0.0,17.227899999999998,0.0,17.227899999999998
2018-01-01 02:58:00,0.0,0.0,0.0,0.0,0.0,0.0,0.0,0.0,0.0,0,0.0,17.2266,0.0,17.2266
2018-01-01 02:59:00,0.0,0.0,0.0,0.0,0.0,0.0,0.0,0.0,0.0,0,0.0,17.2253,0.0,17.2253
2018-01-01 03:00:00,0.0,0.0,0.0,0.0,0.0,0.0,0.0,0.0,0.0,0,0.0,17.224,0.0,17.224
2018-01-01 03:01:00,0.0,0.0,0.0,0.0,0.0,0.0,0.0,0.0,0.0,0,0.0,17.165,0.0,17.165
2018-01-01 03:02:00,0.0,0.0,0.0,0.0,0.0,0.0,0.0,0.0,0.0,0,0.0,17.106,0.0,17.106
2018-01-01 03:03:00,0.0,0.0,0.0,0.0,0.0,0.0,0.0,0.0,0.0,0,0.0,17.047,0.0,17.047
2018-01-01 03:04:00,0.0,0.0,0.0,0.0,0.0,0.0,0.0,0.0,0.0,0,0.0,16.988,0.0,16.988
2018-01-01 03:05:00,0.0,0.0,0.0,0.0,0.0,0.0,0.0,0.0,0.0,0,0.0,16.929000000000002,0.0,16.929000000000002
2018-01-01 03:06:00,0.0,0.0,0.0,0.0,0.0,0.0,0.0,0.0,0.0,0,0.0,16.87,0.0,16.87
2018-01-01 03:07:00,0.0,0.0,0.0,0.0,0.0,0.0,0.0,0.0,0.0,0,0.0,16.811,0.0,16.811
2018-01-01 03:08:00,0.0,0.0,0.0,0.0,0.0,0.0,0.0,0.0,0.0,0,0.0,16.752,0.0,16.752
2018-01-01 03:09:00,0.0,0.0,0.0,0.0,0.0,0.0,0.0,0.0,0.0,0,0.0,16.693,0.0,16.693
2018-01-01 03:10:00,0.0,0.0,0.0,0.0,0.0,0.0,0.0,0.0,0.0,0,0.0,16.634,0.0,16.634
2018-01-01 03:11:00,0.0,0.0,0.0,0.0,0.0,0.0,0.0,0.0,0.0,0,0.0,16.5836,0.0,16.5836
2018-01-01 03:12:00,0.0,0.0,0.0,0.0,0.0,0.0,0.0,0.0,0.0,0,0.0,16.5332,0.0,16.5332
2018-01-01 03:13:00,0.0,0.0,0.0,0.0,0.0,0.0,0.0,0.0,0.0,0,0.0,16.4828,0.0,16.4828
2018-01-01 03:14:00,0.0,0.0,0.0,0.0,0.0,0.0,0.0,0.0,0.0,0,0.0,16.4324,0.0,16.4324
2018-01-01 03:15:00,0.0,0.0,0.0,0.0,0.0,0.0,0.0,0.0,0.0,0,0.0,16.381999999999998,0.0,16.381999999999998
2018-01-01 03:16:00,0.0,0.0,0.0,0.0,0.0,0.0,0.0,0.0,0.0,0,0.0,16.331599999999998,0.0,16.331599999999998
2018-01-01 03:17:00,0.0,0.0,0.0,0.0,0.0,0.0,0.0,0.0,0.0,0,0.0,16.2812,0.0,16.2812
2018-01-01 03:18:00,0.0,0.0,0.0,0.0,0.0,0.0,0.0,0.0,0.0,0,0.0,16.2308,0.0,16.2308
2018-01-01 03:19:00,0.0,0.0,0.0,0.0,0.0,0.0,0.0,0.0,0.0,0,0.0,16.1804,0.0,16.1804
2018-01-01 03:20:00,0.0,0.0,0.0,0.0,0.0,0.0,0.0,0.0,0.0,0,0.0,16.13,0.0,16.13
2018-01-01 03:21:00,0.0,0.0,0.0,0.0,0.0,0.0,0.0,0.0,0.0,0,0.0,16.1176,0.0,16.1176
2018-01-01 03:22:00,0.0,0.0,0.0,0.0,0.0,0.0,0.0,0.0,0.0,0,0.0,16.1052,0.0,16.1052
2018-01-01 03:23:00,0.0,0.0,0.0,0.0,0.0,0.0,0.0,0.0,0.0,0,0.0,16.0928,0.0,16.0928
2018-01-01 03:24:00,0.0,0.0,0.0,0.0,0.0,0.0,0.0,0.0,0.0,0,0.0,16.0804,0.0,16.0804
2018-01-01 03:25:00,0.0,0.0,0.0,0.0,0.0,0.0,0.0,0.0,0.0,0,0.0,16.067999999999998,0.0,16.067999999999998
2018-01-01 03:26:00,0.0,0.0,0.0,0.0,0.0,0.0,0.0,0.0,0.0,0,0.0,16.0556,0.0,16.0556
2018-01-01 03:27:00,0.0,0.0,0.0,0.0,0.0,0.0,0.0,0.0,0.0,0,0.0,16.0432,0.0,16.0432
2018-01-01 03:28:00,0.0,0.0,0.0,0.0,0.0,0.0,0.0,0.0,0.0,0,0.0,16.0308,0.0,16.0308
2018-01-01 03:29:00,0.0,0.0,0.0,0.0,0.0,0.0,0.0,0.0,0.0,0,0.0,16.0184,0.0,16.0184
2018-01-01 03:30:00,0.0,0.0,0.0,0.0,0.0,0.0,0.0,0.0,0.0,0,0.0,16.006,0.0,16.006
2018-01-01 03:31:00,0.0,0.0,0.0,0.0,0.0,0.0,0.0,0.0,0.0,0,0.0,16.035,0.0,16.035
2018-01-01 03:32:00,0.0,0.0,0.0,0.0,0.0,0.0,0.0,0.0,0.0,0,0.0,16.064,0.0,16.064
2018-01-01 03:33:00,0.0,0.0,0.0,0.0,0.0,0.0,0.0,0.0,0.0,0,0.0,16.093,0.0,16.093
2018-01-01 03:34:00,0.0,0.0,0.0,0.0,0.0,0.0,0.0,0.0,0.0,0,0.0,16.122,0.0,16.122
2018-01-01 03:35:00,0.0,0.0,0.0,0.0,0.0,0.0,0.0,0.0,0.0,0,0.0,16.151,0.0,16.151
2018-01-01 03:36:00,0.0,0.0,0.0,0.0,0.0,0.0,0.0,0.0,0.0,0,0.0,16.18,0.0,16.18
2018-01-01 03:37:00,0.0,0.0,0.0,0.0,0.0,0.0,0.0,0.0,0.0,0,0.0,16.209,0.0,16.209
2018-01-01 03:38:00,0.0,0.0,0.0,0.0,0.0,0.0,0.0,0.0,0.0,0,0.0,16.238,0.0,16.238
2018-01-01 03:39:00,0.0,0.0,0.0,0.0,0.0,0.0,0.0,0.0,0.0,0,0.0,16.267,0.0,16.267
2018-01-01 03:40:00,0.0,0.0,0.0,0.0,0.0,0.0,0.0,0.0,0.0,0,0.0,16.296,0.0,16.296
2018-01-01 03:41:00,0.0,0.0,0.0,0.0,0.0,0.0,0.0,0.0,0.0,0,0.0,16.3666,0.0,16.3666
2018-01-01 03:42:00,0.0,0.0,0.0,0.0,0.0,0.0,0.0,0.0,0.0,0,0.0,16.4372,0.0,16.4372
2018-01-01 03:43:00,0.0,0.0,0.0,0.0,0.0,0.0,0.0,0.0,0.0,0,0.0,16.5078,0.0,16.5078
2018-01-01 03:44:00,0.0,0.0,0.0,0.0,0.0,0.0,0.0,0.0,0.0,0,0.0,16.5784,0.0,16.5784
2018-01-01 03:45:00,0.0,0.0,0.0,0.0,0.0,0.0,0.0,0.0,0.0,0,0.0,16.649,0.0,16.649
2018-01-01 03:46:00,0.0,0.0,0.0,0.0,0.0,0.0,0.0,0.0,0.0,0,0.0,16.7196,0.0,16.7196
2018-01-01 03:47:00,0.0,0.0,0.0,0.0,0.0,0.0,0.0,0.0,0.0,0,0.0,16.7902,0.0,16.7902
2018-01-01 03:48:00,0.0,0.0,0.0,0.0,0.0,0.0,0.0,0.0,0.0,0,0.0,16.860799999999998,0.0,16.860799999999998
2018-01-01 03:49:00,0.0,0.0,0.0,0.0,0.0,0.0,0.0,0.0,0.0,0,0.0,16.9314,0.0,16.9314
2018-01-01 03:50:00,0.0,0.0,0.0,0.0,0.0,0.0,0.0,0.0,0.0,0,0.0,17.002,0.0,17.002
2018-01-01 03:51:00,0.0,0.0,0.0,0.0,0.0,0.0,0.0,0.0,0.0,0,0.0,16.9424,0.0,16.9424
2018-01-01 03:52:00,0.0,0.0,0.0,0.0,0.0,0.0,0.0,0.0,0.0,0,0.0,16.8828,0.0,16.8828
2018-01-01 03:53:00,0.0,0.0,0.0,0.0,0.0,0.0,0.0,0.0,0.0,0,0.0,16.8232,0.0,16.8232
2018-01-01 03:54:00,0.0,0.0,0.0,0.0,0.0,0.0,0.0,0.0,0.0,0,0.0,16.7636,0.0,16.7636
2018-01-01 03:55:00,0.0,0.0,0.0,0.0,0.0,0.0,0.0,0.0,0.0,0,0.0,16.704,0.0,16.704
2018-01-01 03:56:00,0.0,0.0,0.0,0.0,0.0,0.0,0.0,0.0,0.0,0,0.0,16.644399999999997,0.0,16.644399999999997
2018-01-01 03:57:00,0.0,0.0,0.0,0.0,0.0,0.0,0.0,0.0,0.0,0,0.0,16.584799999999998,0.0,16.584799999999998
2018-01-01 03:58:00,0.0,0.0,0.0,0.0,0.0,0.0,0.0,0.0,0.0,0,0.0,16.525199999999998,0.0,16.525199999999998
2018-01-01 03:59:00,0.0,0.0,0.0,0.0,0.0,0.0,0.0,0.0,0.0,0,0.0,16.4656,0.0,16.4656
2018-01-01 04:00:00,0.0,0.0,0.0,0.0,0.0,0.0,0.0,0.0,0.0,0,0.0,16.406,0.0,16.406
2018-01-01 04:01:00,0.0,0.0,0.0,0.0,0.0,0.0,0.0,0.0,0.0,0,0.0,16.3752,0.0,16.3752
2018-01-01 04:02:00,0.0,0.0,0.0,0.0,0.0,0.0,0.0,0.0,0.0,0,0.0,16.3444,0.0,16.3444
2018-01-01 04:03:00,0.0,0.0,0.0,0.0,0.0,0.0,0.0,0.0,0.0,0,0.0,16.313599999999997,0.0,16.313599999999997
2018-01-01 04:04:00,0.0,0.0,0.0,0.0,0.0,0.0,0.0,0.0,0.0,0,0.0,16.282799999999998,0.0,16.282799999999998
2018-01-01 04:05:00,0.0,0.0,0.0,0.0,0.0,0.0,0.0,0.0,0.0,0,0.0,16.252,0.0,16.252
2018-01-01 04:06:00,0.0,0.0,0.0,0.0,0.0,0.0,0.0,0.0,0.0,0,0.0,16.2212,0.0,16.2212
2018-01-01 04:07:00,0.0,0.0,0.0,0.0,0.0,0.0,0.0,0.0,0.0,0,0.0,16.1904,0.0,16.1904
2018-01-01 04:08:00,0.0,0.0,0.0,0.0,0.0,0.0,0.0,0.0,0.0,0,0.0,16.159599999999998,0.0,16.159599999999998
2018-01-01 04:09:00,0.0,0.0,0.0,0.0,0.0,0.0,0.0,0.0,0.0,0,0.0,16.1288,0.0,16.1288
2018-01-01 04:10:00,0.0,0.0,0.0,0.0,0.0,0.0,0.0,0.0,0.0,0,0.0,16.098,0.0,16.098
2018-01-01 04:11:00,0.0,0.0,0.0,0.0,0.0,0.0,0.0,0.0,0.0,0,0.0,16.0004,0.0,16.0004
2018-01-01 04:12:00,0.0,0.0,0.0,0.0,0.0,0.0,0.0,0.0,0.0,0,0.0,15.9028,0.0,15.9028
2018-01-01 04:13:00,0.0,0.0,0.0,0.0,0.0,0.0,0.0,0.0,0.0,0,0.0,15.8052,0.0,15.8052
2018-01-01 04:14:00,0.0,0.0,0.0,0.0,0.0,0.0,0.0,0.0,0.0,0,0.0,15.7076,0.0,15.7076
2018-01-01 04:15:00,0.0,0.0,0.0,0.0,0.0,0.0,0.0,0.0,0.0,0,0.0,15.61,0.0,15.61
2018-01-01 04:16:00,0.0,0.0,0.0,0.0,0.0,0.0,0.0,0.0,0.0,0,0.0,15.5124,0.0,15.5124
2018-01-01 04:17:00,0.0,0.0,0.0,0.0,0.0,0.0,0.0,0.0,0.0,0,0.0,15.4148,0.0,15.4148
2018-01-01 04:18:00,0.0,0.0,0.0,0.0,0.0,0.0,0.0,0.0,0.0,0,0.0,15.3172,0.0,15.3172
2018-01-01 04:19:00,0.0,0.0,0.0,0.0,0.0,0.0,0.0,0.0,0.0,0,0.0,15.2196,0.0,15.2196
2018-01-01 04:20:00,0.0,0.0,0.0,0.0,0.0,0.0,0.0,0.0,0.0,0,0.0,15.122,0.0,15.122
2018-01-01 04:21:00,0.0,0.0,0.0,0.0,0.0,0.0,0.0,0.0,0.0,0,0.0,15.1851,0.0,15.1851
2018-01-01 04:22:00,0.0,0.0,0.0,0.0,0.0,0.0,0.0,0.0,0.0,0,0.0,15.2482,0.0,15.2482
2018-01-01 04:23:00,0.0,0.0,0.0,0.0,0.0,0.0,0.0,0.0,0.0,0,0.0,15.3113,0.0,15.3113
2018-01-01 04:24:00,0.0,0.0,0.0,0.0,0.0,0.0,0.0,0.0,0.0,0,0.0,15.3744,0.0,15.3744
2018-01-01 04:25:00,0.0,0.0,0.0,0.0,0.0,0.0,0.0,0.0,0.0,0,0.0,15.4375,0.0,15.4375
2018-01-01 04:26:00,0.0,0.0,0.0,0.0,0.0,0.0,0.0,0.0,0.0,0,0.0,15.5006,0.0,15.5006
2018-01-01 04:27:00,0.0,0.0,0.0,0.0,0.0,0.0,0.0,0.0,0.0,0,0.0,15.5637,0.0,15.5637
2018-01-01 04:28:00,0.0,0.0,0.0,0.0,0.0,0.0,0.0,0.0,0.0,0,0.0,15.6268,0.0,15.6268
2018-01-01 04:29:00,0.0,0.0,0.0,0.0,0.0,0.0,0.0,0.0,0.0,0,0.0,15.6899,0.0,15.6899
2018-01-01 04:30:00,0.0,0.0,0.0,0.0,0.0,0.0,0.0,0.0,0.0,0,0.0,15.753,0.0,15.753
2018-01-01 04:31:00,0.0,0.0,0.0,0.0,0.0,0.0,0.0,0.0,0.0,0,0.0,15.7972,0.0,15.7972
2018-01-01 04:32:00,0.0,0.0,0.0,0.0,0.0,0.0,0.0,0.0,0.0,0,0.0,15.8414,0.0,15.8414
2018-01-01 04:33:00,0.0,0.0,0.0,0.0,0.0,0.0,0.0,0.0,0.0,0,0.0,15.8856,0.0,15.8856
2018-01-01 04:34:00,0.0,0.0,0.0,0.0,0.0,0.0,0.0,0.0,0.0,0,0.0,15.9298,0.0,15.9298
2018-01-01 04:35:00,0.0,0.0,0.0,0.0,0.0,0.0,0.0,0.0,0.0,0,0.0,15.974,0.0,15.974
2018-01-01 04:36:00,0.0,0.0,0.0,0.0,0.0,0.0,0.0,0.0,0.0,0,0.0,16.0182,0.0,16.0182
2018-01-01 04:37:00,0.0,0.0,0.0,0.0,0.0,0.0,0.0,0.0,0.0,0,0.0,16.0624,0.0,16.0624
2018-01-01 04:38:00,0.0,0.0,0.0,0.0,0.0,0.0,0.0,0.0,0.0,0,0.0,16.1066,0.0,16.1066
2018-01-01 04:39:00,0.0,0.0,0.0,0.0,0.0,0.0,0.0,0.0,0.0,0,0.0,16.1508,0.0,16.1508
2018-01-01 04:40:00,0.0,0.0,0.0,0.0,0.0,0.0,0.0,0.0,0.0,0,0.0,16.195,0.0,16.195
2018-01-01 04:41:00,0.0,0.0,0.0,0.0,0.0,0.0,0.0,0.0,0.0,0,0.0,16.5186,0.0,16.5186
2018-01-01 04:42:00,0.0,0.0,0.0,0.0,0.0,0.0,0.0,0.0,0.0,0,0.0,16.842200000000002,0.0,16.842200000000002
2018-01-01 04:43:00,0.0,0.0,0.0,0.0,0.0,0.0,0.0,0.0,0.0,0,0.0,17.1658,0.0,17.1658
2018-01-01 04:44:00,0.0,0.0,0.0,0.0,0.0,0.0,0.0,0.0,0.0,0,0.0,17.4894,0.0,17.4894
2018-01-01 04:45:00,0.0,0.0,0.0,0.0,0.0,0.0,0.0,0.0,0.0,0,0.0,17.813000000000002,0.0,17.813000000000002
2018-01-01 04:46:00,0.0,0.0,0.0,0.0,0.0,0.0,0.0,0.0,0.0,0,0.0,18.1366,0.0,18.1366
2018-01-01 04:47:00,0.0,0.0,0.0,0.0,0.0,0.0,0.0,0.0,0.0,0,0.0,18.4602,0.0,18.4602
2018-01-01 04:48:00,0.0,0.0,0.0,0.0,0.0,0.0,0.0,0.0,0.0,0,0.0,18.7838,0.0,18.7838
2018-01-01 04:49:00,0.0,0.0,0.0,0.0,0.0,0.0,0.0,0.0,0.0,0,0.0,19.107400000000002,0.0,19.107400000000002
2018-01-01 04:50:00,0.0,0.0,0.0,0.0,0.0,0.0,0.0,0.0,0.0,0,0.0,19.431,0.0,19.431
2018-01-01 04:51:00,0.0,0.0,0.0,0.0,0.0,0.0,0.0,0.0,0.0,0,0.0,20.4159,0.0,20.4159
2018-01-01 04:52:00,0.0,0.0,0.0,0.0,0.0,0.0,0.0,0.0,0.0,0,0.0,21.4008,0.0,21.4008
2018-01-01 04:53:00,0.0,0.0,0.0,0.0,0.0,0.0,0.0,0.0,0.0,0,0.0,22.3857,0.0,22.3857
2018-01-01 04:54:00,0.0,0.0,0.0,0.0,0.0,0.0,0.0,0.0,0.0,0,0.0,23.3706,0.0,23.3706
2018-01-01 04:55:00,0.0,0.0,0.0,0.0,0.0,0.0,0.0,0.0,0.0,0,0.0,24.3555,0.0,24.3555
2018-01-01 04:56:00,0.0,0.0,0.0,0.0,0.0,0.0,0.0,0.0,0.0,0,0.0,25.340400000000002,0.0,25.340400000000002
2018-01-01 04:57:00,0.0,0.0,0.0,0.0,0.0,0.0,0.0,0.0,0.0,0,0.0,26.325300000000002,0.0,26.325300000000002
2018-01-01 04:58:00,0.0,0.0,0.0,0.0,0.0,0.0,0.0,0.0,0.0,0,0.0,27.310200000000002,0.0,27.310200000000002
2018-01-01 04:59:00,0.0,0.0,0.0,0.0,0.0,0.0,0.0,0.0,0.0,0,0.0,28.2951,0.0,28.2951
2018-01-01 05:00:00,0.0,0.0,0.0,0.0,0.0,0.0,0.0,0.0,0.0,0,0.0,29.28,0.0,29.28
2018-01-01 05:01:00,0.0,0.0,0.0,0.0,0.0,0.0,0.0,0.0,0.0,0,0.0,29.407400000000003,0.0,29.407400000000003
2018-01-01 05:02:00,0.0,0.0,0.0,0.0,0.0,0.0,0.0,0.0,0.0,0,0.0,29.5348,0.0,29.5348
2018-01-01 05:03:00,0.0,0.0,0.0,0.0,0.0,0.0,0.0,0.0,0.0,0,0.0,29.6622,0.0,29.6622
2018-01-01 05:04:00,0.0,0.0,0.0,0.0,0.0,0.0,0.0,0.0,0.0,0,0.0,29.7896,0.0,29.7896
2018-01-01 05:05:00,0.0,0.0,0.0,0.0,0.0,0.0,0.0,0.0,0.0,0,0.0,29.917,0.0,29.917
2018-01-01 05:06:00,0.0,0.0,0.0,0.0,0.0,0.0,0.0,0.0,0.0,0,0.0,30.0444,0.0,30.0444
2018-01-01 05:07:00,0.0,0.0,0.0,0.0,0.0,0.0,0.0,0.0,0.0,0,0.0,30.171799999999998,0.0,30.171799999999998
2018-01-01 05:08:00,0.0,0.0,0.0,0.0,0.0,0.0,0.0,0.0,0.0,0,0.0,30.2992,0.0,30.2992
2018-01-01 05:09:00,0.0,0.0,0.0,0.0,0.0,0.0,0.0,0.0,0.0,0,0.0,30.4266,0.0,30.4266
2018-01-01 05:10:00,0.0,0.0,0.0,0.0,0.0,0.0,0.0,0.0,0.0,0,0.0,30.554,0.0,30.554
2018-01-01 05:11:00,0.0,0.0,0.0,0.0,0.0,0.0,0.0,0.0,0.0,0,0.0,31.0792,0.0,31.0792
2018-01-01 05:12:00,0.0,0.0,0.0,0.0,0.0,0.0,0.0,0.0,0.0,0,0.0,31.6044,0.0,31.6044
2018-01-01 05:13:00,0.0,0.0,0.0,0.0,0.0,0.0,0.0,0.0,0.0,0,0.0,32.129599999999996,0.0,32.129599999999996
2018-01-01 05:14:00,0.0,0.0,0.0,0.0,0.0,0.0,0.0,0.0,0.0,0,0.0,32.654799999999994,0.0,32.654799999999994
2018-01-01 05:15:00,0.0,0.0,0.0,0.0,0.0,0.0,0.0,0.0,0.0,0,0.0,33.18,0.0,33.18
2018-01-01 05:16:00,0.0,0.0,0.0,0.0,0.0,0.0,0.0,0.0,0.0,0,0.0,33.7052,0.0,33.7052
2018-01-01 05:17:00,0.0,0.0,0.0,0.0,0.0,0.0,0.0,0.0,0.0,0,0.0,34.230399999999996,0.0,34.230399999999996
2018-01-01 05:18:00,0.0,0.0,0.0,0.0,0.0,0.0,0.0,0.0,0.0,0,0.0,34.7556,0.0,34.7556
2018-01-01 05:19:00,0.0,0.0,0.0,0.0,0.0,0.0,0.0,0.0,0.0,0,0.0,35.2808,0.0,35.2808
2018-01-01 05:20:00,0.0,0.0,0.0,0.0,0.0,0.0,0.0,0.0,0.0,0,0.0,35.806,0.0,35.806
2018-01-01 05:21:00,0.0,0.0,0.0,0.0,0.0,0.0,0.0,0.0,0.0,0,0.0,35.891799999999996,0.0,35.891799999999996
2018-01-01 05:22:00,0.0,0.0,0.0,0.0,0.0,0.0,0.0,0.0,0.0,0,0.0,35.977599999999995,0.0,35.977599999999995
2018-01-01 05:23:00,0.0,0.0,0.0,0.0,0.0,0.0,0.0,0.0,0.0,0,0.0,36.0634,0.0,36.0634
2018-01-01 05:24:00,0.0,0.0,0.0,0.0,0.0,0.0,0.0,0.0,0.0,0,0.0,36.1492,0.0,36.1492
2018-01-01 05:25:00,0.0,0.0,0.0,0.0,0.0,0.0,0.0,0.0,0.0,0,0.0,36.235,0.0,36.235
2018-01-01 05:26:00,0.0,0.0,0.0,0.0,0.0,0.0,0.0,0.0,0.0,0,0.0,36.3208,0.0,36.3208
2018-01-01 05:27:00,0.0,0.0,0.0,0.0,0.0,0.0,0.0,0.0,0.0,0,0.0,36.4066,0.0,36.4066
2018-01-01 05:28:00,0.0,0.0,0.0,0.0,0.0,0.0,0.0,0.0,0.0,0,0.0,36.4924,0.0,36.4924
2018-01-01 05:29:00,0.0,0.0,0.0,0.0,0.0,0.0,0.0,0.0,0.0,0,0.0,36.5782,0.0,36.5782
2018-01-01 05:30:00,0.0,0.0,0.0,0.0,0.0,0.0,0.0,0.0,0.0,0,0.0,36.664,0.0,36.664
2018-01-01 05:31:00,0.0,0.0,0.0,0.0,0.0,0.0,0.0,0.0,0.0,0,0.0,35.9874,0.0,35.9874
2018-01-01 05:32:00,0.0,0.0,0.0,0.0,0.0,0.0,0.0,0.0,0.0,0,0.0,35.3108,0.0,35.3108
2018-01-01 05:33:00,0.0,0.0,0.0,0.0,0.0,0.0,0.0,0.0,0.0,0,0.0,34.6342,0.0,34.6342
2018-01-01 05:34:00,0.0,0.0,0.0,0.0,0.0,0.0,0.0,0.0,0.0,0,0.0,33.9576,0.0,33.9576
2018-01-01 05:35:00,0.0,0.0,0.0,0.0,0.0,0.0,0.0,0.0,0.0,0,0.0,33.281,0.0,33.281
2018-01-01 05:36:00,0.0,0.0,0.0,0.0,0.0,0.0,0.0,0.0,0.0,0,0.0,32.6044,0.0,32.6044
2018-01-01 05:37:00,0.0,0.0,0.0,0.0,0.0,0.0,0.0,0.0,0.0,0,0.0,31.9278,0.0,31.9278
2018-01-01 05:38:00,0.0,0.0,0.0,0.0,0.0,0.0,0.0,0.0,0.0,0,0.0,31.2512,0.0,31.2512
2018-01-01 05:39:00,0.0,0.0,0.0,0.0,0.0,0.0,0.0,0.0,0.0,0,0.0,30.5746,0.0,30.5746
2018-01-01 05:40:00,0.0,0.0,0.0,0.0,0.0,0.0,0.0,0.0,0.0,0,0.0,29.898,0.0,29.898
2018-01-01 05:41:00,0.0,0.0,0.0,0.0,0.0,0.0,0.0,0.0,0.0,0,0.0,29.9843,0.0,29.9843
2018-01-01 05:42:00,0.0,0.0,0.0,0.0,0.0,0.0,0.0,0.0,0.0,0,0.0,30.0706,0.0,30.0706
2018-01-01 05:43:00,0.0,0.0,0.0,0.0,0.0,0.0,0.0,0.0,0.0,0,0.0,30.1569,0.0,30.1569
2018-01-01 05:44:00,0.0,0.0,0.0,0.0,0.0,0.0,0.0,0.0,0.0,0,0.0,30.243199999999998,0.0,30.243199999999998
2018-01-01 05:45:00,0.0,0.0,0.0,0.0,0.0,0.0,0.0,0.0,0.0,0,0.0,30.3295,0.0,30.3295
2018-01-01 05:46:00,0.0,0.0,0.0,0.0,0.0,0.0,0.0,0.0,0.0,0,0.0,30.4158,0.0,30.4158
2018-01-01 05:47:00,0.0,0.0,0.0,0.0,0.0,0.0,0.0,0.0,0.0,0,0.0,30.5021,0.0,30.5021
2018-01-01 05:48:00,0.0,0.0,0.0,0.0,0.0,0.0,0.0,0.0,0.0,0,0.0,30.5884,0.0,30.5884
2018-01-01 05:49:00,0.0,0.0,0.0,0.0,0.0,0.0,0.0,0.0,0.0,0,0.0,30.674699999999998,0.0,30.674699999999998
2018-01-01 05:50:00,0.0,0.0,0.0,0.0,0.0,0.0,0.0,0.0,0.0,0,0.0,30.761,0.0,30.761
2018-01-01 05:51:00,0.0,0.0,0.0,0.0,0.0,0.0,0.0,0.0,0.0,0,0.0,30.703599999999998,0.0,30.703599999999998
2018-01-01 05:52:00,0.0,0.0,0.0,0.0,0.0,0.0,0.0,0.0,0.0,0,0.0,30.6462,0.0,30.6462
2018-01-01 05:53:00,0.0,0.0,0.0,0.0,0.0,0.0,0.0,0.0,0.0,0,0.0,30.5888,0.0,30.5888
2018-01-01 05:54:00,0.0,0.0,0.0,0.0,0.0,0.0,0.0,0.0,0.0,0,0.0,30.5314,0.0,30.5314
2018-01-01 05:55:00,0.0,0.0,0.0,0.0,0.0,0.0,0.0,0.0,0.0,0,0.0,30.474,0.0,30.474
2018-01-01 05:56:00,0.0,0.0,0.0,0.0,0.0,0.0,0.0,0.0,0.0,0,0.0,30.4166,0.0,30.4166
2018-01-01 05:57:00,0.0,0.0,0.0,0.0,0.0,0.0,0.0,0.0,0.0,0,0.0,30.3592,0.0,30.3592
2018-01-01 05:58:00,0.0,0.0,0.0,0.0,0.0,0.0,0.0,0.0,0.0,0,0.0,30.3018,0.0,30.3018
2018-01-01 05:59:00,0.0,0.0,0.0,0.0,0.0,0.0,0.0,0.0,0.0,0,0.0,30.244400000000002,0.0,30.244400000000002
2018-01-01 06:00:00,0.0,0.0,0.0,0.0,0.0,0.0,0.0,0.0,0.0,0,0.0,30.187,0.0,30.187
2018-01-01 06:01:00,0.0,0.0,0.0,0.0,0.0,0.0,0.0,0.0,0.0,0,0.0,30.169600000000003,0.0,30.169600000000003
2018-01-01 06:02:00,0.0,0.0,0.0,0.0,0.0,0.0,0.0,0.0,0.0,0,0.0,30.1522,0.0,30.1522
2018-01-01 06:03:00,0.0,0.0,0.0,0.0,0.0,0.0,0.0,0.0,0.0,0,0.0,30.134800000000002,0.0,30.134800000000002
2018-01-01 06:04:00,0.0,0.0,0.0,0.0,0.0,0.0,0.0,0.0,0.0,0,0.0,30.1174,0.0,30.1174
2018-01-01 06:05:00,0.0,0.0,0.0,0.0,0.0,0.0,0.0,0.0,0.0,0,0.0,30.1,0.0,30.1
2018-01-01 06:06:00,0.0,0.0,0.0,0.0,0.0,0.0,0.0,0.0,0.0,0,0.0,30.082600000000003,0.0,30.082600000000003
2018-01-01 06:07:00,0.0,0.0,0.0,0.0,0.0,0.0,0.0,0.0,0.0,0,0.0,30.0652,0.0,30.0652
2018-01-01 06:08:00,0.0,0.0,0.0,0.0,0.0,0.0,0.0,0.0,0.0,0,0.0,30.047800000000002,0.0,30.047800000000002
2018-01-01 06:09:00,0.0,0.0,0.0,0.0,0.0,0.0,0.0,0.0,0.0,0,0.0,30.0304,0.0,30.0304
2018-01-01 06:10:00,0.0,0.0,0.0,0.0,0.0,0.0,0.0,0.0,0.0,0,0.0,30.013,0.0,30.013
2018-01-01 06:11:00,0.0,0.0,0.0,0.0,0.0,0.0,0.0,0.0,0.0,0,0.0,30.4875,0.0,30.4875
2018-01-01 06:12:00,0.0,0.0,0.0,0.0,0.0,0.0,0.0,0.0,0.0,0,0.0,30.962000000000003,0.0,30.962000000000003
2018-01-01 06:13:00,0.0,0.0,0.0,0.0,0.0,0.0,0.0,0.0,0.0,0,0.0,31.436500000000002,0.0,31.436500000000002
2018-01-01 06:14:00,0.0,0.0,0.0,0.0,0.0,0.0,0.0,0.0,0.0,0,0.0,31.911,0.0,31.911
2018-01-01 06:15:00,0.0,0.0,0.0,0.0,0.0,0.0,0.0,0.0,0.0,0,0.0,32.3855,0.0,32.3855
2018-01-01 06:16:00,0.0,0.0,0.0,0.0,0.0,0.0,0.0,0.0,0.0,0,0.0,32.86,0.0,32.86
2018-01-01 06:17:00,0.0,0.0,0.0,0.0,0.0,0.0,0.0,0.0,0.0,0,0.0,33.334500000000006,0.0,33.334500000000006
2018-01-01 06:18:00,0.0,0.0,0.0,0.0,0.0,0.0,0.0,0.0,0.0,0,0.0,33.809000000000005,0.0,33.809000000000005
2018-01-01 06:19:00,0.0,0.0,0.0,0.0,0.0,0.0,0.0,0.0,0.0,0,0.0,34.283500000000004,0.0,34.283500000000004
2018-01-01 06:20:00,0.0,0.0,0.0,0.0,0.0,0.0,0.0,0.0,0.0,0,0.0,34.758,0.0,34.758
2018-01-01 06:21:00,0.0,0.0,0.0,0.0,0.0,0.0,0.0,0.0,0.0,0,0.0,34.4885,0.0,34.4885
2018-01-01 06:22:00,0.0,0.0,0.0,0.0,0.0,0.0,0.0,0.0,0.0,0,0.0,34.219,0.0,34.219
2018-01-01 06:23:00,0.0,0.0,0.0,0.0,0.0,0.0,0.0,0.0,0.0,0,0.0,33.9495,0.0,33.9495
2018-01-01 06:24:00,0.0,0.0,0.0,0.0,0.0,0.0,0.0,0.0,0.0,0,0.0,33.68,0.0,33.68
2018-01-01 06:25:00,0.0,0.0,0.0,0.0,0.0,0.0,0.0,0.0,0.0,0,0.0,33.4105,0.0,33.4105
2018-01-01 06:26:00,0.0,0.0,0.0,0.0,0.0,0.0,0.0,0.0,0.0,0,0.0,33.141000000000005,0.0,33.141000000000005
2018-01-01 06:27:00,0.0,0.0,0.0,0.0,0.0,0.0,0.0,0.0,0.0,0,0.0,32.871500000000005,0.0,32.871500000000005
2018-01-01 06:28:00,0.0,0.0,0.0,0.0,0.0,0.0,0.0,0.0,0.0,0,0.0,32.602000000000004,0.0,32.602000000000004
2018-01-01 06:29:00,0.0,0.0,0.0,0.0,0.0,0.0,0.0,0.0,0.0,0,0.0,32.3325,0.0,32.3325
2018-01-01 06:30:00,0.0,0.0,0.0,0.0,0.0,0.0,0.0,0.0,0.0,0,0.0,32.063,0.0,32.063
2018-01-01 06:31:00,0.0,0.0,0.0,0.0,0.0,0.0,0.0,0.0,0.0,0,0.0,32.078500000000005,0.0,32.078500000000005
2018-01-01 06:32:00,0.0,0.0,0.0,0.0,0.0,0.0,0.0,0.0,0.0,0,0.0,32.094,0.0,32.094
2018-01-01 06:33:00,0.0,0.0,0.0,0.0,0.0,0.0,0.0,0.0,0.0,0,0.0,32.109500000000004,0.0,32.109500000000004
2018-01-01 06:34:00,0.0,0.0,0.0,0.0,0.0,0.0,0.0,0.0,0.0,0,0.0,32.125,0.0,32.125
2018-01-01 06:35:00,0.0,0.0,0.0,0.0,0.0,0.0,0.0,0.0,0.0,0,0.0,32.1405,0.0,32.1405
2018-01-01 06:36:00,0.0,0.0,0.0,0.0,0.0,0.0,0.0,0.0,0.0,0,0.0,32.156000000000006,0.0,32.156000000000006
2018-01-01 06:37:00,0.0,0.0,0.0,0.0,0.0,0.0,0.0,0.0,0.0,0,0.0,32.1715,0.0,32.1715
2018-01-01 06:38:00,0.0,0.0,0.0,0.0,0.0,0.0,0.0,0.0,0.0,0,0.0,32.187000000000005,0.0,32.187000000000005
2018-01-01 06:39:00,0.0,0.0,0.0,0.0,0.0,0.0,0.0,0.0,0.0,0,0.0,32.2025,0.0,32.2025
2018-01-01 06:40:00,0.0,0.0,0.0,0.0,0.0,0.0,0.0,0.0,0.0,0,0.0,32.218,0.0,32.218
2018-01-01 06:41:00,0.0,0.0,0.0,0.0,0.0,0.0,0.0,0.0,0.0,0,0.0,32.0244,0.0,32.0244
2018-01-01 06:42:00,0.0,0.0,0.0,0.0,0.0,0.0,0.0,0.0,0.0,0,0.0,31.830800000000004,0.0,31.830800000000004
2018-01-01 06:43:00,0.0,0.0,0.0,0.0,0.0,0.0,0.0,0.0,0.0,0,0.0,31.637200000000004,0.0,31.637200000000004
2018-01-01 06:44:00,0.0,0.0,0.0,0.0,0.0,0.0,0.0,0.0,0.0,0,0.0,31.443600000000004,0.0,31.443600000000004
2018-01-01 06:45:00,0.0,0.0,0.0,0.0,0.0,0.0,0.0,0.0,0.0,0,0.0,31.25,0.0,31.25
2018-01-01 06:46:00,0.0,0.0,0.0,0.0,0.0,0.0,0.0,0.0,0.0,0,0.0,31.0564,0.0,31.0564
2018-01-01 06:47:00,0.0,0.0,0.0,0.0,0.0,0.0,0.0,0.0,0.0,0,0.0,30.8628,0.0,30.8628
2018-01-01 06:48:00,0.0,0.0,0.0,0.0,0.0,0.0,0.0,0.0,0.0,0,0.0,30.6692,0.0,30.6692
2018-01-01 06:49:00,0.0,0.0,0.0,0.0,0.0,0.0,0.0,0.0,0.0,0,0.0,30.4756,0.0,30.4756
2018-01-01 06:50:00,0.0,0.0,0.0,0.0,0.0,0.0,0.0,0.0,0.0,0,0.0,30.282,0.0,30.282
2018-01-01 06:51:00,0.0,0.0,0.0,0.0,0.0,0.0,0.0,0.0,0.0,0,0.0,30.5211,0.0,30.5211
2018-01-01 06:52:00,0.0,0.0,0.0,0.0,0.0,0.0,0.0,0.0,0.0,0,0.0,30.7602,0.0,30.7602
2018-01-01 06:53:00,0.0,0.0,0.0,0.0,0.0,0.0,0.0,0.0,0.0,0,0.0,30.9993,0.0,30.9993
2018-01-01 06:54:00,0.0,0.0,0.0,0.0,0.0,0.0,0.0,0.0,0.0,0,0.0,31.238400000000002,0.0,31.238400000000002
2018-01-01 06:55:00,0.0,0.0,0.0,0.0,0.0,0.0,0.0,0.0,0.0,0,0.0,31.4775,0.0,31.4775
2018-01-01 06:56:00,0.0,0.0,0.0,0.0,0.0,0.0,0.0,0.0,0.0,0,0.0,31.7166,0.0,31.7166
2018-01-01 06:57:00,0.0,0.0,0.0,0.0,0.0,0.0,0.0,0.0,0.0,0,0.0,31.9557,0.0,31.9557
2018-01-01 06:58:00,0.0,0.0,0.0,0.0,0.0,0.0,0.0,0.0,0.0,0,0.0,32.1948,0.0,32.1948
2018-01-01 06:59:00,0.0,0.0,0.0,0.0,0.0,0.0,0.0,0.0,0.0,0,0.0,32.4339,0.0,32.4339
2018-01-01 07:00:00,0.0,0.0,0.0,0.0,0.0,0.0,0.0,0.0,0.0,0,0.0,32.673,0.0,32.673
2018-01-01 07:01:00,0.0,0.0,0.0,0.0,0.0,0.0,0.0,0.0,0.0,0,0.0,33.0818,0.0,33.0818
2018-01-01 07:02:00,0.0,0.0,0.0,0.0,0.0,0.0,0.0,0.0,0.0,0,0.0,33.4906,0.0,33.4906
2018-01-01 07:03:00,0.0,0.0,0.0,0.0,0.0,0.0,0.0,0.0,0.0,0,0.0,33.8994,0.0,33.8994
2018-01-01 07:04:00,0.0,0.0,0.0,0.0,0.0,0.0,0.0,0.0,0.0,0,0.0,34.3082,0.0,34.3082
2018-01-01 07:05:00,0.0,0.0,0.0,0.0,0.0,0.0,0.0,0.0,0.0,0,0.0,34.717,0.0,34.717
2018-01-01 07:06:00,0.0,0.0,0.0,0.0,0.0,0.0,0.0,0.0,0.0,0,0.0,35.125800000000005,0.0,35.125800000000005
2018-01-01 07:07:00,0.0,0.0,0.0,0.0,0.0,0.0,0.0,0.0,0.0,0,0.0,35.534600000000005,0.0,35.534600000000005
2018-01-01 07:08:00,0.0,0.0,0.0,0.0,0.0,0.0,0.0,0.0,0.0,0,0.0,35.943400000000004,0.0,35.943400000000004
2018-01-01 07:09:00,0.0,0.0,0.0,0.0,0.0,0.0,0.0,0.0,0.0,0,0.0,36.3522,0.0,36.3522
2018-01-01 07:10:00,0.0,0.0,0.0,0.0,0.0,0.0,0.0,0.0,0.0,0,0.0,36.761,0.0,36.761
2018-01-01 07:11:00,0.0,0.0,0.0,0.0,0.0,0.0,0.0,0.0,0.0,0,0.0,36.5054,0.0,36.5054
2018-01-01 07:12:00,0.0,0.0,0.0,0.0,0.0,0.0,0.0,0.0,0.0,0,0.0,36.2498,0.0,36.2498
2018-01-01 07:13:00,0.0,0.0,0.0,0.0,0.0,0.0,0.0,0.0,0.0,0,0.0,35.9942,0.0,35.9942
2018-01-01 07:14:00,0.0,0.0,0.0,0.0,0.0,0.0,0.0,0.0,0.0,0,0.0,35.7386,0.0,35.7386
2018-01-01 07:15:00,0.0,0.0,0.0,0.0,0.0,0.0,0.0,0.0,0.0,0,0.0,35.483000000000004,0.0,35.483000000000004
2018-01-01 07:16:00,0.0,0.0,0.0,0.0,0.0,0.0,0.0,0.0,0.0,0,0.0,35.2274,0.0,35.2274
2018-01-01 07:17:00,0.0,0.0,0.0,0.0,0.0,0.0,0.0,0.0,0.0,0,0.0,34.9718,0.0,34.9718
2018-01-01 07:18:00,0.0,0.0,0.0,0.0,0.0,0.0,0.0,0.0,0.0,0,0.0,34.7162,0.0,34.7162
2018-01-01 07:19:00,0.0,0.0,0.0,0.0,0.0,0.0,0.0,0.0,0.0,0,0.0,34.4606,0.0,34.4606
2018-01-01 07:20:00,0.0,0.0,0.0,0.0,0.0,0.0,0.0,0.0,0.0,0,0.0,34.205,0.0,34.205
2018-01-01 07:21:00,0.0,0.0,0.0,0.0,0.0,0.0,0.0,0.0,0.0,0,0.0,34.294,0.0,34.294
2018-01-01 07:22:00,0.0,0.0,0.0,0.0,0.0,0.0,0.0,0.0,0.0,0,0.0,34.382999999999996,0.0,34.382999999999996
2018-01-01 07:23:00,0.0,0.0,0.0,0.0,0.0,0.0,0.0,0.0,0.0,0,0.0,34.472,0.0,34.472
2018-01-01 07:24:00,0.0,0.0,0.0,0.0,0.0,0.0,0.0,0.0,0.0,0,0.0,34.561,0.0,34.561
2018-01-01 07:25:00,0.0,0.0,0.0,0.0,0.0,0.0,0.0,0.0,0.0,0,0.0,34.65,0.0,34.65
2018-01-01 07:26:00,0.0,0.0,0.0,0.0,0.0,0.0,0.0,0.0,0.0,0,0.0,34.739,0.0,34.739
2018-01-01 07:27:00,0.0,0.0,0.0,0.0,0.0,0.0,0.0,0.0,0.0,0,0.0,34.827999999999996,0.0,34.827999999999996
2018-01-01 07:28:00,0.0,0.0,0.0,0.0,0.0,0.0,0.0,0.0,0.0,0,0.0,34.917,0.0,34.917
2018-01-01 07:29:00,0.0,0.0,0.0,0.0,0.0,0.0,0.0,0.0,0.0,0,0.0,35.006,0.0,35.006
2018-01-01 07:30:00,0.0,0.0,0.0,0.0,0.0,0.0,0.0,0.0,0.0,0,0.0,35.095,0.0,35.095
2018-01-01 07:31:00,0.0,0.0,0.0,0.0,0.0,0.0,0.0,0.0,0.0,0,0.0,35.3378,0.0,35.3378
2018-01-01 07:32:00,0.0,0.0,0.0,0.0,0.0,0.0,0.0,0.0,0.0,0,0.0,35.5806,0.0,35.5806
2018-01-01 07:33:00,0.0,0.0,0.0,0.0,0.0,0.0,0.0,0.0,0.0,0,0.0,35.8234,0.0,35.8234
2018-01-01 07:34:00,0.0,0.0,0.0,0.0,0.0,0.0,0.0,0.0,0.0,0,0.0,36.0662,0.0,36.0662
2018-01-01 07:35:00,0.0,0.0,0.0,0.0,0.0,0.0,0.0,0.0,0.0,0,0.0,36.309,0.0,36.309
2018-01-01 07:36:00,0.0,0.0,0.0,0.0,0.0,0.0,0.0,0.0,0.0,0,0.0,36.5518,0.0,36.5518
2018-01-01 07:37:00,0.0,0.0,0.0,0.0,0.0,0.0,0.0,0.0,0.0,0,0.0,36.7946,0.0,36.7946
2018-01-01 07:38:00,0.0,0.0,0.0,0.0,0.0,0.0,0.0,0.0,0.0,0,0.0,37.037400000000005,0.0,37.037400000000005
2018-01-01 07:39:00,0.0,0.0,0.0,0.0,0.0,0.0,0.0,0.0,0.0,0,0.0,37.2802,0.0,37.2802
2018-01-01 07:40:00,0.0,0.0,0.0,0.0,0.0,0.0,0.0,0.0,0.0,0,0.0,37.523,0.0,37.523
2018-01-01 07:41:00,0.0,0.0,0.0,0.0,0.0,0.0,0.0,0.0,0.0,0,0.0,37.8712,0.0,37.8712
2018-01-01 07:42:00,0.0,0.0,0.0,0.0,0.0,0.0,0.0,0.0,0.0,0,0.0,38.2194,0.0,38.2194
2018-01-01 07:43:00,0.0,0.0,0.0,0.0,0.0,0.0,0.0,0.0,0.0,0,0.0,38.567600000000006,0.0,38.567600000000006
2018-01-01 07:44:00,0.0,0.0,0.0,0.0,0.0,0.0,0.0,0.0,0.0,0,0.0,38.915800000000004,0.0,38.915800000000004
2018-01-01 07:45:00,0.0,0.0,0.0,0.0,0.0,0.0,0.0,0.0,0.0,0,0.0,39.264,0.0,39.264
2018-01-01 07:46:00,0.0,0.0,0.0,0.0,0.0,0.0,0.0,0.0,0.0,0,0.0,39.6122,0.0,39.6122
2018-01-01 07:47:00,0.0,0.0,0.0,0.0,0.0,0.0,0.0,0.0,0.0,0,0.0,39.9604,0.0,39.9604
2018-01-01 07:48:00,0.0,0.0,0.0,0.0,0.0,0.0,0.0,0.0,0.0,0,0.0,40.308600000000006,0.0,40.308600000000006
2018-01-01 07:49:00,0.0,0.0,0.0,0.0,0.0,0.0,0.0,0.0,0.0,0,0.0,40.656800000000004,0.0,40.656800000000004
2018-01-01 07:50:00,0.0,0.0,0.0,0.0,0.0,0.0,0.0,0.0,0.0,0,0.0,41.005,0.0,41.005
2018-01-01 07:51:00,0.0,0.0,0.0,0.0,0.0,0.0,0.0,0.0,0.0,0,0.0,41.345400000000005,0.0,41.345400000000005
2018-01-01 07:52:00,0.0,0.0,0.0,0.0,0.0,0.0,0.0,0.0,0.0,0,0.0,41.6858,0.0,41.6858
2018-01-01 07:53:00,0.0,0.0,0.0,0.0,0.0,0.0,0.0,0.0,0.0,0,0.0,42.0262,0.0,42.0262
2018-01-01 07:54:00,0.0,0.0,0.0,0.0,0.0,0.0,0.0,0.0,0.0,0,0.0,42.3666,0.0,42.3666
2018-01-01 07:55:00,0.0,0.0,0.0,0.0,0.0,0.0,0.0,0.0,0.0,0,0.0,42.707,0.0,42.707
2018-01-01 07:56:00,0.0,0.0,0.0,0.0,0.0,0.0,0.0,0.0,0.0,0,0.0,43.0474,0.0,43.0474
2018-01-01 07:57:00,0.0,0.0,0.0,0.0,0.0,0.0,0.0,0.0,0.0,0,0.0,43.3878,0.0,43.3878
2018-01-01 07:58:00,0.0,0.0,0.0,0.0,0.0,0.0,0.0,0.0,0.0,0,0.0,43.7282,0.0,43.7282
2018-01-01 07:59:00,0.0,0.0,0.0,0.0,0.0,0.0,0.0,0.0,0.0,0,0.0,44.068599999999996,0.0,44.068599999999996
2018-01-01 08:00:00,0.0,0.0,0.0,0.0,0.0,0.0,0.0,0.0,0.0,0,0.0,44.409,0.0,44.409
2018-01-01 08:01:00,0.0,0.0,0.0,0.0,0.0,0.0,0.0,0.0,0.0,0,0.0,44.4166,0.0,44.4166
2018-01-01 08:02:00,0.0,0.0,0.0,0.0,0.0,0.0,0.0,0.0,0.0,0,0.0,44.4242,0.0,44.4242
2018-01-01 08:03:00,0.0,0.0,0.0,0.0,0.0,0.0,0.0,0.0,0.0,0,0.0,44.431799999999996,0.0,44.431799999999996
2018-01-01 08:04:00,0.0,0.0,0.0,0.0,0.0,0.0,0.0,0.0,0.0,0,0.0,44.4394,0.0,44.4394
2018-01-01 08:05:00,0.0,0.0,0.0,0.0,0.0,0.0,0.0,0.0,0.0,0,0.0,44.447,0.0,44.447
2018-01-01 08:06:00,0.0,0.0,0.0,0.0,0.0,0.0,0.0,0.0,0.0,0,0.0,44.4546,0.0,44.4546
2018-01-01 08:07:00,0.0,0.0,0.0,0.0,0.0,0.0,0.0,0.0,0.0,0,0.0,44.462199999999996,0.0,44.462199999999996
2018-01-01 08:08:00,0.0,0.0,0.0,0.0,0.0,0.0,0.0,0.0,0.0,0,0.0,44.4698,0.0,44.4698
2018-01-01 08:09:00,0.0,0.0,0.0,0.0,0.0,0.0,0.0,0.0,0.0,0,0.0,44.4774,0.0,44.4774
2018-01-01 08:10:00,0.0,0.0,0.0,0.0,0.0,0.0,0.0,0.0,0.0,0,0.0,44.485,0.0,44.485
2018-01-01 08:11:00,0.0,0.0,0.0,0.0,0.0,0.0,0.0,0.0,0.0,0,0.0,44.5775,0.0,44.5775
2018-01-01 08:12:00,0.0,0.0,0.0,0.0,0.0,0.0,0.0,0.0,0.0,0,0.0,44.67,0.0,44.67
2018-01-01 08:13:00,0.0,0.0,0.0,0.0,0.0,0.0,0.0,0.0,0.0,0,0.0,44.762499999999996,0.0,44.762499999999996
2018-01-01 08:14:00,0.0,0.0,0.0,0.0,0.0,0.0,0.0,0.0,0.0,0,0.0,44.855,0.0,44.855
2018-01-01 08:15:00,0.0,0.0,0.0,0.0,0.0,0.0,0.0,0.0,0.0,0,0.0,44.9475,0.0,44.9475
2018-01-01 08:16:00,0.0,0.0,0.0,0.0,0.0,0.0,0.0,0.0,0.0,0,0.0,45.04,0.0,45.04
2018-01-01 08:17:00,0.0,0.0,0.0,0.0,0.0,0.0,0.0,0.0,0.0,0,0.0,45.1325,0.0,45.1325
2018-01-01 08:18:00,0.0,0.0,0.0,0.0,0.0,0.0,0.0,0.0,0.0,0,0.0,45.224999999999994,0.0,45.224999999999994
2018-01-01 08:19:00,0.0,0.0,0.0,0.0,0.0,0.0,0.0,0.0,0.0,0,0.0,45.317499999999995,0.0,45.317499999999995
2018-01-01 08:20:00,0.0,0.0,0.0,0.0,0.0,0.0,0.0,0.0,0.0,0,0.0,45.41,0.0,45.41
2018-01-01 08:21:00,0.0,0.0,0.0,0.0,0.0,0.0,0.0,0.0,0.0,0,0.0,45.708,0.0,45.708
2018-01-01 08:22:00,0.0,0.0,0.0,0.0,0.0,0.0,0.0,0.0,0.0,0,0.0,46.006,0.0,46.006
2018-01-01 08:23:00,0.0,0.0,0.0,0.0,0.0,0.0,0.0,0.0,0.0,0,0.0,46.303999999999995,0.0,46.303999999999995
2018-01-01 08:24:00,0.0,0.0,0.0,0.0,0.0,0.0,0.0,0.0,0.0,0,0.0,46.602,0.0,46.602
2018-01-01 08:25:00,0.0,0.0,0.0,0.0,0.0,0.0,0.0,0.0,0.0,0,0.0,46.9,0.0,46.9
2018-01-01 08:26:00,0.0,0.0,0.0,0.0,0.0,0.0,0.0,0.0,0.0,0,0.0,47.198,0.0,47.198
2018-01-01 08:27:00,50.0,0.0,0.0,0.0,0.0,0.0,0.0,0.0,0.0,0,50.0,47.496,1.0,97.49600000000001
2018-01-01 08:28:00,50.0,0.0,0.0,0.0,0.0,0.0,0.0,0.0,0.0,0,50.0,47.794,1.0,97.794
2018-01-01 08:29:00,50.0,0.0,0.0,0.0,0.0,0.0,0.0,0.0,0.0,0,50.0,48.092,1.0,98.092
2018-01-01 08:30:00,50.0,0.0,0.0,0.0,0.0,0.0,0.0,0.0,0.0,0,50.0,48.39,1.0,98.39
2018-01-01 08:31:00,50.0,0.0,0.0,0.0,0.0,0.0,0.0,0.0,0.0,0,50.0,48.9063,1.0,98.9063
2018-01-01 08:32:00,50.0,0.0,0.0,0.0,0.0,0.0,0.0,0.0,0.0,0,50.0,49.4226,1.0,99.4226
2018-01-01 08:33:00,50.0,50.0,0.0,0.0,0.0,0.0,0.0,0.0,0.0,0,100.0,49.9389,2.0,149.9389
2018-01-01 08:34:00,50.0,50.0,0.0,0.0,0.0,0.0,0.0,0.0,0.0,0,100.0,50.4552,2.0,150.4552
2018-01-01 08:35:00,50.0,50.0,0.0,0.0,0.0,0.0,0.0,0.0,0.0,0,100.0,50.9715,2.0,150.9715
2018-01-01 08:36:00,50.0,50.0,0.0,0.0,0.0,0.0,0.0,0.0,0.0,0,100.0,51.4878,2.0,151.4878
2018-01-01 08:37:00,50.0,50.0,0.0,0.0,0.0,0.0,0.0,0.0,0.0,0,100.0,52.0041,2.0,152.0041
2018-01-01 08:38:00,50.0,50.0,0.0,0.0,0.0,0.0,0.0,0.0,0.0,0,100.0,52.520399999999995,2.0,152.5204
2018-01-01 08:39:00,50.0,50.0,0.0,0.0,0.0,0.0,0.0,0.0,0.0,0,100.0,53.036699999999996,2.0,153.0367
2018-01-01 08:40:00,50.0,50.0,0.0,0.0,0.0,0.0,0.0,0.0,0.0,0,100.0,53.553,2.0,153.553
2018-01-01 08:41:00,50.0,50.0,0.0,0.0,0.0,0.0,0.0,0.0,0.0,0,100.0,53.503699999999995,2.0,153.50369999999998
2018-01-01 08:42:00,50.0,50.0,0.0,0.0,0.0,0.0,0.0,0.0,0.0,0,100.0,53.4544,2.0,153.4544
2018-01-01 08:43:00,50.0,50.0,0.0,0.0,0.0,0.0,0.0,0.0,0.0,0,100.0,53.4051,2.0,153.4051
2018-01-01 08:44:00,50.0,50.0,0.0,0.0,0.0,0.0,0.0,0.0,0.0,0,100.0,53.3558,2.0,153.3558
2018-01-01 08:45:00,50.0,50.0,0.0,0.0,0.0,0.0,0.0,0.0,0.0,0,100.0,53.3065,2.0,153.3065
2018-01-01 08:46:00,50.0,50.0,0.0,0.0,0.0,0.0,0.0,0.0,0.0,0,100.0,53.2572,2.0,153.2572
2018-01-01 08:47:00,50.0,50.0,0.0,0.0,0.0,0.0,0.0,0.0,0.0,0,100.0,53.2079,2.0,153.2079
2018-01-01 08:48:00,50.0,50.0,0.0,0.0,0.0,0.0,0.0,0.0,0.0,0,100.0,53.1586,2.0,153.1586
2018-01-01 08:49:00,50.0,50.0,0.0,0.0,0.0,0.0,0.0,0.0,0.0,0,100.0,53.109300000000005,2.0,153.10930000000002
2018-01-01 08:50:00,50.0,50.0,0.0,0.0,0.0,0.0,0.0,0.0,0.0,0,100.0,53.06,2.0,153.06
2018-01-01 08:51:00,50.0,50.0,0.0,0.0,0.0,0.0,0.0,0.0,0.0,0,100.0,53.0065,2.0,153.00650000000002
2018-01-01 08:52:00,50.0,50.0,0.0,0.0,0.0,0.0,0.0,0.0,0.0,0,100.0,52.953,2.0,152.953
2018-01-01 08:53:00,50.0,50.0,0.0,0.0,0.0,0.0,0.0,0.0,0.0,0,100.0,52.8995,2.0,152.8995
2018-01-01 08:54:00,50.0,50.0,0.0,0.0,0.0,0.0,0.0,0.0,0.0,0,100.0,52.846000000000004,2.0,152.846
2018-01-01 08:55:00,50.0,50.0,50.0,0.0,0.0,0.0,0.0,0.0,0.0,0,150.0,52.792500000000004,3.0,202.79250000000002
2018-01-01 08:56:00,50.0,50.0,50.0,0.0,0.0,0.0,0.0,0.0,0.0,0,150.0,52.739,3.0,202.739
2018-01-01 08:57:00,50.0,50.0,50.0,0.0,0.0,0.0,0.0,0.0,0.0,0,150.0,52.6855,3.0,202.6855
2018-01-01 08:58:00,50.0,50.0,50.0,0.0,0.0,0.0,0.0,0.0,0.0,0,150.0,52.632,3.0,202.632
2018-01-01 08:59:00,50.0,50.0,50.0,0.0,0.0,0.0,0.0,0.0,0.0,0,150.0,52.5785,3.0,202.5785
2018-01-01 09:00:00,0.0,50.0,50.0,0.0,0.0,0.0,0.0,0.0,0.0,0,100.0,52.525,2.0,152.525
2018-01-01 09:01:00,0.0,50.0,50.0,0.0,0.0,0.0,0.0,0.0,0.0,0,100.0,53.0579,2.0,153.0579
2018-01-01 09:02:00,0.0,50.0,50.0,0.0,0.0,0.0,0.0,0.0,0.0,0,100.0,53.5908,2.0,153.5908
2018-01-01 09:03:00,0.0,50.0,50.0,0.0,0.0,0.0,0.0,0.0,0.0,0,100.0,54.1237,2.0,154.12369999999999
2018-01-01 09:04:00,0.0,50.0,50.0,0.0,0.0,0.0,0.0,0.0,0.0,0,100.0,54.6566,2.0,154.6566
2018-01-01 09:05:00,0.0,50.0,50.0,0.0,0.0,0.0,0.0,0.0,0.0,0,100.0,55.189499999999995,2.0,155.1895
2018-01-01 09:06:00,0.0,0.0,50.0,0.0,0.0,0.0,0.0,0.0,0.0,0,50.0,55.7224,1.0,105.7224
2018-01-01 09:07:00,0.0,0.0,50.0,0.0,0.0,0.0,0.0,0.0,0.0,0,50.0,56.2553,1.0,106.2553
2018-01-01 09:08:00,0.0,0.0,50.0,0.0,0.0,0.0,0.0,0.0,0.0,0,50.0,56.788199999999996,1.0,106.78819999999999
2018-01-01 09:09:00,0.0,0.0,50.0,0.0,0.0,0.0,0.0,0.0,0.0,0,50.0,57.3211,1.0,107.3211
2018-01-01 09:10:00,0.0,0.0,50.0,0.0,0.0,0.0,0.0,0.0,0.0,0,50.0,57.854,1.0,107.854
2018-01-01 09:11:00,0.0,0.0,50.0,0.0,0.0,0.0,0.0,0.0,0.0,0,50.0,57.6364,1.0,107.63640000000001
2018-01-01 09:12:00,0.0,0.0,50.0,0.0,0.0,0.0,0.0,0.0,0.0,0,50.0,57.4188,1.0,107.4188
2018-01-01 09:13:00,0.0,0.0,50.0,0.0,0.0,0.0,0.0,0.0,0.0,0,50.0,57.2012,1.0,107.2012
2018-01-01 09:14:00,0.0,0.0,50.0,0.0,0.0,0.0,0.0,0.0,0.0,0,50.0,56.983599999999996,1.0,106.9836
2018-01-01 09:15:00,0.0,0.0,50.0,0.0,0.0,0.0,0.0,0.0,0.0,0,50.0,56.766,1.0,106.76599999999999
2018-01-01 09:16:00,0.0,0.0,50.0,0.0,0.0,0.0,0.0,0.0,0.0,0,50.0,56.5484,1.0,106.5484
2018-01-01 09:17:00,0.0,0.0,50.0,0.0,0.0,0.0,0.0,0.0,0.0,0,50.0,56.330799999999996,1.0,106.3308
2018-01-01 09:18:00,0.0,0.0,50.0,0.0,0.0,0.0,0.0,0.0,0.0,0,50.0,56.1132,1.0,106.1132
2018-01-01 09:19:00,0.0,0.0,50.0,0.0,0.0,0.0,0.0,0.0,0.0,0,50.0,55.895599999999995,1.0,105.8956
2018-01-01 09:20:00,0.0,0.0,50.0,0.0,0.0,0.0,0.0,0.0,0.0,0,50.0,55.678,1.0,105.678
2018-01-01 09:21:00,0.0,0.0,50.0,0.0,0.0,0.0,0.0,0.0,0.0,0,50.0,55.8368,1.0,105.8368
2018-01-01 09:22:00,0.0,0.0,50.0,0.0,0.0,0.0,0.0,0.0,0.0,0,50.0,55.995599999999996,1.0,105.9956
2018-01-01 09:23:00,0.0,0.0,50.0,0.0,0.0,0.0,0.0,0.0,0.0,0,50.0,56.154399999999995,1.0,106.1544
2018-01-01 09:24:00,0.0,0.0,50.0,0.0,0.0,0.0,0.0,0.0,0.0,0,50.0,56.313199999999995,1.0,106.3132
2018-01-01 09:25:00,0.0,0.0,50.0,0.0,0.0,0.0,0.0,0.0,0.0,0,50.0,56.471999999999994,1.0,106.472
2018-01-01 09:26:00,0.0,0.0,50.0,0.0,0.0,0.0,0.0,0.0,0.0,0,50.0,56.6308,1.0,106.6308
2018-01-01 09:27:00,0.0,0.0,50.0,0.0,0.0,0.0,0.0,0.0,0.0,0,50.0,56.7896,1.0,106.78960000000001
2018-01-01 09:28:00,0.0,0.0,0.0,0.0,0.0,0.0,0.0,0.0,0.0,0,0.0,56.9484,0.0,56.9484
2018-01-01 09:29:00,0.0,0.0,0.0,0.0,0.0,0.0,0.0,0.0,0.0,0,0.0,57.1072,0.0,57.1072
2018-01-01 09:30:00,0.0,0.0,0.0,0.0,0.0,0.0,0.0,0.0,0.0,0,0.0,57.266,0.0,57.266
2018-01-01 09:31:00,0.0,0.0,0.0,0.0,0.0,0.0,0.0,0.0,0.0,0,0.0,57.7754,0.0,57.7754
2018-01-01 09:32:00,0.0,0.0,0.0,0.0,0.0,0.0,0.0,0.0,0.0,0,0.0,58.2848,0.0,58.2848
2018-01-01 09:33:00,0.0,0.0,0.0,0.0,0.0,0.0,0.0,0.0,0.0,0,0.0,58.7942,0.0,58.7942
2018-01-01 09:34:00,0.0,0.0,0.0,0.0,0.0,0.0,0.0,0.0,0.0,0,0.0,59.303599999999996,0.0,59.303599999999996
2018-01-01 09:35:00,0.0,0.0,0.0,0.0,0.0,0.0,0.0,0.0,0.0,0,0.0,59.813,0.0,59.813
2018-01-01 09:36:00,0.0,0.0,0.0,0.0,0.0,0.0,0.0,0.0,0.0,0,0.0,60.3224,0.0,60.3224
2018-01-01 09:37:00,0.0,0.0,0.0,0.0,0.0,0.0,0.0,0.0,0.0,0,0.0,60.8318,0.0,60.8318
2018-01-01 09:38:00,0.0,0.0,0.0,0.0,0.0,0.0,0.0,0.0,0.0,0,0.0,61.3412,0.0,61.3412
2018-01-01 09:39:00,0.0,0.0,0.0,0.0,0.0,0.0,0.0,0.0,0.0,0,0.0,61.8506,0.0,61.8506
2018-01-01 09:40:00,0.0,0.0,0.0,0.0,0.0,0.0,0.0,0.0,0.0,0,0.0,62.36,0.0,62.36
2018-01-01 09:41:00,0.0,0.0,0.0,0.0,0.0,0.0,0.0,0.0,0.0,0,0.0,62.4354,0.0,62.4354
2018-01-01 09:42:00,0.0,0.0,0.0,0.0,0.0,0.0,0.0,0.0,0.0,0,0.0,62.510799999999996,0.0,62.510799999999996
2018-01-01 09:43:00,50.0,0.0,0.0,0.0,0.0,0.0,0.0,0.0,0.0,0,50.0,62.5862,1.0,112.58619999999999
2018-01-01 09:44:00,50.0,0.0,0.0,0.0,0.0,0.0,0.0,0.0,0.0,0,50.0,62.6616,1.0,112.66159999999999
2018-01-01 09:45:00,50.0,50.0,0.0,0.0,0.0,0.0,0.0,0.0,0.0,0,100.0,62.736999999999995,2.0,162.737
2018-01-01 09:46:00,50.0,50.0,0.0,0.0,0.0,0.0,0.0,0.0,0.0,0,100.0,62.8124,2.0,162.8124
2018-01-01 09:47:00,50.0,50.0,0.0,0.0,0.0,0.0,0.0,0.0,0.0,0,100.0,62.8878,2.0,162.8878
2018-01-01 09:48:00,50.0,50.0,0.0,0.0,0.0,0.0,0.0,0.0,0.0,0,100.0,62.9632,2.0,162.9632
2018-01-01 09:49:00,50.0,50.0,0.0,0.0,0.0,0.0,0.0,0.0,0.0,0,100.0,63.038599999999995,2.0,163.0386
2018-01-01 09:50:00,50.0,50.0,0.0,0.0,0.0,0.0,0.0,0.0,0.0,0,100.0,63.114,2.0,163.114
2018-01-01 09:51:00,50.0,50.0,0.0,0.0,0.0,0.0,0.0,0.0,0.0,0,100.0,63.902699999999996,2.0,163.90269999999998
2018-01-01 09:52:00,50.0,50.0,0.0,0.0,0.0,0.0,0.0,0.0,0.0,0,100.0,64.6914,2.0,164.6914
2018-01-01 09:53:00,50.0,50.0,0.0,0.0,0.0,0.0,0.0,0.0,0.0,0,100.0,65.4801,2.0,165.4801
2018-01-01 09:54:00,50.0,50.0,0.0,0.0,0.0,0.0,0.0,0.0,0.0,0,100.0,66.2688,2.0,166.2688
2018-01-01 09:55:00,50.0,50.0,0.0,0.0,0.0,0.0,0.0,0.0,0.0,0,100.0,67.0575,2.0,167.0575
2018-01-01 09:56:00,50.0,50.0,0.0,0.0,0.0,0.0,0.0,0.0,0.0,0,100.0,67.8462,2.0,167.8462
2018-01-01 09:57:00,50.0,50.0,0.0,0.0,0.0,0.0,0.0,0.0,0.0,0,100.0,68.6349,2.0,168.63490000000002
2018-01-01 09:58:00,50.0,50.0,0.0,0.0,0.0,0.0,0.0,0.0,0.0,0,100.0,69.42360000000001,2.0,169.42360000000002
2018-01-01 09:59:00,50.0,50.0,0.0,0.0,0.0,0.0,0.0,0.0,0.0,0,100.0,70.2123,2.0,170.2123
2018-01-01 10:00:00,50.0,50.0,0.0,0.0,0.0,0.0,0.0,0.0,0.0,0,100.0,71.001,2.0,171.001
2018-01-01 10:01:00,50.0,50.0,0.0,0.0,0.0,0.0,0.0,0.0,0.0,0,100.0,70.9646,2.0,170.96460000000002
2018-01-01 10:02:00,50.0,50.0,0.0,0.0,0.0,0.0,0.0,0.0,0.0,0,100.0,70.9282,2.0,170.9282
2018-01-01 10:03:00,50.0,50.0,0.0,0.0,0.0,0.0,0.0,0.0,0.0,0,100.0,70.8918,2.0,170.8918
2018-01-01 10:04:00,50.0,50.0,0.0,0.0,0.0,0.0,0.0,0.0,0.0,0,100.0,70.8554,2.0,170.8554
2018-01-01 10:05:00,50.0,50.0,0.0,0.0,0.0,0.0,0.0,0.0,0.0,0,100.0,70.819,2.0,170.81900000000002
2018-01-01 10:06:00,50.0,50.0,0.0,0.0,0.0,0.0,0.0,0.0,0.0,0,100.0,70.7826,2.0,170.7826
2018-01-01 10:07:00,50.0,50.0,0.0,0.0,0.0,0.0,0.0,0.0,0.0,0,100.0,70.7462,2.0,170.7462
2018-01-01 10:08:00,50.0,50.0,0.0,0.0,0.0,0.0,0.0,0.0,0.0,0,100.0,70.7098,2.0,170.7098
2018-01-01 10:09:00,50.0,50.0,0.0,0.0,0.0,0.0,0.0,0.0,0.0,0,100.0,70.6734,2.0,170.67340000000002
2018-01-01 10:10:00,50.0,50.0,0.0,0.0,0.0,0.0,0.0,0.0,0.0,0,100.0,70.637,2.0,170.637
2018-01-01 10:11:00,50.0,50.0,0.0,0.0,0.0,0.0,0.0,0.0,0.0,0,100.0,70.4813,2.0,170.4813
2018-01-01 10:12:00,50.0,50.0,0.0,0.0,0.0,0.0,0.0,0.0,0.0,0,100.0,70.3256,2.0,170.3256
2018-01-01 10:13:00,50.0,50.0,0.0,0.0,0.0,0.0,0.0,0.0,0.0,0,100.0,70.1699,2.0,170.16989999999998
2018-01-01 10:14:00,50.0,50.0,0.0,0.0,0.0,0.0,0.0,0.0,0.0,0,100.0,70.0142,2.0,170.01420000000002
2018-01-01 10:15:00,50.0,50.0,0.0,0.0,0.0,0.0,0.0,0.0,0.0,0,100.0,69.85849999999999,2.0,169.8585
2018-01-01 10:16:00,0.0,50.0,0.0,0.0,0.0,0.0,0.0,0.0,0.0,0,50.0,69.7028,1.0,119.7028
2018-01-01 10:17:00,50.0,50.0,50.0,0.0,0.0,0.0,0.0,0.0,0.0,0,150.0,69.5471,3.0,219.5471
2018-01-01 10:18:00,50.0,0.0,50.0,0.0,0.0,0.0,0.0,0.0,0.0,0,100.0,69.3914,2.0,169.3914
2018-01-01 10:19:00,50.0,0.0,50.0,0.0,0.0,0.0,0.0,0.0,0.0,0,100.0,69.2357,2.0,169.2357
2018-01-01 10:20:00,50.0,0.0,50.0,0.0,0.0,0.0,0.0,0.0,0.0,0,100.0,69.08,2.0,169.07999999999998
2018-01-01 10:21:00,50.0,0.0,50.0,0.0,0.0,0.0,0.0,0.0,0.0,0,100.0,69.4213,2.0,169.4213
2018-01-01 10:22:00,50.0,0.0,50.0,0.0,0.0,0.0,0.0,0.0,0.0,0,100.0,69.76259999999999,2.0,169.7626
2018-01-01 10:23:00,50.0,0.0,50.0,0.0,0.0,0.0,0.0,0.0,0.0,0,100.0,70.1039,2.0,170.1039
2018-01-01 10:24:00,50.0,0.0,50.0,0.0,0.0,0.0,0.0,0.0,0.0,0,100.0,70.4452,2.0,170.4452
2018-01-01 10:25:00,50.0,0.0,50.0,0.0,0.0,0.0,0.0,0.0,0.0,0,100.0,70.78649999999999,2.0,170.7865
2018-01-01 10:26:00,50.0,0.0,50.0,0.0,0.0,0.0,0.0,0.0,0.0,0,100.0,71.1278,2.0,171.12779999999998
2018-01-01 10:27:00,50.0,0.0,50.0,0.0,0.0,0.0,0.0,0.0,0.0,0,100.0,71.4691,2.0,171.4691
2018-01-01 10:28:00,50.0,0.0,50.0,0.0,0.0,0.0,0.0,0.0,0.0,0,100.0,71.8104,2.0,171.81040000000002
2018-01-01 10:29:00,50.0,0.0,50.0,0.0,0.0,0.0,0.0,0.0,0.0,0,100.0,72.15169999999999,2.0,172.1517
2018-01-01 10:30:00,50.0,0.0,50.0,0.0,0.0,0.0,0.0,0.0,0.0,0,100.0,72.493,2.0,172.493
2018-01-01 10:31:00,50.0,0.0,50.0,0.0,0.0,0.0,0.0,0.0,0.0,0,100.0,71.7756,2.0,171.7756
2018-01-01 10:32:00,50.0,0.0,50.0,0.0,0.0,0.0,0.0,0.0,0.0,0,100.0,71.0582,2.0,171.0582
2018-01-01 10:33:00,50.0,0.0,50.0,0.0,0.0,0.0,0.0,0.0,0.0,0,100.0,70.3408,2.0,170.3408
2018-01-01 10:34:00,50.0,0.0,50.0,0.0,0.0,0.0,0.0,0.0,0.0,0,100.0,69.6234,2.0,169.6234
2018-01-01 10:35:00,50.0,0.0,50.0,0.0,0.0,0.0,0.0,0.0,0.0,0,100.0,68.906,2.0,168.906
2018-01-01 10:36:00,50.0,0.0,50.0,0.0,0.0,0.0,0.0,0.0,0.0,0,100.0,68.1886,2.0,168.1886
2018-01-01 10:37:00,50.0,0.0,50.0,0.0,0.0,0.0,0.0,0.0,0.0,0,100.0,67.4712,2.0,167.4712
2018-01-01 10:38:00,50.0,0.0,50.0,0.0,0.0,0.0,0.0,0.0,0.0,0,100.0,66.7538,2.0,166.7538
2018-01-01 10:39:00,50.0,0.0,50.0,0.0,0.0,0.0,0.0,0.0,0.0,0,100.0,66.0364,2.0,166.03640000000001
2018-01-01 10:40:00,50.0,0.0,50.0,0.0,0.0,0.0,0.0,0.0,0.0,0,100.0,65.319,2.0,165.31900000000002
2018-01-01 10:41:00,50.0,0.0,50.0,0.0,0.0,0.0,0.0,0.0,0.0,0,100.0,65.3176,2.0,165.3176
2018-01-01 10:42:00,50.0,0.0,50.0,0.0,0.0,0.0,0.0,0.0,0.0,0,100.0,65.31620000000001,2.0,165.3162
2018-01-01 10:43:00,50.0,0.0,50.0,0.0,0.0,0.0,0.0,0.0,0.0,0,100.0,65.3148,2.0,165.3148
2018-01-01 10:44:00,50.0,0.0,50.0,0.0,0.0,0.0,0.0,0.0,0.0,0,100.0,65.3134,2.0,165.3134
2018-01-01 10:45:00,50.0,0.0,50.0,0.0,0.0,0.0,0.0,0.0,0.0,0,100.0,65.31200000000001,2.0,165.312
2018-01-01 10:46:00,50.0,0.0,50.0,0.0,0.0,0.0,0.0,0.0,0.0,0,100.0,65.31060000000001,2.0,165.31060000000002
2018-01-01 10:47:00,50.0,0.0,50.0,0.0,0.0,0.0,0.0,0.0,0.0,0,100.0,65.3092,2.0,165.3092
2018-01-01 10:48:00,50.0,0.0,50.0,0.0,0.0,0.0,0.0,0.0,0.0,0,100.0,65.3078,2.0,165.3078
2018-01-01 10:49:00,50.0,0.0,50.0,0.0,0.0,0.0,0.0,0.0,0.0,0,100.0,65.30640000000001,2.0,165.3064
2018-01-01 10:50:00,0.0,0.0,0.0,0.0,0.0,0.0,0.0,0.0,0.0,0,0.0,65.305,0.0,65.305
2018-01-01 10:51:00,0.0,0.0,0.0,0.0,0.0,0.0,0.0,0.0,0.0,0,0.0,65.04400000000001,0.0,65.04400000000001
2018-01-01 10:52:00,0.0,0.0,0.0,0.0,0.0,0.0,0.0,0.0,0.0,0,0.0,64.783,0.0,64.783
2018-01-01 10:53:00,0.0,0.0,0.0,0.0,0.0,0.0,0.0,0.0,0.0,0,0.0,64.522,0.0,64.522
2018-01-01 10:54:00,0.0,0.0,0.0,0.0,0.0,0.0,0.0,0.0,0.0,0,0.0,64.26100000000001,0.0,64.26100000000001
2018-01-01 10:55:00,0.0,0.0,0.0,0.0,0.0,0.0,0.0,0.0,0.0,0,0.0,64.0,0.0,64.0
2018-01-01 10:56:00,0.0,0.0,0.0,0.0,0.0,0.0,0.0,0.0,0.0,0,0.0,63.739000000000004,0.0,63.739000000000004
2018-01-01 10:57:00,0.0,0.0,0.0,0.0,0.0,0.0,0.0,0.0,0.0,0,0.0,63.478,0.0,63.478
2018-01-01 10:58:00,0.0,0.0,0.0,0.0,0.0,0.0,0.0,0.0,0.0,0,0.0,63.217,0.0,63.217
2018-01-01 10:59:00,0.0,0.0,0.0,0.0,0.0,0.0,0.0,0.0,0.0,0,0.0,62.956,0.0,62.956
2018-01-01 11:00:00,0.0,0.0,0.0,0.0,0.0,0.0,0.0,0.0,0.0,0,0.0,62.695,0.0,62.695
2018-01-01 11:01:00,0.0,0.0,0.0,0.0,0.0,0.0,0.0,0.0,0.0,0,0.0,63.015,0.0,63.015
2018-01-01 11:02:00,0.0,0.0,0.0,0.0,0.0,0.0,0.0,0.0,0.0,0,0.0,63.335,0.0,63.335
2018-01-01 11:03:00,0.0,0.0,0.0,0.0,0.0,0.0,0.0,0.0,0.0,0,0.0,63.655,0.0,63.655
2018-01-01 11:04:00,0.0,0.0,0.0,0.0,0.0,0.0,0.0,0.0,0.0,0,0.0,63.975,0.0,63.975
2018-01-01 11:05:00,0.0,0.0,0.0,0.0,0.0,0.0,0.0,0.0,0.0,0,0.0,64.295,0.0,64.295
2018-01-01 11:06:00,0.0,0.0,0.0,0.0,0.0,0.0,0.0,0.0,0.0,0,0.0,64.615,0.0,64.615
2018-01-01 11:07:00,0.0,0.0,0.0,0.0,0.0,0.0,0.0,0.0,0.0,0,0.0,64.935,0.0,64.935
2018-01-01 11:08:00,0.0,0.0,0.0,0.0,0.0,0.0,0.0,0.0,0.0,0,0.0,65.255,0.0,65.255
2018-01-01 11:09:00,0.0,0.0,0.0,0.0,0.0,0.0,0.0,0.0,0.0,0,0.0,65.575,0.0,65.575
2018-01-01 11:10:00,0.0,0.0,0.0,0.0,0.0,0.0,0.0,0.0,0.0,0,0.0,65.895,0.0,65.895
2018-01-01 11:11:00,0.0,0.0,0.0,0.0,0.0,0.0,0.0,0.0,0.0,0,0.0,66.12979999999999,0.0,66.12979999999999
2018-01-01 11:12:00,0.0,0.0,0.0,0.0,0.0,0.0,0.0,0.0,0.0,0,0.0,66.3646,0.0,66.3646
2018-01-01 11:13:00,0.0,0.0,0.0,0.0,0.0,0.0,0.0,0.0,0.0,0,0.0,66.5994,0.0,66.5994
2018-01-01 11:14:00,0.0,0.0,0.0,0.0,0.0,0.0,0.0,0.0,0.0,0,0.0,66.8342,0.0,66.8342
2018-01-01 11:15:00,0.0,0.0,0.0,0.0,0.0,0.0,0.0,0.0,0.0,0,0.0,67.06899999999999,0.0,67.06899999999999
2018-01-01 11:16:00,0.0,0.0,0.0,0.0,0.0,0.0,0.0,0.0,0.0,0,0.0,67.3038,0.0,67.3038
2018-01-01 11:17:00,0.0,0.0,0.0,0.0,0.0,0.0,0.0,0.0,0.0,0,0.0,67.5386,0.0,67.5386
2018-01-01 11:18:00,0.0,0.0,0.0,0.0,0.0,0.0,0.0,0.0,0.0,0,0.0,67.7734,0.0,67.7734
2018-01-01 11:19:00,0.0,0.0,0.0,0.0,0.0,0.0,0.0,0.0,0.0,0,0.0,68.00819999999999,0.0,68.00819999999999
2018-01-01 11:20:00,0.0,0.0,0.0,0.0,0.0,0.0,0.0,0.0,0.0,0,0.0,68.243,0.0,68.243
2018-01-01 11:21:00,0.0,0.0,0.0,0.0,0.0,0.0,0.0,0.0,0.0,0,0.0,68.10379999999999,0.0,68.10379999999999
2018-01-01 11:22:00,0.0,0.0,0.0,0.0,0.0,0.0,0.0,0.0,0.0,0,0.0,67.96459999999999,0.0,67.96459999999999
2018-01-01 11:23:00,0.0,0.0,0.0,0.0,0.0,0.0,0.0,0.0,0.0,0,0.0,67.8254,0.0,67.8254
2018-01-01 11:24:00,0.0,0.0,0.0,0.0,0.0,0.0,0.0,0.0,0.0,0,0.0,67.6862,0.0,67.6862
2018-01-01 11:25:00,50.0,0.0,0.0,0.0,0.0,0.0,0.0,0.0,0.0,0,50.0,67.547,1.0,117.547
2018-01-01 11:26:00,50.0,0.0,0.0,0.0,0.0,0.0,0.0,0.0,0.0,0,50.0,67.4078,1.0,117.4078
2018-01-01 11:27:00,50.0,0.0,0.0,0.0,0.0,0.0,0.0,0.0,0.0,0,50.0,67.26859999999999,1.0,117.26859999999999
2018-01-01 11:28:00,50.0,50.0,0.0,0.0,0.0,0.0,0.0,0.0,0.0,0,100.0,67.1294,2.0,167.1294
2018-01-01 11:29:00,50.0,50.0,0.0,0.0,0.0,0.0,0.0,0.0,0.0,0,100.0,66.9902,2.0,166.99020000000002
2018-01-01 11:30:00,50.0,50.0,0.0,0.0,0.0,0.0,0.0,0.0,0.0,0,100.0,66.851,2.0,166.851
2018-01-01 11:31:00,50.0,50.0,0.0,0.0,0.0,0.0,0.0,0.0,0.0,0,100.0,66.825,2.0,166.825
2018-01-01 11:32:00,50.0,50.0,50.0,0.0,0.0,0.0,0.0,0.0,0.0,0,150.0,66.79899999999999,3.0,216.79899999999998
2018-01-01 11:33:00,50.0,50.0,50.0,0.0,0.0,0.0,0.0,0.0,0.0,0,150.0,66.773,3.0,216.773
2018-01-01 11:34:00,50.0,50.0,50.0,50.0,0.0,0.0,0.0,0.0,0.0,0,200.0,66.747,4.0,266.747
2018-01-01 11:35:00,50.0,50.0,50.0,50.0,0.0,0.0,0.0,0.0,0.0,0,200.0,66.721,4.0,266.721
2018-01-01 11:36:00,50.0,50.0,50.0,50.0,0.0,0.0,0.0,0.0,0.0,0,200.0,66.695,4.0,266.695
2018-01-01 11:37:00,50.0,50.0,50.0,50.0,0.0,0.0,0.0,0.0,0.0,0,200.0,66.669,4.0,266.669
2018-01-01 11:38:00,50.0,50.0,50.0,50.0,0.0,0.0,0.0,0.0,0.0,0,200.0,66.643,4.0,266.64300000000003
2018-01-01 11:39:00,50.0,50.0,50.0,50.0,50.0,0.0,0.0,0.0,0.0,0,250.0,66.61699999999999,5.0,316.61699999999996
2018-01-01 11:40:00,50.0,50.0,50.0,50.0,50.0,0.0,0.0,0.0,0.0,0,250.0,66.591,5.0,316.591
2018-01-01 11:41:00,50.0,50.0,50.0,50.0,50.0,0.0,0.0,0.0,0.0,0,250.0,66.7687,5.0,316.76869999999997
2018-01-01 11:42:00,50.0,50.0,50.0,50.0,50.0,0.0,0.0,0.0,0.0,0,250.0,66.9464,5.0,316.9464
2018-01-01 11:43:00,50.0,50.0,50.0,50.0,50.0,0.0,0.0,0.0,0.0,0,250.0,67.1241,5.0,317.1241
2018-01-01 11:44:00,50.0,50.0,50.0,50.0,50.0,0.0,0.0,0.0,0.0,0,250.0,67.3018,5.0,317.3018
2018-01-01 11:45:00,50.0,50.0,50.0,50.0,50.0,0.0,0.0,0.0,0.0,0,250.0,67.4795,5.0,317.47950000000003
2018-01-01 11:46:00,50.0,50.0,50.0,50.0,50.0,0.0,0.0,0.0,0.0,0,250.0,67.65719999999999,5.0,317.6572
2018-01-01 11:47:00,50.0,50.0,50.0,50.0,50.0,0.0,0.0,0.0,0.0,0,250.0,67.83489999999999,5.0,317.8349
2018-01-01 11:48:00,50.0,50.0,50.0,50.0,50.0,0.0,0.0,0.0,0.0,0,250.0,68.01259999999999,5.0,318.0126
2018-01-01 11:49:00,50.0,50.0,50.0,50.0,50.0,0.0,0.0,0.0,0.0,0,250.0,68.1903,5.0,318.1903
2018-01-01 11:50:00,50.0,50.0,50.0,50.0,50.0,0.0,0.0,0.0,0.0,0,250.0,68.368,5.0,318.368
2018-01-01 11:51:00,50.0,50.0,50.0,50.0,50.0,0.0,0.0,0.0,0.0,0,250.0,68.4472,5.0,318.4472
2018-01-01 11:52:00,50.0,50.0,50.0,50.0,50.0,0.0,0.0,0.0,0.0,0,250.0,68.5264,5.0,318.52639999999997
2018-01-01 11:53:00,50.0,50.0,50.0,50.0,50.0,0.0,0.0,0.0,0.0,0,250.0,68.6056,5.0,318.6056
2018-01-01 11:54:00,50.0,50.0,50.0,50.0,50.0,0.0,0.0,0.0,0.0,0,250.0,68.6848,5.0,318.6848
2018-01-01 11:55:00,50.0,50.0,50.0,50.0,50.0,0.0,0.0,0.0,0.0,0,250.0,68.764,5.0,318.764
2018-01-01 11:56:00,50.0,50.0,50.0,50.0,50.0,0.0,0.0,0.0,0.0,0,250.0,68.8432,5.0,318.8432
2018-01-01 11:57:00,50.0,50.0,50.0,50.0,50.0,0.0,0.0,0.0,0.0,0,250.0,68.9224,5.0,318.9224
2018-01-01 11:58:00,0.0,50.0,50.0,50.0,50.0,0.0,0.0,0.0,0.0,0,200.0,69.0016,4.0,269.0016
2018-01-01 11:59:00,0.0,50.0,50.0,50.0,50.0,0.0,0.0,0.0,0.0,0,200.0,69.0808,4.0,269.0808
2018-01-01 12:00:00,0.0,50.0,50.0,50.0,50.0,0.0,0.0,0.0,0.0,0,200.0,69.16,4.0,269.15999999999997
2018-01-01 12:01:00,0.0,0.0,50.0,50.0,50.0,0.0,0.0,0.0,0.0,0,150.0,69.19,3.0,219.19
2018-01-01 12:02:00,0.0,0.0,50.0,50.0,50.0,0.0,0.0,0.0,0.0,0,150.0,69.22,3.0,219.22
2018-01-01 12:03:00,0.0,0.0,50.0,50.0,50.0,0.0,0.0,0.0,0.0,0,150.0,69.25,3.0,219.25
2018-01-01 12:04:00,0.0,0.0,50.0,50.0,50.0,0.0,0.0,0.0,0.0,0,150.0,69.28,3.0,219.28
2018-01-01 12:05:00,0.0,0.0,0.0,50.0,50.0,0.0,0.0,0.0,0.0,0,100.0,69.31,2.0,169.31
2018-01-01 12:06:00,0.0,0.0,0.0,50.0,50.0,0.0,0.0,0.0,0.0,0,100.0,69.33999999999999,2.0,169.33999999999997
2018-01-01 12:07:00,0.0,0.0,0.0,0.0,50.0,0.0,0.0,0.0,0.0,0,50.0,69.36999999999999,1.0,119.36999999999999
2018-01-01 12:08:00,0.0,0.0,0.0,0.0,50.0,0.0,0.0,0.0,0.0,0,50.0,69.39999999999999,1.0,119.39999999999999
2018-01-01 12:09:00,0.0,0.0,0.0,0.0,50.0,0.0,0.0,0.0,0.0,0,50.0,69.42999999999999,1.0,119.42999999999999
2018-01-01 12:10:00,0.0,0.0,0.0,0.0,50.0,0.0,0.0,0.0,0.0,0,50.0,69.46,1.0,119.46
2018-01-01 12:11:00,0.0,0.0,0.0,0.0,50.0,0.0,0.0,0.0,0.0,0,50.0,69.39649999999999,1.0,119.39649999999999
2018-01-01 12:12:00,0.0,0.0,0.0,0.0,0.0,0.0,0.0,0.0,0.0,0,0.0,69.333,0.0,69.333
2018-01-01 12:13:00,0.0,0.0,0.0,0.0,0.0,0.0,0.0,0.0,0.0,0,0.0,69.2695,0.0,69.2695
2018-01-01 12:14:00,0.0,0.0,0.0,0.0,0.0,0.0,0.0,0.0,0.0,0,0.0,69.206,0.0,69.206
2018-01-01 12:15:00,0.0,0.0,0.0,0.0,0.0,0.0,0.0,0.0,0.0,0,0.0,69.1425,0.0,69.1425
2018-01-01 12:16:00,0.0,0.0,0.0,0.0,0.0,0.0,0.0,0.0,0.0,0,0.0,69.079,0.0,69.079
2018-01-01 12:17:00,0.0,0.0,0.0,0.0,0.0,0.0,0.0,0.0,0.0,0,0.0,69.0155,0.0,69.0155
2018-01-01 12:18:00,0.0,0.0,0.0,0.0,0.0,0.0,0.0,0.0,0.0,0,0.0,68.952,0.0,68.952
2018-01-01 12:19:00,0.0,0.0,0.0,0.0,0.0,0.0,0.0,0.0,0.0,0,0.0,68.88850000000001,0.0,68.88850000000001
2018-01-01 12:20:00,0.0,0.0,0.0,0.0,0.0,0.0,0.0,0.0,0.0,0,0.0,68.825,0.0,68.825
2018-01-01 12:21:00,0.0,0.0,0.0,0.0,0.0,0.0,0.0,0.0,0.0,0,0.0,68.7613,0.0,68.7613
2018-01-01 12:22:00,0.0,0.0,0.0,0.0,0.0,0.0,0.0,0.0,0.0,0,0.0,68.69760000000001,0.0,68.69760000000001
2018-01-01 12:23:00,0.0,0.0,0.0,0.0,0.0,0.0,0.0,0.0,0.0,0,0.0,68.6339,0.0,68.6339
2018-01-01 12:24:00,0.0,0.0,0.0,0.0,0.0,0.0,0.0,0.0,0.0,0,0.0,68.5702,0.0,68.5702
2018-01-01 12:25:00,0.0,0.0,0.0,0.0,0.0,0.0,0.0,0.0,0.0,0,0.0,68.5065,0.0,68.5065
2018-01-01 12:26:00,0.0,0.0,0.0,0.0,0.0,0.0,0.0,0.0,0.0,0,0.0,68.4428,0.0,68.4428
2018-01-01 12:27:00,0.0,0.0,0.0,0.0,0.0,0.0,0.0,0.0,0.0,0,0.0,68.37910000000001,0.0,68.37910000000001
2018-01-01 12:28:00,50.0,0.0,0.0,0.0,0.0,0.0,0.0,0.0,0.0,0,50.0,68.3154,1.0,118.3154
2018-01-01 12:29:00,50.0,0.0,0.0,0.0,0.0,0.0,0.0,0.0,0.0,0,50.0,68.2517,1.0,118.2517
2018-01-01 12:30:00,50.0,0.0,0.0,0.0,0.0,0.0,0.0,0.0,0.0,0,50.0,68.188,1.0,118.188
2018-01-01 12:31:00,50.0,0.0,0.0,0.0,0.0,0.0,0.0,0.0,0.0,0,50.0,68.0509,1.0,118.0509
2018-01-01 12:32:00,50.0,0.0,0.0,0.0,0.0,0.0,0.0,0.0,0.0,0,50.0,67.9138,1.0,117.9138
2018-01-01 12:33:00,50.0,0.0,0.0,0.0,0.0,0.0,0.0,0.0,0.0,0,50.0,67.7767,1.0,117.7767
2018-01-01 12:34:00,50.0,0.0,0.0,0.0,0.0,0.0,0.0,0.0,0.0,0,50.0,67.6396,1.0,117.6396
2018-01-01 12:35:00,50.0,0.0,0.0,0.0,0.0,0.0,0.0,0.0,0.0,0,50.0,67.5025,1.0,117.5025
2018-01-01 12:36:00,50.0,0.0,0.0,0.0,0.0,0.0,0.0,0.0,0.0,0,50.0,67.3654,1.0,117.3654
2018-01-01 12:37:00,50.0,0.0,0.0,0.0,0.0,0.0,0.0,0.0,0.0,0,50.0,67.22829999999999,1.0,117.22829999999999
2018-01-01 12:38:00,50.0,0.0,0.0,0.0,0.0,0.0,0.0,0.0,0.0,0,50.0,67.0912,1.0,117.0912
2018-01-01 12:39:00,50.0,0.0,0.0,0.0,0.0,0.0,0.0,0.0,0.0,0,50.0,66.9541,1.0,116.9541
2018-01-01 12:40:00,50.0,0.0,0.0,0.0,0.0,0.0,0.0,0.0,0.0,0,50.0,66.817,1.0,116.817
2018-01-01 12:41:00,50.0,0.0,0.0,0.0,0.0,0.0,0.0,0.0,0.0,0,50.0,67.06099999999999,1.0,117.06099999999999
2018-01-01 12:42:00,50.0,0.0,0.0,0.0,0.0,0.0,0.0,0.0,0.0,0,50.0,67.30499999999999,1.0,117.30499999999999
2018-01-01 12:43:00,50.0,0.0,0.0,0.0,0.0,0.0,0.0,0.0,0.0,0,50.0,67.54899999999999,1.0,117.54899999999999
2018-01-01 12:44:00,50.0,0.0,0.0,0.0,0.0,0.0,0.0,0.0,0.0,0,50.0,67.79299999999999,1.0,117.79299999999999
2018-01-01 12:45:00,50.0,0.0,0.0,0.0,0.0,0.0,0.0,0.0,0.0,0,50.0,68.037,1.0,118.037
2018-01-01 12:46:00,50.0,0.0,0.0,0.0,0.0,0.0,0.0,0.0,0.0,0,50.0,68.281,1.0,118.281
2018-01-01 12:47:00,50.0,0.0,0.0,0.0,0.0,0.0,0.0,0.0,0.0,0,50.0,68.525,1.0,118.525
2018-01-01 12:48:00,50.0,0.0,0.0,0.0,0.0,0.0,0.0,0.0,0.0,0,50.0,68.769,1.0,118.769
2018-01-01 12:49:00,50.0,0.0,0.0,0.0,0.0,0.0,0.0,0.0,0.0,0,50.0,69.013,1.0,119.013
2018-01-01 12:50:00,50.0,50.0,0.0,0.0,0.0,0.0,0.0,0.0,0.0,0,100.0,69.257,2.0,169.257
2018-01-01 12:51:00,50.0,50.0,0.0,0.0,0.0,0.0,0.0,0.0,0.0,0,100.0,69.30810000000001,2.0,169.30810000000002
2018-01-01 12:52:00,50.0,50.0,0.0,0.0,0.0,0.0,0.0,0.0,0.0,0,100.0,69.3592,2.0,169.3592
2018-01-01 12:53:00,50.0,50.0,0.0,0.0,0.0,0.0,0.0,0.0,0.0,0,100.0,69.4103,2.0,169.4103
2018-01-01 12:54:00,50.0,50.0,0.0,0.0,0.0,0.0,0.0,0.0,0.0,0,100.0,69.4614,2.0,169.4614
2018-01-01 12:55:00,50.0,50.0,0.0,0.0,0.0,0.0,0.0,0.0,0.0,0,100.0,69.5125,2.0,169.5125
2018-01-01 12:56:00,50.0,50.0,0.0,0.0,0.0,0.0,0.0,0.0,0.0,0,100.0,69.56360000000001,2.0,169.5636
2018-01-01 12:57:00,50.0,50.0,0.0,0.0,0.0,0.0,0.0,0.0,0.0,0,100.0,69.6147,2.0,169.6147
2018-01-01 12:58:00,50.0,50.0,0.0,0.0,0.0,0.0,0.0,0.0,0.0,0,100.0,69.6658,2.0,169.6658
2018-01-01 12:59:00,50.0,50.0,0.0,0.0,0.0,0.0,0.0,0.0,0.0,0,100.0,69.7169,2.0,169.7169
2018-01-01 13:00:00,50.0,50.0,0.0,0.0,0.0,0.0,0.0,0.0,0.0,0,100.0,69.768,2.0,169.768
2018-01-01 13:01:00,0.0,50.0,0.0,0.0,0.0,0.0,0.0,0.0,0.0,0,50.0,69.6025,1.0,119.6025
2018-01-01 13:02:00,0.0,50.0,0.0,0.0,0.0,0.0,0.0,0.0,0.0,0,50.0,69.437,1.0,119.437
2018-01-01 13:03:00,0.0,50.0,0.0,0.0,0.0,0.0,0.0,0.0,0.0,0,50.0,69.2715,1.0,119.2715
2018-01-01 13:04:00,0.0,50.0,0.0,0.0,0.0,0.0,0.0,0.0,0.0,0,50.0,69.106,1.0,119.106
2018-01-01 13:05:00,0.0,50.0,0.0,0.0,0.0,0.0,0.0,0.0,0.0,0,50.0,68.9405,1.0,118.9405
2018-01-01 13:06:00,0.0,50.0,0.0,0.0,0.0,0.0,0.0,0.0,0.0,0,50.0,68.775,1.0,118.775
2018-01-01 13:07:00,0.0,50.0,0.0,0.0,0.0,0.0,0.0,0.0,0.0,0,50.0,68.6095,1.0,118.6095
2018-01-01 13:08:00,0.0,50.0,0.0,0.0,0.0,0.0,0.0,0.0,0.0,0,50.0,68.444,1.0,118.444
2018-01-01 13:09:00,0.0,50.0,0.0,0.0,0.0,0.0,0.0,0.0,0.0,0,50.0,68.2785,1.0,118.2785
2018-01-01 13:10:00,0.0,50.0,0.0,0.0,0.0,0.0,0.0,0.0,0.0,0,50.0,68.113,1.0,118.113
2018-01-01 13:11:00,0.0,50.0,0.0,0.0,0.0,0.0,0.0,0.0,0.0,0,50.0,68.0773,1.0,118.0773
2018-01-01 13:12:00,0.0,50.0,0.0,0.0,0.0,0.0,0.0,0.0,0.0,0,50.0,68.0416,1.0,118.0416
2018-01-01 13:13:00,0.0,50.0,0.0,0.0,0.0,0.0,0.0,0.0,0.0,0,50.0,68.0059,1.0,118.0059
2018-01-01 13:14:00,0.0,50.0,0.0,0.0,0.0,0.0,0.0,0.0,0.0,0,50.0,67.9702,1.0,117.9702
2018-01-01 13:15:00,0.0,50.0,0.0,0.0,0.0,0.0,0.0,0.0,0.0,0,50.0,67.9345,1.0,117.9345
2018-01-01 13:16:00,0.0,50.0,0.0,0.0,0.0,0.0,0.0,0.0,0.0,0,50.0,67.8988,1.0,117.8988
2018-01-01 13:17:00,0.0,50.0,0.0,0.0,0.0,0.0,0.0,0.0,0.0,0,50.0,67.8631,1.0,117.8631
2018-01-01 13:18:00,0.0,50.0,0.0,0.0,0.0,0.0,0.0,0.0,0.0,0,50.0,67.8274,1.0,117.8274
2018-01-01 13:19:00,0.0,50.0,0.0,0.0,0.0,0.0,0.0,0.0,0.0,0,50.0,67.7917,1.0,117.7917
2018-01-01 13:20:00,0.0,50.0,0.0,0.0,0.0,0.0,0.0,0.0,0.0,0,50.0,67.756,1.0,117.756
2018-01-01 13:21:00,0.0,50.0,0.0,0.0,0.0,0.0,0.0,0.0,0.0,0,50.0,67.6971,1.0,117.6971
2018-01-01 13:22:00,0.0,50.0,0.0,0.0,0.0,0.0,0.0,0.0,0.0,0,50.0,67.6382,1.0,117.6382
2018-01-01 13:23:00,0.0,0.0,0.0,0.0,0.0,0.0,0.0,0.0,0.0,0,0.0,67.5793,0.0,67.5793
2018-01-01 13:24:00,0.0,0.0,0.0,0.0,0.0,0.0,0.0,0.0,0.0,0,0.0,67.5204,0.0,67.5204
2018-01-01 13:25:00,0.0,0.0,0.0,0.0,0.0,0.0,0.0,0.0,0.0,0,0.0,67.4615,0.0,67.4615
2018-01-01 13:26:00,0.0,0.0,0.0,0.0,0.0,0.0,0.0,0.0,0.0,0,0.0,67.4026,0.0,67.4026
2018-01-01 13:27:00,0.0,0.0,0.0,0.0,0.0,0.0,0.0,0.0,0.0,0,0.0,67.3437,0.0,67.3437
2018-01-01 13:28:00,0.0,0.0,0.0,0.0,0.0,0.0,0.0,0.0,0.0,0,0.0,67.2848,0.0,67.2848
2018-01-01 13:29:00,0.0,0.0,0.0,0.0,0.0,0.0,0.0,0.0,0.0,0,0.0,67.2259,0.0,67.2259
2018-01-01 13:30:00,0.0,0.0,0.0,0.0,0.0,0.0,0.0,0.0,0.0,0,0.0,67.167,0.0,67.167
2018-01-01 13:31:00,0.0,0.0,0.0,0.0,0.0,0.0,0.0,0.0,0.0,0,0.0,67.0692,0.0,67.0692
2018-01-01 13:32:00,0.0,0.0,0.0,0.0,0.0,0.0,0.0,0.0,0.0,0,0.0,66.9714,0.0,66.9714
2018-01-01 13:33:00,0.0,0.0,0.0,0.0,0.0,0.0,0.0,0.0,0.0,0,0.0,66.8736,0.0,66.8736
2018-01-01 13:34:00,0.0,0.0,0.0,0.0,0.0,0.0,0.0,0.0,0.0,0,0.0,66.7758,0.0,66.7758
2018-01-01 13:35:00,0.0,0.0,0.0,0.0,0.0,0.0,0.0,0.0,0.0,0,0.0,66.678,0.0,66.678
2018-01-01 13:36:00,0.0,0.0,0.0,0.0,0.0,0.0,0.0,0.0,0.0,0,0.0,66.58019999999999,0.0,66.58019999999999
2018-01-01 13:37:00,0.0,0.0,0.0,0.0,0.0,0.0,0.0,0.0,0.0,0,0.0,66.4824,0.0,66.4824
2018-01-01 13:38:00,0.0,0.0,0.0,0.0,0.0,0.0,0.0,0.0,0.0,0,0.0,66.38459999999999,0.0,66.38459999999999
2018-01-01 13:39:00,0.0,0.0,0.0,0.0,0.0,0.0,0.0,0.0,0.0,0,0.0,66.2868,0.0,66.2868
2018-01-01 13:40:00,0.0,0.0,0.0,0.0,0.0,0.0,0.0,0.0,0.0,0,0.0,66.189,0.0,66.189
2018-01-01 13:41:00,0.0,0.0,0.0,0.0,0.0,0.0,0.0,0.0,0.0,0,0.0,66.35369999999999,0.0,66.35369999999999
2018-01-01 13:42:00,0.0,0.0,0.0,0.0,0.0,0.0,0.0,0.0,0.0,0,0.0,66.5184,0.0,66.5184
2018-01-01 13:43:00,0.0,0.0,0.0,0.0,0.0,0.0,0.0,0.0,0.0,0,0.0,66.6831,0.0,66.6831
2018-01-01 13:44:00,0.0,0.0,0.0,0.0,0.0,0.0,0.0,0.0,0.0,0,0.0,66.84779999999999,0.0,66.84779999999999
2018-01-01 13:45:00,0.0,0.0,0.0,0.0,0.0,0.0,0.0,0.0,0.0,0,0.0,67.01249999999999,0.0,67.01249999999999
2018-01-01 13:46:00,0.0,0.0,0.0,0.0,0.0,0.0,0.0,0.0,0.0,0,0.0,67.1772,0.0,67.1772
2018-01-01 13:47:00,0.0,0.0,0.0,0.0,0.0,0.0,0.0,0.0,0.0,0,0.0,67.3419,0.0,67.3419
2018-01-01 13:48:00,50.0,0.0,0.0,0.0,0.0,0.0,0.0,0.0,0.0,0,50.0,67.50659999999999,1.0,117.50659999999999
2018-01-01 13:49:00,50.0,0.0,0.0,0.0,0.0,0.0,0.0,0.0,0.0,0,50.0,67.6713,1.0,117.6713
2018-01-01 13:50:00,50.0,0.0,0.0,0.0,0.0,0.0,0.0,0.0,0.0,0,50.0,67.836,1.0,117.836
2018-01-01 13:51:00,50.0,0.0,0.0,0.0,0.0,0.0,0.0,0.0,0.0,0,50.0,67.8144,1.0,117.8144
2018-01-01 13:52:00,50.0,0.0,0.0,0.0,0.0,0.0,0.0,0.0,0.0,0,50.0,67.7928,1.0,117.7928
2018-01-01 13:53:00,50.0,0.0,0.0,0.0,0.0,0.0,0.0,0.0,0.0,0,50.0,67.7712,1.0,117.7712
2018-01-01 13:54:00,50.0,0.0,0.0,0.0,0.0,0.0,0.0,0.0,0.0,0,50.0,67.7496,1.0,117.7496
2018-01-01 13:55:00,50.0,0.0,0.0,0.0,0.0,0.0,0.0,0.0,0.0,0,50.0,67.72800000000001,1.0,117.72800000000001
2018-01-01 13:56:00,50.0,0.0,0.0,0.0,0.0,0.0,0.0,0.0,0.0,0,50.0,67.7064,1.0,117.7064
2018-01-01 13:57:00,50.0,0.0,0.0,0.0,0.0,0.0,0.0,0.0,0.0,0,50.0,67.6848,1.0,117.6848
2018-01-01 13:58:00,50.0,0.0,0.0,0.0,0.0,0.0,0.0,0.0,0.0,0,50.0,67.6632,1.0,117.6632
2018-01-01 13:59:00,50.0,0.0,0.0,0.0,0.0,0.0,0.0,0.0,0.0,0,50.0,67.64160000000001,1.0,117.64160000000001
2018-01-01 14:00:00,50.0,0.0,0.0,0.0,0.0,0.0,0.0,0.0,0.0,0,50.0,67.62,1.0,117.62
2018-01-01 14:01:00,50.0,0.0,0.0,0.0,0.0,0.0,0.0,0.0,0.0,0,50.0,67.486,1.0,117.486
2018-01-01 14:02:00,50.0,0.0,0.0,0.0,0.0,0.0,0.0,0.0,0.0,0,50.0,67.352,1.0,117.352
2018-01-01 14:03:00,50.0,0.0,0.0,0.0,0.0,0.0,0.0,0.0,0.0,0,50.0,67.218,1.0,117.218
2018-01-01 14:04:00,50.0,0.0,0.0,0.0,0.0,0.0,0.0,0.0,0.0,0,50.0,67.084,1.0,117.084
2018-01-01 14:05:00,50.0,0.0,0.0,0.0,0.0,0.0,0.0,0.0,0.0,0,50.0,66.95,1.0,116.95
2018-01-01 14:06:00,50.0,0.0,0.0,0.0,0.0,0.0,0.0,0.0,0.0,0,50.0,66.816,1.0,116.816
2018-01-01 14:07:00,50.0,0.0,0.0,0.0,0.0,0.0,0.0,0.0,0.0,0,50.0,66.682,1.0,116.682
2018-01-01 14:08:00,50.0,0.0,0.0,0.0,0.0,0.0,0.0,0.0,0.0,0,50.0,66.548,1.0,116.548
2018-01-01 14:09:00,50.0,0.0,0.0,0.0,0.0,0.0,0.0,0.0,0.0,0,50.0,66.414,1.0,116.414
2018-01-01 14:10:00,50.0,0.0,0.0,0.0,0.0,0.0,0.0,0.0,0.0,0,50.0,66.28,1.0,116.28
2018-01-01 14:11:00,50.0,50.0,0.0,0.0,0.0,0.0,0.0,0.0,0.0,0,100.0,66.3949,2.0,166.3949
2018-01-01 14:12:00,50.0,50.0,50.0,0.0,0.0,0.0,0.0,0.0,0.0,0,150.0,66.5098,3.0,216.50979999999998
2018-01-01 14:13:00,50.0,50.0,50.0,0.0,0.0,0.0,0.0,0.0,0.0,0,150.0,66.6247,3.0,216.62470000000002
2018-01-01 14:14:00,50.0,50.0,50.0,0.0,0.0,0.0,0.0,0.0,0.0,0,150.0,66.7396,3.0,216.7396
2018-01-01 14:15:00,50.0,50.0,50.0,0.0,0.0,0.0,0.0,0.0,0.0,0,150.0,66.8545,3.0,216.8545
2018-01-01 14:16:00,50.0,50.0,50.0,0.0,0.0,0.0,0.0,0.0,0.0,0,150.0,66.96940000000001,3.0,216.9694
2018-01-01 14:17:00,50.0,50.0,50.0,0.0,0.0,0.0,0.0,0.0,0.0,0,150.0,67.0843,3.0,217.08429999999998
2018-01-01 14:18:00,50.0,50.0,50.0,0.0,0.0,0.0,0.0,0.0,0.0,0,150.0,67.1992,3.0,217.19920000000002
2018-01-01 14:19:00,50.0,50.0,50.0,0.0,0.0,0.0,0.0,0.0,0.0,0,150.0,67.3141,3.0,217.3141
2018-01-01 14:20:00,50.0,50.0,50.0,0.0,0.0,0.0,0.0,0.0,0.0,0,150.0,67.429,3.0,217.429
2018-01-01 14:21:00,0.0,50.0,50.0,0.0,0.0,0.0,0.0,0.0,0.0,0,100.0,67.456,2.0,167.45600000000002
2018-01-01 14:22:00,0.0,50.0,50.0,0.0,0.0,0.0,0.0,0.0,0.0,0,100.0,67.483,2.0,167.483
2018-01-01 14:23:00,0.0,50.0,50.0,0.0,0.0,0.0,0.0,0.0,0.0,0,100.0,67.51,2.0,167.51
2018-01-01 14:24:00,0.0,50.0,50.0,0.0,0.0,0.0,0.0,0.0,0.0,0,100.0,67.537,2.0,167.537
2018-01-01 14:25:00,0.0,50.0,50.0,0.0,0.0,0.0,0.0,0.0,0.0,0,100.0,67.564,2.0,167.564
2018-01-01 14:26:00,0.0,50.0,50.0,0.0,0.0,0.0,0.0,0.0,0.0,0,100.0,67.591,2.0,167.591
2018-01-01 14:27:00,0.0,50.0,50.0,0.0,0.0,0.0,0.0,0.0,0.0,0,100.0,67.618,2.0,167.618
2018-01-01 14:28:00,0.0,50.0,50.0,0.0,0.0,0.0,0.0,0.0,0.0,0,100.0,67.645,2.0,167.64499999999998
2018-01-01 14:29:00,0.0,50.0,50.0,0.0,0.0,0.0,0.0,0.0,0.0,0,100.0,67.672,2.0,167.672
2018-01-01 14:30:00,0.0,50.0,50.0,0.0,0.0,0.0,0.0,0.0,0.0,0,100.0,67.699,2.0,167.699
2018-01-01 14:31:00,0.0,50.0,50.0,0.0,0.0,0.0,0.0,0.0,0.0,0,100.0,67.4786,2.0,167.4786
2018-01-01 14:32:00,0.0,50.0,50.0,0.0,0.0,0.0,0.0,0.0,0.0,0,100.0,67.2582,2.0,167.2582
2018-01-01 14:33:00,0.0,50.0,50.0,0.0,0.0,0.0,0.0,0.0,0.0,0,100.0,67.0378,2.0,167.0378
2018-01-01 14:34:00,0.0,50.0,50.0,0.0,0.0,0.0,0.0,0.0,0.0,0,100.0,66.8174,2.0,166.81740000000002
2018-01-01 14:35:00,0.0,50.0,50.0,0.0,0.0,0.0,0.0,0.0,0.0,0,100.0,66.59700000000001,2.0,166.597
2018-01-01 14:36:00,0.0,50.0,50.0,0.0,0.0,0.0,0.0,0.0,0.0,0,100.0,66.3766,2.0,166.3766
2018-01-01 14:37:00,0.0,50.0,50.0,0.0,0.0,0.0,0.0,0.0,0.0,0,100.0,66.1562,2.0,166.1562
2018-01-01 14:38:00,0.0,50.0,50.0,0.0,0.0,0.0,0.0,0.0,0.0,0,100.0,65.9358,2.0,165.9358
2018-01-01 14:39:00,0.0,50.0,50.0,0.0,0.0,0.0,0.0,0.0,0.0,0,100.0,65.7154,2.0,165.7154
2018-01-01 14:40:00,0.0,50.0,50.0,0.0,0.0,0.0,0.0,0.0,0.0,0,100.0,65.495,2.0,165.495
2018-01-01 14:41:00,0.0,50.0,50.0,0.0,0.0,0.0,0.0,0.0,0.0,0,100.0,65.34710000000001,2.0,165.3471
2018-01-01 14:42:00,0.0,50.0,50.0,0.0,0.0,0.0,0.0,0.0,0.0,0,100.0,65.1992,2.0,165.19920000000002
2018-01-01 14:43:00,0.0,50.0,50.0,0.0,0.0,0.0,0.0,0.0,0.0,0,100.0,65.0513,2.0,165.0513
2018-01-01 14:44:00,0.0,0.0,50.0,0.0,0.0,0.0,0.0,0.0,0.0,0,50.0,64.9034,1.0,114.9034
2018-01-01 14:45:00,0.0,0.0,0.0,0.0,0.0,0.0,0.0,0.0,0.0,0,0.0,64.75550000000001,0.0,64.75550000000001
2018-01-01 14:46:00,0.0,0.0,0.0,0.0,0.0,0.0,0.0,0.0,0.0,0,0.0,64.6076,0.0,64.6076
2018-01-01 14:47:00,0.0,0.0,0.0,0.0,0.0,0.0,0.0,0.0,0.0,0,0.0,64.4597,0.0,64.4597
2018-01-01 14:48:00,0.0,0.0,0.0,0.0,0.0,0.0,0.0,0.0,0.0,0,0.0,64.3118,0.0,64.3118
2018-01-01 14:49:00,0.0,0.0,0.0,0.0,0.0,0.0,0.0,0.0,0.0,0,0.0,64.16390000000001,0.0,64.16390000000001
2018-01-01 14:50:00,0.0,0.0,0.0,0.0,0.0,0.0,0.0,0.0,0.0,0,0.0,64.016,0.0,64.016
2018-01-01 14:51:00,0.0,0.0,0.0,0.0,0.0,0.0,0.0,0.0,0.0,0,0.0,64.1302,0.0,64.1302
2018-01-01 14:52:00,0.0,0.0,0.0,0.0,0.0,0.0,0.0,0.0,0.0,0,0.0,64.2444,0.0,64.2444
2018-01-01 14:53:00,0.0,0.0,0.0,0.0,0.0,0.0,0.0,0.0,0.0,0,0.0,64.35860000000001,0.0,64.35860000000001
2018-01-01 14:54:00,0.0,0.0,0.0,0.0,0.0,0.0,0.0,0.0,0.0,0,0.0,64.4728,0.0,64.4728
2018-01-01 14:55:00,0.0,0.0,0.0,0.0,0.0,0.0,0.0,0.0,0.0,0,0.0,64.587,0.0,64.587
2018-01-01 14:56:00,50.0,0.0,0.0,0.0,0.0,0.0,0.0,0.0,0.0,0,50.0,64.7012,1.0,114.7012
2018-01-01 14:57:00,50.0,0.0,0.0,0.0,0.0,0.0,0.0,0.0,0.0,0,50.0,64.8154,1.0,114.8154
2018-01-01 14:58:00,50.0,0.0,0.0,0.0,0.0,0.0,0.0,0.0,0.0,0,50.0,64.92960000000001,1.0,114.92960000000001
2018-01-01 14:59:00,50.0,0.0,0.0,0.0,0.0,0.0,0.0,0.0,0.0,0,50.0,65.0438,1.0,115.0438
2018-01-01 15:00:00,50.0,0.0,0.0,0.0,0.0,0.0,0.0,0.0,0.0,0,50.0,65.158,1.0,115.158
2018-01-01 15:01:00,50.0,0.0,0.0,0.0,0.0,0.0,0.0,0.0,0.0,0,50.0,65.0328,1.0,115.0328
2018-01-01 15:02:00,50.0,0.0,0.0,0.0,0.0,0.0,0.0,0.0,0.0,0,50.0,64.9076,1.0,114.9076
2018-01-01 15:03:00,50.0,0.0,0.0,0.0,0.0,0.0,0.0,0.0,0.0,0,50.0,64.7824,1.0,114.7824
2018-01-01 15:04:00,50.0,0.0,0.0,0.0,0.0,0.0,0.0,0.0,0.0,0,50.0,64.6572,1.0,114.6572
2018-01-01 15:05:00,50.0,0.0,0.0,0.0,0.0,0.0,0.0,0.0,0.0,0,50.0,64.532,1.0,114.532
2018-01-01 15:06:00,50.0,0.0,0.0,0.0,0.0,0.0,0.0,0.0,0.0,0,50.0,64.4068,1.0,114.4068
2018-01-01 15:07:00,50.0,0.0,0.0,0.0,0.0,0.0,0.0,0.0,0.0,0,50.0,64.2816,1.0,114.2816
2018-01-01 15:08:00,50.0,0.0,0.0,0.0,0.0,0.0,0.0,0.0,0.0,0,50.0,64.1564,1.0,114.1564
2018-01-01 15:09:00,50.0,0.0,0.0,0.0,0.0,0.0,0.0,0.0,0.0,0,50.0,64.0312,1.0,114.0312
2018-01-01 15:10:00,50.0,0.0,0.0,0.0,0.0,0.0,0.0,0.0,0.0,0,50.0,63.906,1.0,113.906
2018-01-01 15:11:00,50.0,0.0,0.0,0.0,0.0,0.0,0.0,0.0,0.0,0,50.0,63.8988,1.0,113.8988
2018-01-01 15:12:00,50.0,0.0,0.0,0.0,0.0,0.0,0.0,0.0,0.0,0,50.0,63.8916,1.0,113.8916
2018-01-01 15:13:00,50.0,0.0,0.0,0.0,0.0,0.0,0.0,0.0,0.0,0,50.0,63.8844,1.0,113.8844
2018-01-01 15:14:00,50.0,0.0,0.0,0.0,0.0,0.0,0.0,0.0,0.0,0,50.0,63.8772,1.0,113.8772
2018-01-01 15:15:00,50.0,0.0,0.0,0.0,0.0,0.0,0.0,0.0,0.0,0,50.0,63.870000000000005,1.0,113.87
2018-01-01 15:16:00,50.0,0.0,0.0,0.0,0.0,0.0,0.0,0.0,0.0,0,50.0,63.8628,1.0,113.8628
2018-01-01 15:17:00,50.0,0.0,0.0,0.0,0.0,0.0,0.0,0.0,0.0,0,50.0,63.8556,1.0,113.85560000000001
2018-01-01 15:18:00,50.0,0.0,0.0,0.0,0.0,0.0,0.0,0.0,0.0,0,50.0,63.848400000000005,1.0,113.8484
2018-01-01 15:19:00,50.0,0.0,0.0,0.0,0.0,0.0,0.0,0.0,0.0,0,50.0,63.8412,1.0,113.8412
2018-01-01 15:20:00,50.0,0.0,0.0,0.0,0.0,0.0,0.0,0.0,0.0,0,50.0,63.834,1.0,113.834
2018-01-01 15:21:00,50.0,0.0,0.0,0.0,0.0,0.0,0.0,0.0,0.0,0,50.0,63.7389,1.0,113.7389
2018-01-01 15:22:00,50.0,0.0,0.0,0.0,0.0,0.0,0.0,0.0,0.0,0,50.0,63.643800000000006,1.0,113.6438
2018-01-01 15:23:00,50.0,0.0,0.0,0.0,0.0,0.0,0.0,0.0,0.0,0,50.0,63.548700000000004,1.0,113.5487
2018-01-01 15:24:00,50.0,0.0,0.0,0.0,0.0,0.0,0.0,0.0,0.0,0,50.0,63.4536,1.0,113.4536
2018-01-01 15:25:00,50.0,0.0,0.0,0.0,0.0,0.0,0.0,0.0,0.0,0,50.0,63.35850000000001,1.0,113.3585
2018-01-01 15:26:00,50.0,0.0,0.0,0.0,0.0,0.0,0.0,0.0,0.0,0,50.0,63.263400000000004,1.0,113.2634
2018-01-01 15:27:00,50.0,0.0,0.0,0.0,0.0,0.0,0.0,0.0,0.0,0,50.0,63.1683,1.0,113.1683
2018-01-01 15:28:00,50.0,0.0,0.0,0.0,0.0,0.0,0.0,0.0,0.0,0,50.0,63.0732,1.0,113.0732
2018-01-01 15:29:00,0.0,0.0,0.0,0.0,0.0,0.0,0.0,0.0,0.0,0,0.0,62.978100000000005,0.0,62.978100000000005
2018-01-01 15:30:00,0.0,0.0,0.0,0.0,0.0,0.0,0.0,0.0,0.0,0,0.0,62.883,0.0,62.883
2018-01-01 15:31:00,0.0,0.0,0.0,0.0,0.0,0.0,0.0,0.0,0.0,0,0.0,62.973600000000005,0.0,62.973600000000005
2018-01-01 15:32:00,0.0,0.0,0.0,0.0,0.0,0.0,0.0,0.0,0.0,0,0.0,63.0642,0.0,63.0642
2018-01-01 15:33:00,0.0,0.0,0.0,0.0,0.0,0.0,0.0,0.0,0.0,0,0.0,63.1548,0.0,63.1548
2018-01-01 15:34:00,0.0,0.0,0.0,0.0,0.0,0.0,0.0,0.0,0.0,0,0.0,63.245400000000004,0.0,63.245400000000004
2018-01-01 15:35:00,0.0,0.0,0.0,0.0,0.0,0.0,0.0,0.0,0.0,0,0.0,63.336,0.0,63.336
2018-01-01 15:36:00,0.0,0.0,0.0,0.0,0.0,0.0,0.0,0.0,0.0,0,0.0,63.4266,0.0,63.4266
2018-01-01 15:37:00,0.0,0.0,0.0,0.0,0.0,0.0,0.0,0.0,0.0,0,0.0,63.5172,0.0,63.5172
2018-01-01 15:38:00,0.0,0.0,0.0,0.0,0.0,0.0,0.0,0.0,0.0,0,0.0,63.607800000000005,0.0,63.607800000000005
2018-01-01 15:39:00,0.0,0.0,0.0,0.0,0.0,0.0,0.0,0.0,0.0,0,0.0,63.6984,0.0,63.6984
2018-01-01 15:40:00,0.0,0.0,0.0,0.0,0.0,0.0,0.0,0.0,0.0,0,0.0,63.789,0.0,63.789
2018-01-01 15:41:00,0.0,0.0,0.0,0.0,0.0,0.0,0.0,0.0,0.0,0,0.0,63.9859,0.0,63.9859
2018-01-01 15:42:00,0.0,0.0,0.0,0.0,0.0,0.0,0.0,0.0,0.0,0,0.0,64.1828,0.0,64.1828
2018-01-01 15:43:00,0.0,0.0,0.0,0.0,0.0,0.0,0.0,0.0,0.0,0,0.0,64.3797,0.0,64.3797
2018-01-01 15:44:00,0.0,0.0,0.0,0.0,0.0,0.0,0.0,0.0,0.0,0,0.0,64.5766,0.0,64.5766
2018-01-01 15:45:00,0.0,0.0,0.0,0.0,0.0,0.0,0.0,0.0,0.0,0,0.0,64.7735,0.0,64.7735
2018-01-01 15:46:00,0.0,0.0,0.0,0.0,0.0,0.0,0.0,0.0,0.0,0,0.0,64.9704,0.0,64.9704
2018-01-01 15:47:00,0.0,0.0,0.0,0.0,0.0,0.0,0.0,0.0,0.0,0,0.0,65.1673,0.0,65.1673
2018-01-01 15:48:00,0.0,0.0,0.0,0.0,0.0,0.0,0.0,0.0,0.0,0,0.0,65.3642,0.0,65.3642
2018-01-01 15:49:00,0.0,0.0,0.0,0.0,0.0,0.0,0.0,0.0,0.0,0,0.0,65.5611,0.0,65.5611
2018-01-01 15:50:00,0.0,0.0,0.0,0.0,0.0,0.0,0.0,0.0,0.0,0,0.0,65.758,0.0,65.758
2018-01-01 15:51:00,0.0,0.0,0.0,0.0,0.0,0.0,0.0,0.0,0.0,0,0.0,65.503,0.0,65.503
2018-01-01 15:52:00,0.0,0.0,0.0,0.0,0.0,0.0,0.0,0.0,0.0,0,0.0,65.24799999999999,0.0,65.24799999999999
2018-01-01 15:53:00,0.0,0.0,0.0,0.0,0.0,0.0,0.0,0.0,0.0,0,0.0,64.993,0.0,64.993
2018-01-01 15:54:00,0.0,0.0,0.0,0.0,0.0,0.0,0.0,0.0,0.0,0,0.0,64.738,0.0,64.738
2018-01-01 15:55:00,0.0,0.0,0.0,0.0,0.0,0.0,0.0,0.0,0.0,0,0.0,64.483,0.0,64.483
2018-01-01 15:56:00,0.0,0.0,0.0,0.0,0.0,0.0,0.0,0.0,0.0,0,0.0,64.228,0.0,64.228
2018-01-01 15:57:00,0.0,0.0,0.0,0.0,0.0,0.0,0.0,0.0,0.0,0,0.0,63.973,0.0,63.973
2018-01-01 15:58:00,0.0,0.0,0.0,0.0,0.0,0.0,0.0,0.0,0.0,0,0.0,63.717999999999996,0.0,63.717999999999996
2018-01-01 15:59:00,0.0,0.0,0.0,0.0,0.0,0.0,0.0,0.0,0.0,0,0.0,63.463,0.0,63.463
2018-01-01 16:00:00,0.0,0.0,0.0,0.0,0.0,0.0,0.0,0.0,0.0,0,0.0,63.208,0.0,63.208
2018-01-01 16:01:00,0.0,0.0,0.0,0.0,0.0,0.0,0.0,0.0,0.0,0,0.0,63.2479,0.0,63.2479
2018-01-01 16:02:00,0.0,0.0,0.0,0.0,0.0,0.0,0.0,0.0,0.0,0,0.0,63.2878,0.0,63.2878
2018-01-01 16:03:00,0.0,0.0,0.0,0.0,0.0,0.0,0.0,0.0,0.0,0,0.0,63.3277,0.0,63.3277
2018-01-01 16:04:00,0.0,0.0,0.0,0.0,0.0,0.0,0.0,0.0,0.0,0,0.0,63.367599999999996,0.0,63.367599999999996
2018-01-01 16:05:00,0.0,0.0,0.0,0.0,0.0,0.0,0.0,0.0,0.0,0,0.0,63.4075,0.0,63.4075
2018-01-01 16:06:00,0.001,0.0,0.0,0.0,0.0,0.0,0.0,0.0,0.0,0,0.001,63.4474,1.0,63.4484
2018-01-01 16:07:00,0.001,0.0,0.0,0.0,0.0,0.0,0.0,0.0,0.0,0,0.001,63.4873,1.0,63.488299999999995
2018-01-01 16:08:00,0.001,0.0,0.0,0.0,0.0,0.0,0.0,0.0,0.0,0,0.001,63.5272,1.0,63.5282
2018-01-01 16:09:00,0.001,0.0,0.0,0.0,0.0,0.0,0.0,0.0,0.0,0,0.001,63.567099999999996,1.0,63.568099999999994
2018-01-01 16:10:00,0.001,0.0,0.0,0.0,0.0,0.0,0.0,0.0,0.0,0,0.001,63.607,1.0,63.608
2018-01-01 16:11:00,0.001,0.0,0.0,0.0,0.0,0.0,0.0,0.0,0.0,0,0.001,63.7609,1.0,63.7619
2018-01-01 16:12:00,0.001,0.0,0.0,0.0,0.0,0.0,0.0,0.0,0.0,0,0.001,63.9148,1.0,63.9158
2018-01-01 16:13:00,0.001,0.001,0.0,0.0,0.0,0.0,0.0,0.0,0.0,0,0.002,64.0687,2.0,64.0707
2018-01-01 16:14:00,0.001,0.001,0.0,0.0,0.0,0.0,0.0,0.0,0.0,0,0.002,64.2226,2.0,64.2246
2018-01-01 16:15:00,0.001,0.001,0.0,0.0,0.0,0.0,0.0,0.0,0.0,0,0.002,64.3765,2.0,64.37849999999999
2018-01-01 16:16:00,0.001,0.001,0.0,0.0,0.0,0.0,0.0,0.0,0.0,0,0.002,64.5304,2.0,64.5324
2018-01-01 16:17:00,0.001,0.001,0.0,0.0,0.0,0.0,0.0,0.0,0.0,0,0.002,64.68430000000001,2.0,64.6863
2018-01-01 16:18:00,0.001,0.001,0.0,0.0,0.0,0.0,0.0,0.0,0.0,0,0.002,64.8382,2.0,64.8402
2018-01-01 16:19:00,0.001,0.001,0.0,0.0,0.0,0.0,0.0,0.0,0.0,0,0.002,64.9921,2.0,64.99409999999999
2018-01-01 16:20:00,0.001,0.001,0.0,0.0,0.0,0.0,0.0,0.0,0.0,0,0.002,65.146,2.0,65.148
2018-01-01 16:21:00,0.001,0.001,0.0,0.0,0.0,0.0,0.0,0.0,0.0,0,0.002,64.9746,2.0,64.97659999999999
2018-01-01 16:22:00,0.001,0.001,0.0,0.0,0.0,0.0,0.0,0.0,0.0,0,0.002,64.8032,2.0,64.8052
2018-01-01 16:23:00,0.001,0.001,0.0,0.0,0.0,0.0,0.0,0.0,0.0,0,0.002,64.6318,2.0,64.6338
2018-01-01 16:24:00,0.001,0.001,0.0,0.0,0.0,0.0,0.0,0.0,0.0,0,0.002,64.4604,2.0,64.4624
2018-01-01 16:25:00,0.001,0.001,0.0,0.0,0.0,0.0,0.0,0.0,0.0,0,0.002,64.289,2.0,64.291
2018-01-01 16:26:00,0.001,0.001,0.0,0.0,0.0,0.0,0.0,0.0,0.0,0,0.002,64.1176,2.0,64.11959999999999
2018-01-01 16:27:00,0.001,0.001,0.0,0.0,0.0,0.0,0.0,0.0,0.0,0,0.002,63.946200000000005,2.0,63.94820000000001
2018-01-01 16:28:00,0.001,0.001,0.0,0.0,0.0,0.0,0.0,0.0,0.0,0,0.002,63.7748,2.0,63.7768
2018-01-01 16:29:00,0.001,0.001,0.0,0.0,0.0,0.0,0.0,0.0,0.0,0,0.002,63.6034,2.0,63.6054
2018-01-01 16:30:00,0.001,0.001,0.0,0.0,0.0,0.0,0.0,0.0,0.0,0,0.002,63.432,2.0,63.434000000000005
2018-01-01 16:31:00,0.001,0.001,0.0,0.0,0.0,0.0,0.0,0.0,0.0,0,0.002,62.8446,2.0,62.8466
2018-01-01 16:32:00,0.001,0.001,0.0,0.0,0.0,0.0,0.0,0.0,0.0,0,0.002,62.257200000000005,2.0,62.25920000000001
2018-01-01 16:33:00,0.001,0.001,0.0,0.0,0.0,0.0,0.0,0.0,0.0,0,0.002,61.6698,2.0,61.671800000000005
2018-01-01 16:34:00,0.001,0.001,0.0,0.0,0.0,0.0,0.0,0.0,0.0,0,0.002,61.0824,2.0,61.0844
2018-01-01 16:35:00,0.001,0.001,0.0,0.0,0.0,0.0,0.0,0.0,0.0,0,0.002,60.495000000000005,2.0,60.49700000000001
2018-01-01 16:36:00,0.001,0.001,0.0,0.0,0.0,0.0,0.0,0.0,0.0,0,0.002,59.9076,2.0,59.909600000000005
2018-01-01 16:37:00,0.001,0.001,0.0,0.0,0.0,0.0,0.0,0.0,0.0,0,0.002,59.3202,2.0,59.3222
2018-01-01 16:38:00,0.001,0.001,0.0,0.0,0.0,0.0,0.0,0.0,0.0,0,0.002,58.7328,2.0,58.7348
2018-01-01 16:39:00,0.001,0.001,0.0,0.0,0.0,0.0,0.0,0.0,0.0,0,0.002,58.1454,2.0,58.147400000000005
2018-01-01 16:40:00,0.001,0.001,0.0,0.0,0.0,0.0,0.0,0.0,0.0,0,0.002,57.558,2.0,57.56
2018-01-01 16:41:00,0.001,0.001,0.0,0.0,0.0,0.0,0.0,0.0,0.0,0,0.002,57.7679,2.0,57.7699
2018-01-01 16:42:00,0.001,0.001,0.0,0.0,0.0,0.0,0.0,0.0,0.0,0,0.002,57.9778,2.0,57.979800000000004
2018-01-01 16:43:00,0.001,0.001,0.0,0.0,0.0,0.0,0.0,0.0,0.0,0,0.002,58.1877,2.0,58.1897
2018-01-01 16:44:00,0.001,0.001,0.0,0.0,0.0,0.0,0.0,0.0,0.0,0,0.002,58.3976,2.0,58.3996
2018-01-01 16:45:00,0.001,0.001,0.0,0.0,0.0,0.0,0.0,0.0,0.0,0,0.002,58.6075,2.0,58.609500000000004
2018-01-01 16:46:00,0.001,0.001,0.0,0.0,0.0,0.0,0.0,0.0,0.0,0,0.002,58.8174,2.0,58.8194
2018-01-01 16:47:00,0.001,0.001,0.0,0.0,0.0,0.0,0.0,0.0,0.0,0,0.002,59.0273,2.0,59.0293
2018-01-01 16:48:00,0.001,0.001,0.0,0.0,0.0,0.0,0.0,0.0,0.0,0,0.002,59.237199999999994,2.0,59.2392
2018-01-01 16:49:00,0.001,0.001,0.0,0.0,0.0,0.0,0.0,0.0,0.0,0,0.002,59.4471,2.0,59.4491
2018-01-01 16:50:00,0.001,0.001,0.0,0.0,0.0,0.0,0.0,0.0,0.0,0,0.002,59.657,2.0,59.659
2018-01-01 16:51:00,0.001,0.001,0.0,0.0,0.0,0.0,0.0,0.0,0.0,0,0.002,59.229699999999994,2.0,59.2317
2018-01-01 16:52:00,0.001,0.001,0.0,0.0,0.0,0.0,0.0,0.0,0.0,0,0.002,58.8024,2.0,58.8044
2018-01-01 16:53:00,0.001,0.001,0.0,0.0,0.0,0.0,0.0,0.0,0.0,0,0.002,58.375099999999996,2.0,58.3771
2018-01-01 16:54:00,0.001,0.001,0.0,0.0,0.0,0.0,0.0,0.0,0.0,0,0.002,57.9478,2.0,57.9498
2018-01-01 16:55:00,0.001,0.001,0.001,0.0,0.0,0.0,0.0,0.0,0.0,0,0.003,57.5205,3.0,57.5235
2018-01-01 16:56:00,0.001,0.001,0.001,0.0,0.0,0.0,0.0,0.0,0.0,0,0.003,57.093199999999996,3.0,57.096199999999996
2018-01-01 16:57:00,0.001,0.001,0.001,0.0,0.0,0.0,0.0,0.0,0.0,0,0.003,56.6659,3.0,56.6689
2018-01-01 16:58:00,0.001,0.001,0.001,0.0,0.0,0.0,0.0,0.0,0.0,0,0.003,56.2386,3.0,56.2416
2018-01-01 16:59:00,0.001,0.001,0.001,0.0,0.0,0.0,0.0,0.0,0.0,0,0.003,55.8113,3.0,55.8143
2018-01-01 17:00:00,0.001,0.001,0.001,0.0,0.0,0.0,0.0,0.0,0.0,0,0.003,55.384,3.0,55.387
2018-01-01 17:01:00,0.001,0.001,0.001,0.0,0.0,0.0,0.0,0.0,0.0,0,0.003,55.5571,3.0,55.5601
2018-01-01 17:02:00,0.001,0.001,0.001,0.0,0.0,0.0,0.0,0.0,0.0,0,0.003,55.7302,3.0,55.733200000000004
2018-01-01 17:03:00,0.001,0.001,0.001,0.0,0.0,0.0,0.0,0.0,0.0,0,0.003,55.9033,3.0,55.9063
2018-01-01 17:04:00,0.001,0.001,0.001,0.0,0.0,0.0,0.0,0.0,0.0,0,0.003,56.0764,3.0,56.0794
2018-01-01 17:05:00,0.001,0.001,0.001,0.0,0.0,0.0,0.0,0.0,0.0,0,0.003,56.2495,3.0,56.2525
2018-01-01 17:06:00,0.001,0.001,0.001,0.0,0.0,0.0,0.0,0.0,0.0,0,0.003,56.4226,3.0,56.4256
2018-01-01 17:07:00,0.0,0.001,0.001,0.0,0.0,0.0,0.0,0.0,0.0,0,0.002,56.5957,2.0,56.5977
2018-01-01 17:08:00,0.0,0.001,0.001,0.0,0.0,0.0,0.0,0.0,0.0,0,0.002,56.7688,2.0,56.7708
2018-01-01 17:09:00,0.0,0.001,0.001,0.0,0.0,0.0,0.0,0.0,0.0,0,0.002,56.941900000000004,2.0,56.943900000000006
2018-01-01 17:10:00,0.0,0.001,0.001,0.0,0.0,0.0,0.0,0.0,0.0,0,0.002,57.115,2.0,57.117000000000004
2018-01-01 17:11:00,0.0,0.001,0.001,0.0,0.0,0.0,0.0,0.0,0.0,0,0.002,57.3174,2.0,57.3194
2018-01-01 17:12:00,0.0,0.001,0.001,0.0,0.0,0.0,0.0,0.0,0.0,0,0.002,57.519800000000004,2.0,57.521800000000006
2018-01-01 17:13:00,0.0,0.001,0.001,0.0,0.0,0.0,0.0,0.0,0.0,0,0.002,57.7222,2.0,57.7242
2018-01-01 17:14:00,0.0,0.0,0.001,0.0,0.0,0.0,0.0,0.0,0.0,0,0.001,57.924600000000005,1.0,57.9256
2018-01-01 17:15:00,0.0,0.0,0.001,0.0,0.0,0.0,0.0,0.0,0.0,0,0.001,58.127,1.0,58.128
2018-01-01 17:16:00,0.0,0.0,0.001,0.0,0.0,0.0,0.0,0.0,0.0,0,0.001,58.3294,1.0,58.3304
2018-01-01 17:17:00,0.0,0.0,0.001,0.0,0.0,0.0,0.0,0.0,0.0,0,0.001,58.531800000000004,1.0,58.5328
2018-01-01 17:18:00,0.0,0.0,0.001,0.0,0.0,0.0,0.0,0.0,0.0,0,0.001,58.7342,1.0,58.7352
2018-01-01 17:19:00,0.0,0.0,0.001,0.0,0.0,0.0,0.0,0.0,0.0,0,0.001,58.936600000000006,1.0,58.9376
2018-01-01 17:20:00,0.0,0.0,0.001,0.0,0.0,0.0,0.0,0.0,0.0,0,0.001,59.139,1.0,59.14
2018-01-01 17:21:00,0.0,0.0,0.001,0.0,0.0,0.0,0.0,0.0,0.0,0,0.001,58.929100000000005,1.0,58.9301
2018-01-01 17:22:00,0.0,0.0,0.001,0.0,0.0,0.0,0.0,0.0,0.0,0,0.001,58.7192,1.0,58.7202
2018-01-01 17:23:00,0.0,0.0,0.001,0.0,0.0,0.0,0.0,0.0,0.0,0,0.001,58.5093,1.0,58.5103
2018-01-01 17:24:00,0.0,0.0,0.001,0.0,0.0,0.0,0.0,0.0,0.0,0,0.001,58.2994,1.0,58.300399999999996
2018-01-01 17:25:00,0.0,0.0,0.001,0.0,0.0,0.0,0.0,0.0,0.0,0,0.001,58.0895,1.0,58.0905
2018-01-01 17:26:00,0.0,0.0,0.001,0.0,0.0,0.0,0.0,0.0,0.0,0,0.001,57.8796,1.0,57.8806
2018-01-01 17:27:00,0.0,0.0,0.001,0.0,0.0,0.0,0.0,0.0,0.0,0,0.001,57.6697,1.0,57.6707
2018-01-01 17:28:00,0.0,0.0,0.001,0.0,0.0,0.0,0.0,0.0,0.0,0,0.001,57.4598,1.0,57.4608
2018-01-01 17:29:00,0.0,0.0,0.001,0.0,0.0,0.0,0.0,0.0,0.0,0,0.001,57.2499,1.0,57.250899999999994
2018-01-01 17:30:00,0.0,0.0,0.001,0.0,0.0,0.0,0.0,0.0,0.0,0,0.001,57.04,1.0,57.041
2018-01-01 17:31:00,0.0,0.0,0.001,0.0,0.0,0.0,0.0,0.0,0.0,0,0.001,57.484899999999996,1.0,57.485899999999994
2018-01-01 17:32:00,0.0,0.0,0.001,0.0,0.0,0.0,0.0,0.0,0.0,0,0.001,57.9298,1.0,57.9308
2018-01-01 17:33:00,0.0,0.0,0.001,0.0,0.0,0.0,0.0,0.0,0.0,0,0.001,58.3747,1.0,58.375699999999995
2018-01-01 17:34:00,0.0,0.0,0.001,0.0,0.0,0.0,0.0,0.0,0.0,0,0.001,58.8196,1.0,58.8206
2018-01-01 17:35:00,0.0,0.0,0.001,0.0,0.0,0.0,0.0,0.0,0.0,0,0.001,59.2645,1.0,59.265499999999996
2018-01-01 17:36:00,0.0,0.0,0.001,0.0,0.0,0.0,0.0,0.0,0.0,0,0.001,59.709399999999995,1.0,59.71039999999999
2018-01-01 17:37:00,0.0,0.0,0.001,0.0,0.0,0.0,0.0,0.0,0.0,0,0.001,60.1543,1.0,60.1553
2018-01-01 17:38:00,0.0,0.0,0.001,0.0,0.0,0.0,0.0,0.0,0.0,0,0.001,60.599199999999996,1.0,60.600199999999994
2018-01-01 17:39:00,0.0,0.0,50.0,0.0,0.0,0.0,0.0,0.0,0.0,0,50.0,61.0441,1.0,111.0441
2018-01-01 17:40:00,0.0,0.0,50.0,0.0,0.0,0.0,0.0,0.0,0.0,0,50.0,61.489,1.0,111.489
2018-01-01 17:41:00,0.0,0.0,50.0,0.0,0.0,0.0,0.0,0.0,0.0,0,50.0,61.244,1.0,111.244
2018-01-01 17:42:00,0.0,0.0,50.0,0.0,0.0,0.0,0.0,0.0,0.0,0,50.0,60.998999999999995,1.0,110.999
2018-01-01 17:43:00,0.0,0.0,50.0,0.0,0.0,0.0,0.0,0.0,0.0,0,50.0,60.754,1.0,110.75399999999999
2018-01-01 17:44:00,0.0,0.0,50.0,0.0,0.0,0.0,0.0,0.0,0.0,0,50.0,60.509,1.0,110.509
2018-01-01 17:45:00,0.0,0.0,50.0,0.0,0.0,0.0,0.0,0.0,0.0,0,50.0,60.263999999999996,1.0,110.264
2018-01-01 17:46:00,0.0,0.0,50.0,0.0,0.0,0.0,0.0,0.0,0.0,0,50.0,60.019,1.0,110.019
2018-01-01 17:47:00,50.0,0.0,50.0,0.0,0.0,0.0,0.0,0.0,0.0,0,100.0,59.774,2.0,159.774
2018-01-01 17:48:00,50.0,0.001,50.0,0.0,0.0,0.0,0.0,0.0,0.0,0,100.001,59.529,3.0,159.53
2018-01-01 17:49:00,0.001,0.001,0.0,0.0,0.0,0.0,0.0,0.0,0.0,0,0.002,59.284,2.0,59.286
2018-01-01 17:50:00,0.001,0.001,0.0,0.0,0.0,0.0,0.0,0.0,0.0,0,0.002,59.039,2.0,59.041000000000004
2018-01-01 17:51:00,49.9999999999995,50.0,0.001,0.0,0.0,0.0,0.0,0.0,0.0,0,100.00099999999951,59.2094,3.0,159.2103999999995
2018-01-01 17:52:00,50.0,50.0,50.0,0.001,0.0,0.0,0.0,0.0,0.0,0,150.001,59.3798,4.0,209.38080000000002
2018-01-01 17:53:00,0.001,0.001,0.001,0.001,0.0,0.0,0.0,0.0,0.0,0,0.004,59.550200000000004,4.0,59.5542
2018-01-01 17:54:00,0.001,50.0,50.0,50.0,0.0,0.0,0.0,0.0,0.0,0,150.001,59.720600000000005,4.0,209.72160000000002
2018-01-01 17:55:00,50.0,50.0,50.0,50.0,0.0,0.0,0.0,0.0,0.0,0,200.0,59.891000000000005,4.0,259.891
2018-01-01 17:56:00,50.0,50.0,50.0,50.0,0.0,0.0,0.0,0.0,0.0,0,200.0,60.0614,4.0,260.0614
2018-01-01 17:57:00,50.0,50.0,50.0,50.0,0.0,0.0,0.0,0.0,0.0,0,200.0,60.2318,4.0,260.2318
2018-01-01 17:58:00,50.0,50.0,50.0,50.0,0.0,0.0,0.0,0.0,0.0,0,200.0,60.4022,4.0,260.4022
2018-01-01 17:59:00,50.0,50.0,50.0,0.001,0.0,0.0,0.0,0.0,0.0,0,150.001,60.5726,4.0,210.5736
2018-01-01 18:00:00,0.001,0.001,0.001,0.001,0.0,0.0,0.0,0.0,0.0,0,0.004,60.743,4.0,60.747
2018-01-01 18:01:00,0.001,0.001,0.001,0.001,0.0,0.0,0.0,0.0,0.0,0,0.004,60.460300000000004,4.0,60.4643
2018-01-01 18:02:00,0.001,0.001,0.001,0.001,0.0,0.0,0.0,0.0,0.0,0,0.004,60.1776,4.0,60.181599999999996
2018-01-01 18:03:00,0.001,0.001,0.001,0.001,0.0,0.0,0.0,0.0,0.0,0,0.004,59.8949,4.0,59.8989
2018-01-01 18:04:00,0.001,0.001,0.001,0.001,0.0,0.0,0.0,0.0,0.0,0,0.004,59.6122,4.0,59.6162
2018-01-01 18:05:00,0.001,0.001,0.001,0.001,0.0,0.0,0.0,0.0,0.0,0,0.004,59.329499999999996,4.0,59.333499999999994
2018-01-01 18:06:00,0.001,0.001,0.001,0.001,0.0,0.0,0.0,0.0,0.0,0,0.004,59.0468,4.0,59.050799999999995
2018-01-01 18:07:00,0.001,0.001,0.001,0.001,0.0,0.0,0.0,0.0,0.0,0,0.004,58.7641,4.0,58.7681
2018-01-01 18:08:00,0.001,0.001,0.001,0.001,0.0,0.0,0.0,0.0,0.0,0,0.004,58.4814,4.0,58.4854
2018-01-01 18:09:00,0.001,0.001,0.001,0.001,0.0,0.0,0.0,0.0,0.0,0,0.004,58.198699999999995,4.0,58.20269999999999
2018-01-01 18:10:00,0.001,0.001,0.001,0.001,0.0,0.0,0.0,0.0,0.0,0,0.004,57.916,4.0,57.919999999999995
2018-01-01 18:11:00,0.001,0.001,0.001,0.001,0.0,0.0,0.0,0.0,0.0,0,0.004,57.345299999999995,4.0,57.34929999999999
2018-01-01 18:12:00,0.001,0.001,0.001,0.001,0.0,0.0,0.0,0.0,0.0,0,0.004,56.7746,4.0,56.7786
2018-01-01 18:13:00,0.001,0.001,0.001,0.001,0.0,0.0,0.0,0.0,0.0,0,0.004,56.2039,4.0,56.207899999999995
2018-01-01 18:14:00,0.001,0.001,0.001,0.001,0.0,0.0,0.0,0.0,0.0,0,0.004,55.6332,4.0,55.6372
2018-01-01 18:15:00,0.001,0.001,0.001,0.001,0.0,0.0,0.0,0.0,0.0,0,0.004,55.0625,4.0,55.0665
2018-01-01 18:16:00,0.001,0.001,0.001,50.0,0.0,0.0,0.0,0.0,0.0,0,50.003,54.4918,4.0,104.4948
2018-01-01 18:17:00,50.0,50.0,50.0,50.0,0.0,0.0,0.0,0.0,0.0,0,200.0,53.9211,4.0,253.9211
2018-01-01 18:18:00,50.0,50.0,50.0,50.0,0.0,0.0,0.0,0.0,0.0,0,200.0,53.3504,4.0,253.3504
2018-01-01 18:19:00,50.0,50.0,50.0,50.0,0.0,0.0,0.0,0.0,0.0,0,200.0,52.779700000000005,4.0,252.7797
2018-01-01 18:20:00,50.0,50.0,50.0,50.0,0.0,0.0,0.0,0.0,0.0,0,200.0,52.209,4.0,252.209
2018-01-01 18:21:00,50.0,50.0,50.0,50.0,0.0,0.0,0.0,0.0,0.0,0,200.0,52.465700000000005,4.0,252.4657
2018-01-01 18:22:00,50.0,50.0,50.0,50.0,0.0,0.0,0.0,0.0,0.0,0,200.0,52.7224,4.0,252.7224
2018-01-01 18:23:00,50.0,50.0,50.0,50.0,0.0,0.0,0.0,0.0,0.0,0,200.0,52.9791,4.0,252.97910000000002
2018-01-01 18:24:00,50.0,50.0,50.0,50.0,0.0,0.0,0.0,0.0,0.0,0,200.0,53.235800000000005,4.0,253.2358
2018-01-01 18:25:00,50.0,50.0,50.0,50.0,0.0,0.0,0.0,0.0,0.0,0,200.0,53.49250000000001,4.0,253.4925
2018-01-01 18:26:00,50.0,50.0,50.0,50.0,0.0,0.0,0.0,0.0,0.0,0,200.0,53.7492,4.0,253.7492
2018-01-01 18:27:00,50.0,50.0,50.0,50.0,0.0,0.0,0.0,0.0,0.0,0,200.0,54.005900000000004,4.0,254.0059
2018-01-01 18:28:00,50.0,50.0,50.0,50.0,0.0,0.0,0.0,0.0,0.0,0,200.0,54.262600000000006,4.0,254.26260000000002
2018-01-01 18:29:00,50.0,50.0,50.0,50.0,0.0,0.0,0.0,0.0,0.0,0,200.0,54.5193,4.0,254.5193
2018-01-01 18:30:00,0.0,50.0,50.0,50.0,0.0,0.0,0.0,0.0,0.0,0,150.0,54.776,3.0,204.776
2018-01-01 18:31:00,0.0,0.0,50.0,50.0,0.0,0.0,0.0,0.0,0.0,0,100.0,54.610400000000006,2.0,154.6104
2018-01-01 18:32:00,0.0,0.0,50.0,50.0,0.0,0.0,0.0,0.0,0.0,0,100.0,54.4448,2.0,154.4448
2018-01-01 18:33:00,0.0,0.0,0.0,50.0,0.0,0.0,0.0,0.0,0.0,0,50.0,54.2792,1.0,104.2792
2018-01-01 18:34:00,0.0,0.0,0.0,0.0,0.0,0.0,0.0,0.0,0.0,0,0.0,54.1136,0.0,54.1136
2018-01-01 18:35:00,0.0,0.0,0.0,0.0,0.0,0.0,0.0,0.0,0.0,0,0.0,53.948,0.0,53.948
2018-01-01 18:36:00,0.0,0.0,0.0,0.0,0.0,0.0,0.0,0.0,0.0,0,0.0,53.7824,0.0,53.7824
2018-01-01 18:37:00,0.0,0.0,0.0,0.0,0.0,0.0,0.0,0.0,0.0,0,0.0,53.6168,0.0,53.6168
2018-01-01 18:38:00,0.0,0.0,0.0,0.0,0.0,0.0,0.0,0.0,0.0,0,0.0,53.4512,0.0,53.4512
2018-01-01 18:39:00,0.0,0.0,0.0,0.0,0.0,0.0,0.0,0.0,0.0,0,0.0,53.285599999999995,0.0,53.285599999999995
2018-01-01 18:40:00,0.0,0.0,0.0,0.0,0.0,0.0,0.0,0.0,0.0,0,0.0,53.12,0.0,53.12
2018-01-01 18:41:00,0.0,0.0,0.0,0.0,0.0,0.0,0.0,0.0,0.0,0,0.0,52.936099999999996,0.0,52.936099999999996
2018-01-01 18:42:00,0.0,0.0,0.0,0.0,0.0,0.0,0.0,0.0,0.0,0,0.0,52.752199999999995,0.0,52.752199999999995
2018-01-01 18:43:00,0.0,0.0,0.0,0.0,0.0,0.0,0.0,0.0,0.0,0,0.0,52.5683,0.0,52.5683
2018-01-01 18:44:00,0.0,0.0,0.0,0.0,0.0,0.0,0.0,0.0,0.0,0,0.0,52.3844,0.0,52.3844
2018-01-01 18:45:00,0.0,0.0,0.0,0.0,0.0,0.0,0.0,0.0,0.0,0,0.0,52.2005,0.0,52.2005
2018-01-01 18:46:00,0.0,0.0,0.0,0.0,0.0,0.0,0.0,0.0,0.0,0,0.0,52.0166,0.0,52.0166
2018-01-01 18:47:00,0.0,0.0,0.0,0.0,0.0,0.0,0.0,0.0,0.0,0,0.0,51.832699999999996,0.0,51.832699999999996
2018-01-01 18:48:00,0.0,0.0,0.0,0.0,0.0,0.0,0.0,0.0,0.0,0,0.0,51.6488,0.0,51.6488
2018-01-01 18:49:00,0.0,0.0,0.0,0.0,0.0,0.0,0.0,0.0,0.0,0,0.0,51.4649,0.0,51.4649
2018-01-01 18:50:00,0.0,0.0,0.0,0.0,0.0,0.0,0.0,0.0,0.0,0,0.0,51.281,0.0,51.281
2018-01-01 18:51:00,0.0,0.0,0.0,0.0,0.0,0.0,0.0,0.0,0.0,0,0.0,51.132999999999996,0.0,51.132999999999996
2018-01-01 18:52:00,0.0,0.0,0.0,0.0,0.0,0.0,0.0,0.0,0.0,0,0.0,50.985,0.0,50.985
2018-01-01 18:53:00,0.0,0.0,0.0,0.0,0.0,0.0,0.0,0.0,0.0,0,0.0,50.837,0.0,50.837
2018-01-01 18:54:00,0.0,0.0,0.0,0.0,0.0,0.0,0.0,0.0,0.0,0,0.0,50.689,0.0,50.689
2018-01-01 18:55:00,50.0,0.0,0.0,0.0,0.0,0.0,0.0,0.0,0.0,0,50.0,50.541,1.0,100.541
2018-01-01 18:56:00,50.0,0.0,0.0,0.0,0.0,0.0,0.0,0.0,0.0,0,50.0,50.393,1.0,100.393
2018-01-01 18:57:00,50.0,0.0,0.0,0.0,0.0,0.0,0.0,0.0,0.0,0,50.0,50.245000000000005,1.0,100.245
2018-01-01 18:58:00,50.0,0.0,0.0,0.0,0.0,0.0,0.0,0.0,0.0,0,50.0,50.097,1.0,100.09700000000001
2018-01-01 18:59:00,50.0,0.0,0.0,0.0,0.0,0.0,0.0,0.0,0.0,0,50.0,49.949,1.0,99.949
2018-01-01 19:00:00,50.0,0.0,0.0,0.0,0.0,0.0,0.0,0.0,0.0,0,50.0,49.801,1.0,99.801
2018-01-01 19:01:00,0.001,0.0,0.0,0.0,0.0,0.0,0.0,0.0,0.0,0,0.001,49.7246,1.0,49.7256
2018-01-01 19:02:00,0.001,0.0,0.0,0.0,0.0,0.0,0.0,0.0,0.0,0,0.001,49.6482,1.0,49.6492
2018-01-01 19:03:00,0.001,0.0,0.0,0.0,0.0,0.0,0.0,0.0,0.0,0,0.001,49.5718,1.0,49.5728
2018-01-01 19:04:00,50.0,0.0,0.0,0.0,0.0,0.0,0.0,0.0,0.0,0,50.0,49.495400000000004,1.0,99.4954
2018-01-01 19:05:00,50.0,0.0,0.0,0.0,0.0,0.0,0.0,0.0,0.0,0,50.0,49.419,1.0,99.419
2018-01-01 19:06:00,50.0,0.0,0.0,0.0,0.0,0.0,0.0,0.0,0.0,0,50.0,49.3426,1.0,99.3426
2018-01-01 19:07:00,50.0,0.0,0.0,0.0,0.0,0.0,0.0,0.0,0.0,0,50.0,49.2662,1.0,99.2662
2018-01-01 19:08:00,50.0,0.0,0.0,0.0,0.0,0.0,0.0,0.0,0.0,0,50.0,49.1898,1.0,99.18979999999999
2018-01-01 19:09:00,50.0,0.0,0.0,0.0,0.0,0.0,0.0,0.0,0.0,0,50.0,49.1134,1.0,99.1134
2018-01-01 19:10:00,50.0,0.0,0.0,0.0,0.0,0.0,0.0,0.0,0.0,0,50.0,49.037,1.0,99.037
2018-01-01 19:11:00,50.0,0.0,0.0,0.0,0.0,0.0,0.0,0.0,0.0,0,50.0,49.047399999999996,1.0,99.0474
2018-01-01 19:12:00,50.0,0.0,0.0,0.0,0.0,0.0,0.0,0.0,0.0,0,50.0,49.0578,1.0,99.0578
2018-01-01 19:13:00,50.0,0.0,0.0,0.0,0.0,0.0,0.0,0.0,0.0,0,50.0,49.0682,1.0,99.06819999999999
2018-01-01 19:14:00,50.0,0.0,0.0,0.0,0.0,0.0,0.0,0.0,0.0,0,50.0,49.0786,1.0,99.0786
2018-01-01 19:15:00,50.0,50.0,0.0,0.0,0.0,0.0,0.0,0.0,0.0,0,100.0,49.089,2.0,149.089
2018-01-01 19:16:00,50.0,50.0,0.0,0.0,0.0,0.0,0.0,0.0,0.0,0,100.0,49.099399999999996,2.0,149.0994
2018-01-01 19:17:00,50.0,50.0,0.0,0.0,0.0,0.0,0.0,0.0,0.0,0,100.0,49.1098,2.0,149.1098
2018-01-01 19:18:00,50.0,50.0,0.0,0.0,0.0,0.0,0.0,0.0,0.0,0,100.0,49.1202,2.0,149.1202
2018-01-01 19:19:00,0.001,50.0,0.0,0.0,0.0,0.0,0.0,0.0,0.0,0,50.001,49.1306,2.0,99.13159999999999
2018-01-01 19:20:00,50.0,50.0,0.0,0.0,0.0,0.0,0.0,0.0,0.0,0,100.0,49.141,2.0,149.141
2018-01-01 19:21:00,50.0,50.0,0.0,0.0,0.0,0.0,0.0,0.0,0.0,0,100.0,48.642199999999995,2.0,148.6422
2018-01-01 19:22:00,50.0,50.0,0.0,0.0,0.0,0.0,0.0,0.0,0.0,0,100.0,48.1434,2.0,148.14339999999999
2018-01-01 19:23:00,50.0,50.0,0.0,0.0,0.0,0.0,0.0,0.0,0.0,0,100.0,47.6446,2.0,147.6446
2018-01-01 19:24:00,50.0,50.0,0.0,0.0,0.0,0.0,0.0,0.0,0.0,0,100.0,47.1458,2.0,147.1458
2018-01-01 19:25:00,50.0,50.0,0.0,0.0,0.0,0.0,0.0,0.0,0.0,0,100.0,46.647,2.0,146.647
2018-01-01 19:26:00,50.0,50.0,0.0,0.0,0.0,0.0,0.0,0.0,0.0,0,100.0,46.148199999999996,2.0,146.1482
2018-01-01 19:27:00,50.0,50.0,0.0,0.0,0.0,0.0,0.0,0.0,0.0,0,100.0,45.6494,2.0,145.6494
2018-01-01 19:28:00,50.0,50.0,0.0,0.0,0.0,0.0,0.0,0.0,0.0,0,100.0,45.1506,2.0,145.1506
2018-01-01 19:29:00,50.0,50.0,50.0,0.0,0.0,0.0,0.0,0.0,0.0,0,150.0,44.6518,3.0,194.6518
2018-01-01 19:30:00,0.0,50.0,50.0,0.0,0.0,0.0,0.0,0.0,0.0,0,100.0,44.153,2.0,144.153
2018-01-01 19:31:00,0.0,50.0,50.0,0.0,0.0,0.0,0.0,0.0,0.0,0,100.0,43.9466,2.0,143.9466
2018-01-01 19:32:00,0.0,50.0,50.0,0.0,0.0,0.0,0.0,0.0,0.0,0,100.0,43.7402,2.0,143.74020000000002
2018-01-01 19:33:00,0.0,50.0,50.0,0.0,0.0,0.0,0.0,0.0,0.0,0,100.0,43.5338,2.0,143.53379999999999
2018-01-01 19:34:00,0.0,50.0,50.0,0.0,0.0,0.0,0.0,0.0,0.0,0,100.0,43.3274,2.0,143.3274
2018-01-01 19:35:00,0.0,50.0,50.0,0.0,0.0,0.0,0.0,0.0,0.0,0,100.0,43.120999999999995,2.0,143.12099999999998
2018-01-01 19:36:00,0.0,50.0,50.0,0.0,0.0,0.0,0.0,0.0,0.0,0,100.0,42.9146,2.0,142.9146
2018-01-01 19:37:00,0.0,50.0,50.0,0.0,0.0,0.0,0.0,0.0,0.0,0,100.0,42.7082,2.0,142.7082
2018-01-01 19:38:00,0.0,50.0,50.0,0.0,0.0,0.0,0.0,0.0,0.0,0,100.0,42.501799999999996,2.0,142.5018
2018-01-01 19:39:00,0.0,50.0,50.0,0.0,0.0,0.0,0.0,0.0,0.0,0,100.0,42.2954,2.0,142.2954
2018-01-01 19:40:00,0.0,50.0,50.0,0.0,0.0,0.0,0.0,0.0,0.0,0,100.0,42.089,2.0,142.089
2018-01-01 19:41:00,0.0,50.0,50.0,0.0,0.0,0.0,0.0,0.0,0.0,0,100.0,41.6654,2.0,141.6654
2018-01-01 19:42:00,0.0,50.0,50.0,0.0,0.0,0.0,0.0,0.0,0.0,0,100.0,41.2418,2.0,141.2418
2018-01-01 19:43:00,0.0,50.0,50.0,0.0,0.0,0.0,0.0,0.0,0.0,0,100.0,40.8182,2.0,140.8182
2018-01-01 19:44:00,0.0,50.0,50.0,0.0,0.0,0.0,0.0,0.0,0.0,0,100.0,40.3946,2.0,140.3946
2018-01-01 19:45:00,0.0,50.0,50.0,0.0,0.0,0.0,0.0,0.0,0.0,0,100.0,39.971000000000004,2.0,139.971
2018-01-01 19:46:00,50.0,50.0,50.0,0.0,0.0,0.0,0.0,0.0,0.0,0,150.0,39.5474,3.0,189.5474
2018-01-01 19:47:00,50.0,50.0,50.0,0.0,0.0,0.0,0.0,0.0,0.0,0,150.0,39.1238,3.0,189.12380000000002
2018-01-01 19:48:00,50.0,0.0,50.0,0.0,0.0,0.0,0.0,0.0,0.0,0,100.0,38.7002,2.0,138.7002
2018-01-01 19:49:00,50.0,0.0,50.0,0.0,0.0,0.0,0.0,0.0,0.0,0,100.0,38.2766,2.0,138.2766
2018-01-01 19:50:00,50.0,0.0,50.0,0.0,0.0,0.0,0.0,0.0,0.0,0,100.0,37.853,2.0,137.853
2018-01-01 19:51:00,50.0,0.0,50.0,0.0,0.0,0.0,0.0,0.0,0.0,0,100.0,37.696400000000004,2.0,137.6964
2018-01-01 19:52:00,50.0,0.0,50.0,0.0,0.0,0.0,0.0,0.0,0.0,0,100.0,37.5398,2.0,137.5398
2018-01-01 19:53:00,50.0,0.0,50.0,0.0,0.0,0.0,0.0,0.0,0.0,0,100.0,37.3832,2.0,137.3832
2018-01-01 19:54:00,50.0,0.0,50.0,0.0,0.0,0.0,0.0,0.0,0.0,0,100.0,37.2266,2.0,137.2266
2018-01-01 19:55:00,50.0,0.0,50.0,0.0,0.0,0.0,0.0,0.0,0.0,0,100.0,37.07,2.0,137.07
2018-01-01 19:56:00,50.0,0.0,50.0,0.0,0.0,0.0,0.0,0.0,0.0,0,100.0,36.9134,2.0,136.9134
2018-01-01 19:57:00,50.0,0.0,50.0,0.0,0.0,0.0,0.0,0.0,0.0,0,100.0,36.7568,2.0,136.7568
2018-01-01 19:58:00,50.0,0.0,50.0,0.0,0.0,0.0,0.0,0.0,0.0,0,100.0,36.6002,2.0,136.6002
2018-01-01 19:59:00,50.0,0.0,50.0,0.0,0.0,0.0,0.0,0.0,0.0,0,100.0,36.443599999999996,2.0,136.4436
2018-01-01 20:00:00,50.0,0.0,50.0,0.0,0.0,0.0,0.0,0.0,0.0,0,100.0,36.287,2.0,136.287
2018-01-01 20:01:00,50.0,0.0,50.0,0.0,0.0,0.0,0.0,0.0,0.0,0,100.0,35.9829,2.0,135.9829
2018-01-01 20:02:00,50.0,0.0,0.0,0.0,0.0,0.0,0.0,0.0,0.0,0,50.0,35.6788,1.0,85.6788
2018-01-01 20:03:00,50.0,0.0,0.0,0.0,0.0,0.0,0.0,0.0,0.0,0,50.0,35.3747,1.0,85.37469999999999
2018-01-01 20:04:00,50.0,0.0,0.0,0.0,0.0,0.0,0.0,0.0,0.0,0,50.0,35.0706,1.0,85.0706
2018-01-01 20:05:00,50.0,0.0,0.0,0.0,0.0,0.0,0.0,0.0,0.0,0,50.0,34.7665,1.0,84.76650000000001
2018-01-01 20:06:00,50.0,0.0,0.0,0.0,0.0,0.0,0.0,0.0,0.0,0,50.0,34.4624,1.0,84.4624
2018-01-01 20:07:00,50.0,0.0,0.0,0.0,0.0,0.0,0.0,0.0,0.0,0,50.0,34.158300000000004,1.0,84.1583
2018-01-01 20:08:00,50.0,0.0,0.0,0.0,0.0,0.0,0.0,0.0,0.0,0,50.0,33.8542,1.0,83.85419999999999
2018-01-01 20:09:00,50.0,0.0,0.0,0.0,0.0,0.0,0.0,0.0,0.0,0,50.0,33.5501,1.0,83.5501
2018-01-01 20:10:00,50.0,0.0,0.0,0.0,0.0,0.0,0.0,0.0,0.0,0,50.0,33.246,1.0,83.24600000000001
2018-01-01 20:11:00,50.0,0.0,0.0,0.0,0.0,0.0,0.0,0.0,0.0,0,50.0,33.2384,1.0,83.2384
2018-01-01 20:12:00,50.0,0.0,0.0,0.0,0.0,0.0,0.0,0.0,0.0,0,50.0,33.2308,1.0,83.2308
2018-01-01 20:13:00,50.0,0.0,0.0,0.0,0.0,0.0,0.0,0.0,0.0,0,50.0,33.223200000000006,1.0,83.2232
2018-01-01 20:14:00,50.0,0.0,0.0,0.0,0.0,0.0,0.0,0.0,0.0,0,50.0,33.2156,1.0,83.2156
2018-01-01 20:15:00,50.0,0.0,0.0,0.0,0.0,0.0,0.0,0.0,0.0,0,50.0,33.208,1.0,83.208
2018-01-01 20:16:00,50.0,0.0,0.0,0.0,0.0,0.0,0.0,0.0,0.0,0,50.0,33.2004,1.0,83.2004
2018-01-01 20:17:00,50.0,0.0,0.0,0.0,0.0,0.0,0.0,0.0,0.0,0,50.0,33.192800000000005,1.0,83.1928
2018-01-01 20:18:00,50.0,0.0,0.0,0.0,0.0,0.0,0.0,0.0,0.0,0,50.0,33.1852,1.0,83.18520000000001
2018-01-01 20:19:00,0.0,0.0,0.0,0.0,0.0,0.0,0.0,0.0,0.0,0,0.0,33.1776,0.0,33.1776
2018-01-01 20:20:00,0.0,0.0,0.0,0.0,0.0,0.0,0.0,0.0,0.0,0,0.0,33.17,0.0,33.17
2018-01-01 20:21:00,0.0,0.0,0.0,0.0,0.0,0.0,0.0,0.0,0.0,0,0.0,32.9806,0.0,32.9806
2018-01-01 20:22:00,0.0,0.0,0.0,0.0,0.0,0.0,0.0,0.0,0.0,0,0.0,32.7912,0.0,32.7912
2018-01-01 20:23:00,0.0,0.0,0.0,0.0,0.0,0.0,0.0,0.0,0.0,0,0.0,32.601800000000004,0.0,32.601800000000004
2018-01-01 20:24:00,0.0,0.0,0.0,0.0,0.0,0.0,0.0,0.0,0.0,0,0.0,32.4124,0.0,32.4124
2018-01-01 20:25:00,0.0,0.0,0.0,0.0,0.0,0.0,0.0,0.0,0.0,0,0.0,32.223,0.0,32.223
2018-01-01 20:26:00,0.0,0.0,0.0,0.0,0.0,0.0,0.0,0.0,0.0,0,0.0,32.0336,0.0,32.0336
2018-01-01 20:27:00,0.0,0.0,0.0,0.0,0.0,0.0,0.0,0.0,0.0,0,0.0,31.8442,0.0,31.8442
2018-01-01 20:28:00,0.0,0.0,0.0,0.0,0.0,0.0,0.0,0.0,0.0,0,0.0,31.6548,0.0,31.6548
2018-01-01 20:29:00,0.0,0.0,0.0,0.0,0.0,0.0,0.0,0.0,0.0,0,0.0,31.4654,0.0,31.4654
2018-01-01 20:30:00,0.0,0.0,0.0,0.0,0.0,0.0,0.0,0.0,0.0,0,0.0,31.276,0.0,31.276
2018-01-01 20:31:00,0.0,0.0,0.0,0.0,0.0,0.0,0.0,0.0,0.0,0,0.0,31.1345,0.0,31.1345
2018-01-01 20:32:00,0.0,0.0,0.0,0.0,0.0,0.0,0.0,0.0,0.0,0,0.0,30.993,0.0,30.993
2018-01-01 20:33:00,0.0,0.0,0.0,0.0,0.0,0.0,0.0,0.0,0.0,0,0.0,30.8515,0.0,30.8515
2018-01-01 20:34:00,0.0,0.0,0.0,0.0,0.0,0.0,0.0,0.0,0.0,0,0.0,30.71,0.0,30.71
2018-01-01 20:35:00,0.0,0.0,0.0,0.0,0.0,0.0,0.0,0.0,0.0,0,0.0,30.5685,0.0,30.5685
2018-01-01 20:36:00,0.0,0.0,0.0,0.0,0.0,0.0,0.0,0.0,0.0,0,0.0,30.427,0.0,30.427
2018-01-01 20:37:00,0.0,0.0,0.0,0.0,0.0,0.0,0.0,0.0,0.0,0,0.0,30.2855,0.0,30.2855
2018-01-01 20:38:00,0.0,0.0,0.0,0.0,0.0,0.0,0.0,0.0,0.0,0,0.0,30.144000000000002,0.0,30.144000000000002
2018-01-01 20:39:00,0.0,0.0,0.0,0.0,0.0,0.0,0.0,0.0,0.0,0,0.0,30.0025,0.0,30.0025
2018-01-01 20:40:00,0.0,0.0,0.0,0.0,0.0,0.0,0.0,0.0,0.0,0,0.0,29.861,0.0,29.861
2018-01-01 20:41:00,0.0,0.0,0.0,0.0,0.0,0.0,0.0,0.0,0.0,0,0.0,29.7503,0.0,29.7503
2018-01-01 20:42:00,0.0,0.0,0.0,0.0,0.0,0.0,0.0,0.0,0.0,0,0.0,29.6396,0.0,29.6396
2018-01-01 20:43:00,0.0,0.0,0.0,0.0,0.0,0.0,0.0,0.0,0.0,0,0.0,29.5289,0.0,29.5289
2018-01-01 20:44:00,0.0,0.0,0.0,0.0,0.0,0.0,0.0,0.0,0.0,0,0.0,29.418200000000002,0.0,29.418200000000002
2018-01-01 20:45:00,0.0,0.0,0.0,0.0,0.0,0.0,0.0,0.0,0.0,0,0.0,29.3075,0.0,29.3075
2018-01-01 20:46:00,0.0,0.0,0.0,0.0,0.0,0.0,0.0,0.0,0.0,0,0.0,29.1968,0.0,29.1968
2018-01-01 20:47:00,0.0,0.0,0.0,0.0,0.0,0.0,0.0,0.0,0.0,0,0.0,29.086100000000002,0.0,29.086100000000002
2018-01-01 20:48:00,50.0,0.0,0.0,0.0,0.0,0.0,0.0,0.0,0.0,0,50.0,28.9754,1.0,78.97540000000001
2018-01-01 20:49:00,50.0,0.0,0.0,0.0,0.0,0.0,0.0,0.0,0.0,0,50.0,28.864700000000003,1.0,78.8647
2018-01-01 20:50:00,50.0,0.0,0.0,0.0,0.0,0.0,0.0,0.0,0.0,0,50.0,28.754,1.0,78.754
2018-01-01 20:51:00,50.0,0.0,0.0,0.0,0.0,0.0,0.0,0.0,0.0,0,50.0,28.813200000000002,1.0,78.8132
2018-01-01 20:52:00,50.0,0.0,0.0,0.0,0.0,0.0,0.0,0.0,0.0,0,50.0,28.872400000000003,1.0,78.8724
2018-01-01 20:53:00,50.0,0.0,0.0,0.0,0.0,0.0,0.0,0.0,0.0,0,50.0,28.9316,1.0,78.9316
2018-01-01 20:54:00,50.0,0.0,0.0,0.0,0.0,0.0,0.0,0.0,0.0,0,50.0,28.9908,1.0,78.99080000000001
2018-01-01 20:55:00,50.0,0.0,0.0,0.0,0.0,0.0,0.0,0.0,0.0,0,50.0,29.05,1.0,79.05
2018-01-01 20:56:00,50.0,0.0,0.0,0.0,0.0,0.0,0.0,0.0,0.0,0,50.0,29.1092,1.0,79.1092
2018-01-01 20:57:00,50.0,0.0,0.0,0.0,0.0,0.0,0.0,0.0,0.0,0,50.0,29.168400000000002,1.0,79.1684
2018-01-01 20:58:00,50.0,0.0,0.0,0.0,0.0,0.0,0.0,0.0,0.0,0,50.0,29.2276,1.0,79.2276
2018-01-01 20:59:00,50.0,0.0,0.0,0.0,0.0,0.0,0.0,0.0,0.0,0,50.0,29.2868,1.0,79.2868
2018-01-01 21:00:00,0.0,0.0,0.0,0.0,0.0,0.0,0.0,0.0,0.0,0,0.0,29.346,0.0,29.346
2018-01-01 21:01:00,0.0,0.0,0.0,0.0,0.0,0.0,0.0,0.0,0.0,0,0.0,29.094,0.0,29.094
2018-01-01 21:02:00,0.0,0.0,0.0,0.0,0.0,0.0,0.0,0.0,0.0,0,0.0,28.842,0.0,28.842
2018-01-01 21:03:00,0.0,0.0,0.0,0.0,0.0,0.0,0.0,0.0,0.0,0,0.0,28.59,0.0,28.59
2018-01-01 21:04:00,0.0,0.0,0.0,0.0,0.0,0.0,0.0,0.0,0.0,0,0.0,28.338,0.0,28.338
2018-01-01 21:05:00,0.0,0.0,0.0,0.0,0.0,0.0,0.0,0.0,0.0,0,0.0,28.086,0.0,28.086
2018-01-01 21:06:00,0.0,0.0,0.0,0.0,0.0,0.0,0.0,0.0,0.0,0,0.0,27.834,0.0,27.834
2018-01-01 21:07:00,0.0,0.0,0.0,0.0,0.0,0.0,0.0,0.0,0.0,0,0.0,27.582,0.0,27.582
2018-01-01 21:08:00,0.0,0.0,0.0,0.0,0.0,0.0,0.0,0.0,0.0,0,0.0,27.330000000000002,0.0,27.330000000000002
2018-01-01 21:09:00,0.0,0.0,0.0,0.0,0.0,0.0,0.0,0.0,0.0,0,0.0,27.078,0.0,27.078
2018-01-01 21:10:00,0.0,0.0,0.0,0.0,0.0,0.0,0.0,0.0,0.0,0,0.0,26.826,0.0,26.826
2018-01-01 21:11:00,0.0,0.0,0.0,0.0,0.0,0.0,0.0,0.0,0.0,0,0.0,26.640900000000002,0.0,26.640900000000002
2018-01-01 21:12:00,0.0,0.0,0.0,0.0,0.0,0.0,0.0,0.0,0.0,0,0.0,26.4558,0.0,26.4558
2018-01-01 21:13:00,0.0,0.0,0.0,0.0,0.0,0.0,0.0,0.0,0.0,0,0.0,26.2707,0.0,26.2707
2018-01-01 21:14:00,0.0,0.0,0.0,0.0,0.0,0.0,0.0,0.0,0.0,0,0.0,26.0856,0.0,26.0856
2018-01-01 21:15:00,0.0,0.0,0.0,0.0,0.0,0.0,0.0,0.0,0.0,0,0.0,25.9005,0.0,25.9005
2018-01-01 21:16:00,0.0,0.0,0.0,0.0,0.0,0.0,0.0,0.0,0.0,0,0.0,25.715400000000002,0.0,25.715400000000002
2018-01-01 21:17:00,0.0,0.0,0.0,0.0,0.0,0.0,0.0,0.0,0.0,0,0.0,25.5303,0.0,25.5303
2018-01-01 21:18:00,0.0,0.0,0.0,0.0,0.0,0.0,0.0,0.0,0.0,0,0.0,25.345200000000002,0.0,25.345200000000002
2018-01-01 21:19:00,0.0,0.0,0.0,0.0,0.0,0.0,0.0,0.0,0.0,0,0.0,25.1601,0.0,25.1601
2018-01-01 21:20:00,0.0,0.0,0.0,0.0,0.0,0.0,0.0,0.0,0.0,0,0.0,24.975,0.0,24.975
2018-01-01 21:21:00,0.0,0.0,0.0,0.0,0.0,0.0,0.0,0.0,0.0,0,0.0,25.2134,0.0,25.2134
2018-01-01 21:22:00,0.0,0.0,0.0,0.0,0.0,0.0,0.0,0.0,0.0,0,0.0,25.451800000000002,0.0,25.451800000000002
2018-01-01 21:23:00,0.0,0.0,0.0,0.0,0.0,0.0,0.0,0.0,0.0,0,0.0,25.6902,0.0,25.6902
2018-01-01 21:24:00,0.0,0.0,0.0,0.0,0.0,0.0,0.0,0.0,0.0,0,0.0,25.928600000000003,0.0,25.928600000000003
2018-01-01 21:25:00,0.0,0.0,0.0,0.0,0.0,0.0,0.0,0.0,0.0,0,0.0,26.167,0.0,26.167
2018-01-01 21:26:00,0.0,0.0,0.0,0.0,0.0,0.0,0.0,0.0,0.0,0,0.0,26.4054,0.0,26.4054
2018-01-01 21:27:00,0.0,0.0,0.0,0.0,0.0,0.0,0.0,0.0,0.0,0,0.0,26.643800000000002,0.0,26.643800000000002
2018-01-01 21:28:00,0.0,0.0,0.0,0.0,0.0,0.0,0.0,0.0,0.0,0,0.0,26.8822,0.0,26.8822
2018-01-01 21:29:00,0.0,0.0,0.0,0.0,0.0,0.0,0.0,0.0,0.0,0,0.0,27.120600000000003,0.0,27.120600000000003
2018-01-01 21:30:00,0.0,0.0,0.0,0.0,0.0,0.0,0.0,0.0,0.0,0,0.0,27.359,0.0,27.359
2018-01-01 21:31:00,0.0,0.0,0.0,0.0,0.0,0.0,0.0,0.0,0.0,0,0.0,27.3046,0.0,27.3046
2018-01-01 21:32:00,0.0,0.0,0.0,0.0,0.0,0.0,0.0,0.0,0.0,0,0.0,27.250200000000003,0.0,27.250200000000003
2018-01-01 21:33:00,0.0,0.0,0.0,0.0,0.0,0.0,0.0,0.0,0.0,0,0.0,27.195800000000002,0.0,27.195800000000002
2018-01-01 21:34:00,0.0,0.0,0.0,0.0,0.0,0.0,0.0,0.0,0.0,0,0.0,27.1414,0.0,27.1414
2018-01-01 21:35:00,0.0,0.0,0.0,0.0,0.0,0.0,0.0,0.0,0.0,0,0.0,27.087000000000003,0.0,27.087000000000003
2018-01-01 21:36:00,0.0,0.0,0.0,0.0,0.0,0.0,0.0,0.0,0.0,0,0.0,27.032600000000002,0.0,27.032600000000002
2018-01-01 21:37:00,0.0,0.0,0.0,0.0,0.0,0.0,0.0,0.0,0.0,0,0.0,26.9782,0.0,26.9782
2018-01-01 21:38:00,0.0,0.0,0.0,0.0,0.0,0.0,0.0,0.0,0.0,0,0.0,26.9238,0.0,26.9238
2018-01-01 21:39:00,0.0,0.0,0.0,0.0,0.0,0.0,0.0,0.0,0.0,0,0.0,26.869400000000002,0.0,26.869400000000002
2018-01-01 21:40:00,0.0,0.0,0.0,0.0,0.0,0.0,0.0,0.0,0.0,0,0.0,26.815,0.0,26.815
2018-01-01 21:41:00,0.0,0.0,0.0,0.0,0.0,0.0,0.0,0.0,0.0,0,0.0,26.715600000000002,0.0,26.715600000000002
2018-01-01 21:42:00,0.0,0.0,0.0,0.0,0.0,0.0,0.0,0.0,0.0,0,0.0,26.616200000000003,0.0,26.616200000000003
2018-01-01 21:43:00,0.0,0.0,0.0,0.0,0.0,0.0,0.0,0.0,0.0,0,0.0,26.5168,0.0,26.5168
2018-01-01 21:44:00,0.0,0.0,0.0,0.0,0.0,0.0,0.0,0.0,0.0,0,0.0,26.4174,0.0,26.4174
2018-01-01 21:45:00,0.0,0.0,0.0,0.0,0.0,0.0,0.0,0.0,0.0,0,0.0,26.318,0.0,26.318
2018-01-01 21:46:00,0.0,0.0,0.0,0.0,0.0,0.0,0.0,0.0,0.0,0,0.0,26.218600000000002,0.0,26.218600000000002
2018-01-01 21:47:00,0.0,0.0,0.0,0.0,0.0,0.0,0.0,0.0,0.0,0,0.0,26.119200000000003,0.0,26.119200000000003
2018-01-01 21:48:00,0.0,0.0,0.0,0.0,0.0,0.0,0.0,0.0,0.0,0,0.0,26.0198,0.0,26.0198
2018-01-01 21:49:00,0.0,0.0,0.0,0.0,0.0,0.0,0.0,0.0,0.0,0,0.0,25.9204,0.0,25.9204
2018-01-01 21:50:00,0.0,0.0,0.0,0.0,0.0,0.0,0.0,0.0,0.0,0,0.0,25.821,0.0,25.821
2018-01-01 21:51:00,0.0,0.0,0.0,0.0,0.0,0.0,0.0,0.0,0.0,0,0.0,25.8782,0.0,25.8782
2018-01-01 21:52:00,0.0,0.0,0.0,0.0,0.0,0.0,0.0,0.0,0.0,0,0.0,25.9354,0.0,25.9354
2018-01-01 21:53:00,0.0,0.0,0.0,0.0,0.0,0.0,0.0,0.0,0.0,0,0.0,25.992600000000003,0.0,25.992600000000003
2018-01-01 21:54:00,0.0,0.0,0.0,0.0,0.0,0.0,0.0,0.0,0.0,0,0.0,26.0498,0.0,26.0498
2018-01-01 21:55:00,0.0,0.0,0.0,0.0,0.0,0.0,0.0,0.0,0.0,0,0.0,26.107,0.0,26.107
2018-01-01 21:56:00,0.0,0.0,0.0,0.0,0.0,0.0,0.0,0.0,0.0,0,0.0,26.1642,0.0,26.1642
2018-01-01 21:57:00,0.0,0.0,0.0,0.0,0.0,0.0,0.0,0.0,0.0,0,0.0,26.221400000000003,0.0,26.221400000000003
2018-01-01 21:58:00,0.0,0.0,0.0,0.0,0.0,0.0,0.0,0.0,0.0,0,0.0,26.2786,0.0,26.2786
2018-01-01 21:59:00,0.0,0.0,0.0,0.0,0.0,0.0,0.0,0.0,0.0,0,0.0,26.3358,0.0,26.3358
2018-01-01 22:00:00,0.0,0.0,0.0,0.0,0.0,0.0,0.0,0.0,0.0,0,0.0,26.393,0.0,26.393
2018-01-01 22:01:00,0.0,0.0,0.0,0.0,0.0,0.0,0.0,0.0,0.0,0,0.0,26.515900000000002,0.0,26.515900000000002
2018-01-01 22:02:00,0.0,0.0,0.0,0.0,0.0,0.0,0.0,0.0,0.0,0,0.0,26.6388,0.0,26.6388
2018-01-01 22:03:00,0.0,0.0,0.0,0.0,0.0,0.0,0.0,0.0,0.0,0,0.0,26.7617,0.0,26.7617
2018-01-01 22:04:00,0.0,0.0,0.0,0.0,0.0,0.0,0.0,0.0,0.0,0,0.0,26.8846,0.0,26.8846
2018-01-01 22:05:00,0.0,0.0,0.0,0.0,0.0,0.0,0.0,0.0,0.0,0,0.0,27.0075,0.0,27.0075
2018-01-01 22:06:00,0.0,0.0,0.0,0.0,0.0,0.0,0.0,0.0,0.0,0,0.0,27.1304,0.0,27.1304
2018-01-01 22:07:00,0.0,0.0,0.0,0.0,0.0,0.0,0.0,0.0,0.0,0,0.0,27.2533,0.0,27.2533
2018-01-01 22:08:00,0.0,0.0,0.0,0.0,0.0,0.0,0.0,0.0,0.0,0,0.0,27.3762,0.0,27.3762
2018-01-01 22:09:00,0.0,0.0,0.0,0.0,0.0,0.0,0.0,0.0,0.0,0,0.0,27.4991,0.0,27.4991
2018-01-01 22:10:00,0.0,0.0,0.0,0.0,0.0,0.0,0.0,0.0,0.0,0,0.0,27.622,0.0,27.622
2018-01-01 22:11:00,0.0,0.0,0.0,0.0,0.0,0.0,0.0,0.0,0.0,0,0.0,27.2572,0.0,27.2572
2018-01-01 22:12:00,0.0,0.0,0.0,0.0,0.0,0.0,0.0,0.0,0.0,0,0.0,26.8924,0.0,26.8924
2018-01-01 22:13:00,0.0,0.0,0.0,0.0,0.0,0.0,0.0,0.0,0.0,0,0.0,26.5276,0.0,26.5276
2018-01-01 22:14:00,0.0,0.0,0.0,0.0,0.0,0.0,0.0,0.0,0.0,0,0.0,26.1628,0.0,26.1628
2018-01-01 22:15:00,0.0,0.0,0.0,0.0,0.0,0.0,0.0,0.0,0.0,0,0.0,25.798000000000002,0.0,25.798000000000002
2018-01-01 22:16:00,0.0,0.0,0.0,0.0,0.0,0.0,0.0,0.0,0.0,0,0.0,25.4332,0.0,25.4332
2018-01-01 22:17:00,0.0,0.0,0.0,0.0,0.0,0.0,0.0,0.0,0.0,0,0.0,25.0684,0.0,25.0684
2018-01-01 22:18:00,0.0,0.0,0.0,0.0,0.0,0.0,0.0,0.0,0.0,0,0.0,24.7036,0.0,24.7036
2018-01-01 22:19:00,0.0,0.0,0.0,0.0,0.0,0.0,0.0,0.0,0.0,0,0.0,24.3388,0.0,24.3388
2018-01-01 22:20:00,0.0,0.0,0.0,0.0,0.0,0.0,0.0,0.0,0.0,0,0.0,23.974,0.0,23.974
2018-01-01 22:21:00,0.0,0.0,0.0,0.0,0.0,0.0,0.0,0.0,0.0,0,0.0,24.0966,0.0,24.0966
2018-01-01 22:22:00,0.0,0.0,0.0,0.0,0.0,0.0,0.0,0.0,0.0,0,0.0,24.2192,0.0,24.2192
2018-01-01 22:23:00,0.0,0.0,0.0,0.0,0.0,0.0,0.0,0.0,0.0,0,0.0,24.3418,0.0,24.3418
2018-01-01 22:24:00,0.0,0.0,0.0,0.0,0.0,0.0,0.0,0.0,0.0,0,0.0,24.4644,0.0,24.4644
2018-01-01 22:25:00,0.0,0.0,0.0,0.0,0.0,0.0,0.0,0.0,0.0,0,0.0,24.587,0.0,24.587
2018-01-01 22:26:00,0.0,0.0,0.0,0.0,0.0,0.0,0.0,0.0,0.0,0,0.0,24.7096,0.0,24.7096
2018-01-01 22:27:00,0.0,0.0,0.0,0.0,0.0,0.0,0.0,0.0,0.0,0,0.0,24.8322,0.0,24.8322
2018-01-01 22:28:00,0.0,0.0,0.0,0.0,0.0,0.0,0.0,0.0,0.0,0,0.0,24.9548,0.0,24.9548
2018-01-01 22:29:00,0.0,0.0,0.0,0.0,0.0,0.0,0.0,0.0,0.0,0,0.0,25.0774,0.0,25.0774
2018-01-01 22:30:00,0.0,0.0,0.0,0.0,0.0,0.0,0.0,0.0,0.0,0,0.0,25.2,0.0,25.2
2018-01-01 22:31:00,0.0,0.0,0.0,0.0,0.0,0.0,0.0,0.0,0.0,0,0.0,25.194699999999997,0.0,25.194699999999997
2018-01-01 22:32:00,0.0,0.0,0.0,0.0,0.0,0.0,0.0,0.0,0.0,0,0.0,25.1894,0.0,25.1894
2018-01-01 22:33:00,0.0,0.0,0.0,0.0,0.0,0.0,0.0,0.0,0.0,0,0.0,25.1841,0.0,25.1841
2018-01-01 22:34:00,0.0,0.0,0.0,0.0,0.0,0.0,0.0,0.0,0.0,0,0.0,25.1788,0.0,25.1788
2018-01-01 22:35:00,0.0,0.0,0.0,0.0,0.0,0.0,0.0,0.0,0.0,0,0.0,25.173499999999997,0.0,25.173499999999997
2018-01-01 22:36:00,0.0,0.0,0.0,0.0,0.0,0.0,0.0,0.0,0.0,0,0.0,25.1682,0.0,25.1682
2018-01-01 22:37:00,0.0,0.0,0.0,0.0,0.0,0.0,0.0,0.0,0.0,0,0.0,25.1629,0.0,25.1629
2018-01-01 22:38:00,0.0,0.0,0.0,0.0,0.0,0.0,0.0,0.0,0.0,0,0.0,25.1576,0.0,25.1576
2018-01-01 22:39:00,0.0,0.0,0.0,0.0,0.0,0.0,0.0,0.0,0.0,0,0.0,25.152299999999997,0.0,25.152299999999997
2018-01-01 22:40:00,0.0,0.0,0.0,0.0,0.0,0.0,0.0,0.0,0.0,0,0.0,25.147,0.0,25.147
2018-01-01 22:41:00,0.0,0.0,0.0,0.0,0.0,0.0,0.0,0.0,0.0,0,0.0,25.162499999999998,0.0,25.162499999999998
2018-01-01 22:42:00,0.0,0.0,0.0,0.0,0.0,0.0,0.0,0.0,0.0,0,0.0,25.177999999999997,0.0,25.177999999999997
2018-01-01 22:43:00,0.0,0.0,0.0,0.0,0.0,0.0,0.0,0.0,0.0,0,0.0,25.1935,0.0,25.1935
2018-01-01 22:44:00,0.0,0.0,0.0,0.0,0.0,0.0,0.0,0.0,0.0,0,0.0,25.209,0.0,25.209
2018-01-01 22:45:00,0.0,0.0,0.0,0.0,0.0,0.0,0.0,0.0,0.0,0,0.0,25.2245,0.0,25.2245
2018-01-01 22:46:00,0.0,0.0,0.0,0.0,0.0,0.0,0.0,0.0,0.0,0,0.0,25.24,0.0,25.24
2018-01-01 22:47:00,0.0,0.0,0.0,0.0,0.0,0.0,0.0,0.0,0.0,0,0.0,25.255499999999998,0.0,25.255499999999998
2018-01-01 22:48:00,0.0,0.0,0.0,0.0,0.0,0.0,0.0,0.0,0.0,0,0.0,25.271,0.0,25.271
2018-01-01 22:49:00,0.0,0.0,0.0,0.0,0.0,0.0,0.0,0.0,0.0,0,0.0,25.2865,0.0,25.2865
2018-01-01 22:50:00,0.0,0.0,0.0,0.0,0.0,0.0,0.0,0.0,0.0,0,0.0,25.302,0.0,25.302
2018-01-01 22:51:00,0.0,0.0,0.0,0.0,0.0,0.0,0.0,0.0,0.0,0,0.0,25.3762,0.0,25.3762
2018-01-01 22:52:00,0.0,0.0,0.0,0.0,0.0,0.0,0.0,0.0,0.0,0,0.0,25.4504,0.0,25.4504
2018-01-01 22:53:00,0.0,0.0,0.0,0.0,0.0,0.0,0.0,0.0,0.0,0,0.0,25.5246,0.0,25.5246
2018-01-01 22:54:00,0.0,0.0,0.0,0.0,0.0,0.0,0.0,0.0,0.0,0,0.0,25.5988,0.0,25.5988
2018-01-01 22:55:00,0.0,0.0,0.0,0.0,0.0,0.0,0.0,0.0,0.0,0,0.0,25.673000000000002,0.0,25.673000000000002
2018-01-01 22:56:00,0.0,0.0,0.0,0.0,0.0,0.0,0.0,0.0,0.0,0,0.0,25.7472,0.0,25.7472
2018-01-01 22:57:00,0.0,0.0,0.0,0.0,0.0,0.0,0.0,0.0,0.0,0,0.0,25.8214,0.0,25.8214
2018-01-01 22:58:00,0.0,0.0,0.0,0.0,0.0,0.0,0.0,0.0,0.0,0,0.0,25.8956,0.0,25.8956
2018-01-01 22:59:00,0.0,0.0,0.0,0.0,0.0,0.0,0.0,0.0,0.0,0,0.0,25.9698,0.0,25.9698
2018-01-01 23:00:00,0.0,0.0,0.0,0.0,0.0,0.0,0.0,0.0,0.0,0,0.0,26.044,0.0,26.044
2018-01-01 23:01:00,0.0,0.0,0.0,0.0,0.0,0.0,0.0,0.0,0.0,0,0.0,25.8968,0.0,25.8968
2018-01-01 23:02:00,0.0,0.0,0.0,0.0,0.0,0.0,0.0,0.0,0.0,0,0.0,25.7496,0.0,25.7496
2018-01-01 23:03:00,0.0,0.0,0.0,0.0,0.0,0.0,0.0,0.0,0.0,0,0.0,25.6024,0.0,25.6024
2018-01-01 23:04:00,0.0,0.0,0.0,0.0,0.0,0.0,0.0,0.0,0.0,0,0.0,25.4552,0.0,25.4552
2018-01-01 23:05:00,0.0,0.0,0.0,0.0,0.0,0.0,0.0,0.0,0.0,0,0.0,25.308,0.0,25.308
2018-01-01 23:06:00,0.0,0.0,0.0,0.0,0.0,0.0,0.0,0.0,0.0,0,0.0,25.1608,0.0,25.1608
2018-01-01 23:07:00,0.0,0.0,0.0,0.0,0.0,0.0,0.0,0.0,0.0,0,0.0,25.0136,0.0,25.0136
2018-01-01 23:08:00,0.0,0.0,0.0,0.0,0.0,0.0,0.0,0.0,0.0,0,0.0,24.8664,0.0,24.8664
2018-01-01 23:09:00,0.0,0.0,0.0,0.0,0.0,0.0,0.0,0.0,0.0,0,0.0,24.7192,0.0,24.7192
2018-01-01 23:10:00,0.0,0.0,0.0,0.0,0.0,0.0,0.0,0.0,0.0,0,0.0,24.572,0.0,24.572
2018-01-01 23:11:00,0.0,0.0,0.0,0.0,0.0,0.0,0.0,0.0,0.0,0,0.0,24.6363,0.0,24.6363
2018-01-01 23:12:00,0.0,0.0,0.0,0.0,0.0,0.0,0.0,0.0,0.0,0,0.0,24.700599999999998,0.0,24.700599999999998
2018-01-01 23:13:00,0.0,0.0,0.0,0.0,0.0,0.0,0.0,0.0,0.0,0,0.0,24.7649,0.0,24.7649
2018-01-01 23:14:00,0.0,0.0,0.0,0.0,0.0,0.0,0.0,0.0,0.0,0,0.0,24.8292,0.0,24.8292
2018-01-01 23:15:00,0.0,0.0,0.0,0.0,0.0,0.0,0.0,0.0,0.0,0,0.0,24.8935,0.0,24.8935
2018-01-01 23:16:00,0.0,0.0,0.0,0.0,0.0,0.0,0.0,0.0,0.0,0,0.0,24.9578,0.0,24.9578
2018-01-01 23:17:00,0.0,0.0,0.0,0.0,0.0,0.0,0.0,0.0,0.0,0,0.0,25.0221,0.0,25.0221
2018-01-01 23:18:00,0.0,0.0,0.0,0.0,0.0,0.0,0.0,0.0,0.0,0,0.0,25.0864,0.0,25.0864
2018-01-01 23:19:00,0.0,0.0,0.0,0.0,0.0,0.0,0.0,0.0,0.0,0,0.0,25.1507,0.0,25.1507
2018-01-01 23:20:00,0.0,0.0,0.0,0.0,0.0,0.0,0.0,0.0,0.0,0,0.0,25.215,0.0,25.215
2018-01-01 23:21:00,0.0,0.0,0.0,0.0,0.0,0.0,0.0,0.0,0.0,0,0.0,25.0684,0.0,25.0684
2018-01-01 23:22:00,0.0,0.0,0.0,0.0,0.0,0.0,0.0,0.0,0.0,0,0.0,24.9218,0.0,24.9218
2018-01-01 23:23:00,0.0,0.0,0.0,0.0,0.0,0.0,0.0,0.0,0.0,0,0.0,24.775199999999998,0.0,24.775199999999998
2018-01-01 23:24:00,0.0,0.0,0.0,0.0,0.0,0.0,0.0,0.0,0.0,0,0.0,24.6286,0.0,24.6286
2018-01-01 23:25:00,0.0,0.0,0.0,0.0,0.0,0.0,0.0,0.0,0.0,0,0.0,24.482,0.0,24.482
2018-01-01 23:26:00,0.0,0.0,0.0,0.0,0.0,0.0,0.0,0.0,0.0,0,0.0,24.3354,0.0,24.3354
2018-01-01 23:27:00,0.0,0.0,0.0,0.0,0.0,0.0,0.0,0.0,0.0,0,0.0,24.1888,0.0,24.1888
2018-01-01 23:28:00,0.0,0.0,0.0,0.0,0.0,0.0,0.0,0.0,0.0,0,0.0,24.042199999999998,0.0,24.042199999999998
2018-01-01 23:29:00,0.0,0.0,0.0,0.0,0.0,0.0,0.0,0.0,0.0,0,0.0,23.895599999999998,0.0,23.895599999999998
2018-01-01 23:30:00,0.0,0.0,0.0,0.0,0.0,0.0,0.0,0.0,0.0,0,0.0,23.749,0.0,23.749
2018-01-01 23:31:00,0.0,0.0,0.0,0.0,0.0,0.0,0.0,0.0,0.0,0,0.0,23.7431,0.0,23.7431
2018-01-01 23:32:00,0.0,0.0,0.0,0.0,0.0,0.0,0.0,0.0,0.0,0,0.0,23.737199999999998,0.0,23.737199999999998
2018-01-01 23:33:00,0.0,0.0,0.0,0.0,0.0,0.0,0.0,0.0,0.0,0,0.0,23.7313,0.0,23.7313
2018-01-01 23:34:00,0.0,0.0,0.0,0.0,0.0,0.0,0.0,0.0,0.0,0,0.0,23.7254,0.0,23.7254
2018-01-01 23:35:00,0.0,0.0,0.0,0.0,0.0,0.0,0.0,0.0,0.0,0,0.0,23.7195,0.0,23.7195
2018-01-01 23:36:00,0.0,0.0,0.0,0.0,0.0,0.0,0.0,0.0,0.0,0,0.0,23.7136,0.0,23.7136
2018-01-01 23:37:00,0.0,0.0,0.0,0.0,0.0,0.0,0.0,0.0,0.0,0,0.0,23.7077,0.0,23.7077
2018-01-01 23:38:00,0.0,0.0,0.0,0.0,0.0,0.0,0.0,0.0,0.0,0,0.0,23.701800000000002,0.0,23.701800000000002
2018-01-01 23:39:00,0.0,0.0,0.0,0.0,0.0,0.0,0.0,0.0,0.0,0,0.0,23.6959,0.0,23.6959
2018-01-01 23:40:00,0.0,0.0,0.0,0.0,0.0,0.0,0.0,0.0,0.0,0,0.0,23.69,0.0,23.69
2018-01-01 23:41:00,0.0,0.0,0.0,0.0,0.0,0.0,0.0,0.0,0.0,0,0.0,23.206000000000003,0.0,23.206000000000003
2018-01-01 23:42:00,0.0,0.0,0.0,0.0,0.0,0.0,0.0,0.0,0.0,0,0.0,22.722,0.0,22.722
2018-01-01 23:43:00,0.0,0.0,0.0,0.0,0.0,0.0,0.0,0.0,0.0,0,0.0,22.238,0.0,22.238
2018-01-01 23:44:00,0.0,0.0,0.0,0.0,0.0,0.0,0.0,0.0,0.0,0,0.0,21.754,0.0,21.754
2018-01-01 23:45:00,0.0,0.0,0.0,0.0,0.0,0.0,0.0,0.0,0.0,0,0.0,21.270000000000003,0.0,21.270000000000003
2018-01-01 23:46:00,0.0,0.0,0.0,0.0,0.0,0.0,0.0,0.0,0.0,0,0.0,20.786,0.0,20.786
2018-01-01 23:47:00,0.0,0.0,0.0,0.0,0.0,0.0,0.0,0.0,0.0,0,0.0,20.302,0.0,20.302
2018-01-01 23:48:00,0.0,0.0,0.0,0.0,0.0,0.0,0.0,0.0,0.0,0,0.0,19.818,0.0,19.818
2018-01-01 23:49:00,0.0,0.0,0.0,0.0,0.0,0.0,0.0,0.0,0.0,0,0.0,19.334000000000003,0.0,19.334000000000003
2018-01-01 23:50:00,0.0,0.0,0.0,0.0,0.0,0.0,0.0,0.0,0.0,0,0.0,18.85,0.0,18.85
2018-01-01 23:51:00,0.0,0.0,0.0,0.0,0.0,0.0,0.0,0.0,0.0,0,0.0,19.0131,0.0,19.0131
2018-01-01 23:52:00,0.0,0.0,0.0,0.0,0.0,0.0,0.0,0.0,0.0,0,0.0,19.1762,0.0,19.1762
2018-01-01 23:53:00,0.0,0.0,0.0,0.0,0.0,0.0,0.0,0.0,0.0,0,0.0,19.3393,0.0,19.3393
2018-01-01 23:54:00,0.0,0.0,0.0,0.0,0.0,0.0,0.0,0.0,0.0,0,0.0,19.5024,0.0,19.5024
2018-01-01 23:55:00,0.0,0.0,0.0,0.0,0.0,0.0,0.0,0.0,0.0,0,0.0,19.6655,0.0,19.6655
2018-01-01 23:56:00,0.0,0.0,0.0,0.0,0.0,0.0,0.0,0.0,0.0,0,0.0,19.8286,0.0,19.8286
2018-01-01 23:57:00,0.0,0.0,0.0,0.0,0.0,0.0,0.0,0.0,0.0,0,0.0,19.9917,0.0,19.9917
2018-01-01 23:58:00,0.0,0.0,0.0,0.0,0.0,0.0,0.0,0.0,0.0,0,0.0,20.1548,0.0,20.1548
2018-01-01 23:59:00,0.0,0.0,0.0,0.0,0.0,0.0,0.0,0.0,0.0,0,0.0,20.3179,0.0,20.3179
2018-01-02 00:00:00,0.0,0.0,0.0,0.0,0.0,0.0,0.0,0.0,0.0,0,0.0,20.481,0.0,20.481
2018-01-02 00:01:00,0.0,0.0,0.0,0.0,0.0,0.0,0.0,0.0,0.0,0,0.0,20.4802,0.0,20.4802
2018-01-02 00:02:00,0.0,0.0,0.0,0.0,0.0,0.0,0.0,0.0,0.0,0,0.0,20.479400000000002,0.0,20.479400000000002
2018-01-02 00:03:00,0.0,0.0,0.0,0.0,0.0,0.0,0.0,0.0,0.0,0,0.0,20.4786,0.0,20.4786
2018-01-02 00:04:00,0.0,0.0,0.0,0.0,0.0,0.0,0.0,0.0,0.0,0,0.0,20.477800000000002,0.0,20.477800000000002
2018-01-02 00:05:00,0.0,0.0,0.0,0.0,0.0,0.0,0.0,0.0,0.0,0,0.0,20.477,0.0,20.477
2018-01-02 00:06:00,0.0,0.0,0.0,0.0,0.0,0.0,0.0,0.0,0.0,0,0.0,20.4762,0.0,20.4762
2018-01-02 00:07:00,0.0,0.0,0.0,0.0,0.0,0.0,0.0,0.0,0.0,0,0.0,20.4754,0.0,20.4754
2018-01-02 00:08:00,0.0,0.0,0.0,0.0,0.0,0.0,0.0,0.0,0.0,0,0.0,20.4746,0.0,20.4746
2018-01-02 00:09:00,0.0,0.0,0.0,0.0,0.0,0.0,0.0,0.0,0.0,0,0.0,20.4738,0.0,20.4738
2018-01-02 00:10:00,0.0,0.0,0.0,0.0,0.0,0.0,0.0,0.0,0.0,0,0.0,20.473,0.0,20.473
2018-01-02 00:11:00,0.0,0.0,0.0,0.0,0.0,0.0,0.0,0.0,0.0,0,0.0,20.2802,0.0,20.2802
2018-01-02 00:12:00,0.0,0.0,0.0,0.0,0.0,0.0,0.0,0.0,0.0,0,0.0,20.0874,0.0,20.0874
2018-01-02 00:13:00,0.0,0.0,0.0,0.0,0.0,0.0,0.0,0.0,0.0,0,0.0,19.8946,0.0,19.8946
2018-01-02 00:14:00,0.0,0.0,0.0,0.0,0.0,0.0,0.0,0.0,0.0,0,0.0,19.7018,0.0,19.7018
2018-01-02 00:15:00,0.0,0.0,0.0,0.0,0.0,0.0,0.0,0.0,0.0,0,0.0,19.509,0.0,19.509
2018-01-02 00:16:00,0.0,0.0,0.0,0.0,0.0,0.0,0.0,0.0,0.0,0,0.0,19.316200000000002,0.0,19.316200000000002
2018-01-02 00:17:00,0.0,0.0,0.0,0.0,0.0,0.0,0.0,0.0,0.0,0,0.0,19.1234,0.0,19.1234
2018-01-02 00:18:00,0.0,0.0,0.0,0.0,0.0,0.0,0.0,0.0,0.0,0,0.0,18.930600000000002,0.0,18.930600000000002
2018-01-02 00:19:00,0.0,0.0,0.0,0.0,0.0,0.0,0.0,0.0,0.0,0,0.0,18.7378,0.0,18.7378
2018-01-02 00:20:00,0.0,0.0,0.0,0.0,0.0,0.0,0.0,0.0,0.0,0,0.0,18.545,0.0,18.545
2018-01-02 00:21:00,0.0,0.0,0.0,0.0,0.0,0.0,0.0,0.0,0.0,0,0.0,18.6199,0.0,18.6199
2018-01-02 00:22:00,0.0,0.0,0.0,0.0,0.0,0.0,0.0,0.0,0.0,0,0.0,18.6948,0.0,18.6948
2018-01-02 00:23:00,0.0,0.0,0.0,0.0,0.0,0.0,0.0,0.0,0.0,0,0.0,18.7697,0.0,18.7697
2018-01-02 00:24:00,0.0,0.0,0.0,0.0,0.0,0.0,0.0,0.0,0.0,0,0.0,18.8446,0.0,18.8446
2018-01-02 00:25:00,0.0,0.0,0.0,0.0,0.0,0.0,0.0,0.0,0.0,0,0.0,18.9195,0.0,18.9195
2018-01-02 00:26:00,0.0,0.0,0.0,0.0,0.0,0.0,0.0,0.0,0.0,0,0.0,18.994400000000002,0.0,18.994400000000002
2018-01-02 00:27:00,0.0,0.0,0.0,0.0,0.0,0.0,0.0,0.0,0.0,0,0.0,19.069300000000002,0.0,19.069300000000002
2018-01-02 00:28:00,0.0,0.0,0.0,0.0,0.0,0.0,0.0,0.0,0.0,0,0.0,19.1442,0.0,19.1442
2018-01-02 00:29:00,0.0,0.0,0.0,0.0,0.0,0.0,0.0,0.0,0.0,0,0.0,19.2191,0.0,19.2191
2018-01-02 00:30:00,0.0,0.0,0.0,0.0,0.0,0.0,0.0,0.0,0.0,0,0.0,19.294,0.0,19.294
2018-01-02 00:31:00,0.0,0.0,0.0,0.0,0.0,0.0,0.0,0.0,0.0,0,0.0,19.201,0.0,19.201
2018-01-02 00:32:00,0.0,0.0,0.0,0.0,0.0,0.0,0.0,0.0,0.0,0,0.0,19.108,0.0,19.108
2018-01-02 00:33:00,0.0,0.0,0.0,0.0,0.0,0.0,0.0,0.0,0.0,0,0.0,19.015,0.0,19.015
2018-01-02 00:34:00,0.0,0.0,0.0,0.0,0.0,0.0,0.0,0.0,0.0,0,0.0,18.922,0.0,18.922
2018-01-02 00:35:00,0.0,0.0,0.0,0.0,0.0,0.0,0.0,0.0,0.0,0,0.0,18.829,0.0,18.829
2018-01-02 00:36:00,0.0,0.0,0.0,0.0,0.0,0.0,0.0,0.0,0.0,0,0.0,18.736,0.0,18.736
2018-01-02 00:37:00,0.0,0.0,0.0,0.0,0.0,0.0,0.0,0.0,0.0,0,0.0,18.643,0.0,18.643
2018-01-02 00:38:00,0.0,0.0,0.0,0.0,0.0,0.0,0.0,0.0,0.0,0,0.0,18.55,0.0,18.55
2018-01-02 00:39:00,0.0,0.0,0.0,0.0,0.0,0.0,0.0,0.0,0.0,0,0.0,18.457,0.0,18.457
2018-01-02 00:40:00,0.0,0.0,0.0,0.0,0.0,0.0,0.0,0.0,0.0,0,0.0,18.364,0.0,18.364
2018-01-02 00:41:00,0.0,0.0,0.0,0.0,0.0,0.0,0.0,0.0,0.0,0,0.0,18.5774,0.0,18.5774
2018-01-02 00:42:00,0.0,0.0,0.0,0.0,0.0,0.0,0.0,0.0,0.0,0,0.0,18.7908,0.0,18.7908
2018-01-02 00:43:00,0.0,0.0,0.0,0.0,0.0,0.0,0.0,0.0,0.0,0,0.0,19.0042,0.0,19.0042
2018-01-02 00:44:00,0.0,0.0,0.0,0.0,0.0,0.0,0.0,0.0,0.0,0,0.0,19.2176,0.0,19.2176
2018-01-02 00:45:00,0.0,0.0,0.0,0.0,0.0,0.0,0.0,0.0,0.0,0,0.0,19.431,0.0,19.431
2018-01-02 00:46:00,0.0,0.0,0.0,0.0,0.0,0.0,0.0,0.0,0.0,0,0.0,19.6444,0.0,19.6444
2018-01-02 00:47:00,0.0,0.0,0.0,0.0,0.0,0.0,0.0,0.0,0.0,0,0.0,19.8578,0.0,19.8578
2018-01-02 00:48:00,0.0,0.0,0.0,0.0,0.0,0.0,0.0,0.0,0.0,0,0.0,20.0712,0.0,20.0712
2018-01-02 00:49:00,0.0,0.0,0.0,0.0,0.0,0.0,0.0,0.0,0.0,0,0.0,20.2846,0.0,20.2846
2018-01-02 00:50:00,0.0,0.0,0.0,0.0,0.0,0.0,0.0,0.0,0.0,0,0.0,20.498,0.0,20.498
2018-01-02 00:51:00,0.0,0.0,0.0,0.0,0.0,0.0,0.0,0.0,0.0,0,0.0,20.4039,0.0,20.4039
2018-01-02 00:52:00,0.0,0.0,0.0,0.0,0.0,0.0,0.0,0.0,0.0,0,0.0,20.3098,0.0,20.3098
2018-01-02 00:53:00,0.0,0.0,0.0,0.0,0.0,0.0,0.0,0.0,0.0,0,0.0,20.215700000000002,0.0,20.215700000000002
2018-01-02 00:54:00,0.0,0.0,0.0,0.0,0.0,0.0,0.0,0.0,0.0,0,0.0,20.1216,0.0,20.1216
2018-01-02 00:55:00,0.0,0.0,0.0,0.0,0.0,0.0,0.0,0.0,0.0,0,0.0,20.0275,0.0,20.0275
2018-01-02 00:56:00,0.0,0.0,0.0,0.0,0.0,0.0,0.0,0.0,0.0,0,0.0,19.9334,0.0,19.9334
2018-01-02 00:57:00,0.0,0.0,0.0,0.0,0.0,0.0,0.0,0.0,0.0,0,0.0,19.839299999999998,0.0,19.839299999999998
2018-01-02 00:58:00,0.0,0.0,0.0,0.0,0.0,0.0,0.0,0.0,0.0,0,0.0,19.7452,0.0,19.7452
2018-01-02 00:59:00,0.0,0.0,0.0,0.0,0.0,0.0,0.0,0.0,0.0,0,0.0,19.6511,0.0,19.6511
2018-01-02 01:00:00,0.0,0.0,0.0,0.0,0.0,0.0,0.0,0.0,0.0,0,0.0,19.557,0.0,19.557
2018-01-02 01:01:00,0.0,0.0,0.0,0.0,0.0,0.0,0.0,0.0,0.0,0,0.0,19.6753,0.0,19.6753
2018-01-02 01:02:00,0.0,0.0,0.0,0.0,0.0,0.0,0.0,0.0,0.0,0,0.0,19.793599999999998,0.0,19.793599999999998
2018-01-02 01:03:00,0.0,0.0,0.0,0.0,0.0,0.0,0.0,0.0,0.0,0,0.0,19.9119,0.0,19.9119
2018-01-02 01:04:00,0.0,0.0,0.0,0.0,0.0,0.0,0.0,0.0,0.0,0,0.0,20.030199999999997,0.0,20.030199999999997
2018-01-02 01:05:00,0.0,0.0,0.0,0.0,0.0,0.0,0.0,0.0,0.0,0,0.0,20.1485,0.0,20.1485
2018-01-02 01:06:00,0.0,0.0,0.0,0.0,0.0,0.0,0.0,0.0,0.0,0,0.0,20.2668,0.0,20.2668
2018-01-02 01:07:00,0.0,0.0,0.0,0.0,0.0,0.0,0.0,0.0,0.0,0,0.0,20.385099999999998,0.0,20.385099999999998
2018-01-02 01:08:00,0.0,0.0,0.0,0.0,0.0,0.0,0.0,0.0,0.0,0,0.0,20.5034,0.0,20.5034
2018-01-02 01:09:00,0.0,0.0,0.0,0.0,0.0,0.0,0.0,0.0,0.0,0,0.0,20.621699999999997,0.0,20.621699999999997
2018-01-02 01:10:00,0.0,0.0,0.0,0.0,0.0,0.0,0.0,0.0,0.0,0,0.0,20.74,0.0,20.74
2018-01-02 01:11:00,0.0,0.0,0.0,0.0,0.0,0.0,0.0,0.0,0.0,0,0.0,20.8451,0.0,20.8451
2018-01-02 01:12:00,0.0,0.0,0.0,0.0,0.0,0.0,0.0,0.0,0.0,0,0.0,20.9502,0.0,20.9502
2018-01-02 01:13:00,0.0,0.0,0.0,0.0,0.0,0.0,0.0,0.0,0.0,0,0.0,21.0553,0.0,21.0553
2018-01-02 01:14:00,0.0,0.0,0.0,0.0,0.0,0.0,0.0,0.0,0.0,0,0.0,21.1604,0.0,21.1604
2018-01-02 01:15:00,0.0,0.0,0.0,0.0,0.0,0.0,0.0,0.0,0.0,0,0.0,21.2655,0.0,21.2655
2018-01-02 01:16:00,0.0,0.0,0.0,0.0,0.0,0.0,0.0,0.0,0.0,0,0.0,21.3706,0.0,21.3706
2018-01-02 01:17:00,0.0,0.0,0.0,0.0,0.0,0.0,0.0,0.0,0.0,0,0.0,21.4757,0.0,21.4757
2018-01-02 01:18:00,0.0,0.0,0.0,0.0,0.0,0.0,0.0,0.0,0.0,0,0.0,21.5808,0.0,21.5808
2018-01-02 01:19:00,0.0,0.0,0.0,0.0,0.0,0.0,0.0,0.0,0.0,0,0.0,21.6859,0.0,21.6859
2018-01-02 01:20:00,0.0,0.0,0.0,0.0,0.0,0.0,0.0,0.0,0.0,0,0.0,21.791,0.0,21.791
2018-01-02 01:21:00,0.0,0.0,0.0,0.0,0.0,0.0,0.0,0.0,0.0,0,0.0,21.5961,0.0,21.5961
2018-01-02 01:22:00,0.0,0.0,0.0,0.0,0.0,0.0,0.0,0.0,0.0,0,0.0,21.4012,0.0,21.4012
2018-01-02 01:23:00,0.0,0.0,0.0,0.0,0.0,0.0,0.0,0.0,0.0,0,0.0,21.2063,0.0,21.2063
2018-01-02 01:24:00,0.0,0.0,0.0,0.0,0.0,0.0,0.0,0.0,0.0,0,0.0,21.0114,0.0,21.0114
2018-01-02 01:25:00,0.0,0.0,0.0,0.0,0.0,0.0,0.0,0.0,0.0,0,0.0,20.816499999999998,0.0,20.816499999999998
2018-01-02 01:26:00,0.0,0.0,0.0,0.0,0.0,0.0,0.0,0.0,0.0,0,0.0,20.6216,0.0,20.6216
2018-01-02 01:27:00,0.0,0.0,0.0,0.0,0.0,0.0,0.0,0.0,0.0,0,0.0,20.4267,0.0,20.4267
2018-01-02 01:28:00,0.0,0.0,0.0,0.0,0.0,0.0,0.0,0.0,0.0,0,0.0,20.2318,0.0,20.2318
2018-01-02 01:29:00,0.0,0.0,0.0,0.0,0.0,0.0,0.0,0.0,0.0,0,0.0,20.0369,0.0,20.0369
2018-01-02 01:30:00,0.0,0.0,0.0,0.0,0.0,0.0,0.0,0.0,0.0,0,0.0,19.842,0.0,19.842
2018-01-02 01:31:00,0.0,0.0,0.0,0.0,0.0,0.0,0.0,0.0,0.0,0,0.0,19.8312,0.0,19.8312
2018-01-02 01:32:00,0.0,0.0,0.0,0.0,0.0,0.0,0.0,0.0,0.0,0,0.0,19.8204,0.0,19.8204
2018-01-02 01:33:00,0.0,0.0,0.0,0.0,0.0,0.0,0.0,0.0,0.0,0,0.0,19.8096,0.0,19.8096
2018-01-02 01:34:00,0.0,0.0,0.0,0.0,0.0,0.0,0.0,0.0,0.0,0,0.0,19.7988,0.0,19.7988
2018-01-02 01:35:00,0.0,0.0,0.0,0.0,0.0,0.0,0.0,0.0,0.0,0,0.0,19.788,0.0,19.788
2018-01-02 01:36:00,0.0,0.0,0.0,0.0,0.0,0.0,0.0,0.0,0.0,0,0.0,19.7772,0.0,19.7772
2018-01-02 01:37:00,0.0,0.0,0.0,0.0,0.0,0.0,0.0,0.0,0.0,0,0.0,19.7664,0.0,19.7664
2018-01-02 01:38:00,0.0,0.0,0.0,0.0,0.0,0.0,0.0,0.0,0.0,0,0.0,19.7556,0.0,19.7556
2018-01-02 01:39:00,0.0,0.0,0.0,0.0,0.0,0.0,0.0,0.0,0.0,0,0.0,19.7448,0.0,19.7448
2018-01-02 01:40:00,0.0,0.0,0.0,0.0,0.0,0.0,0.0,0.0,0.0,0,0.0,19.734,0.0,19.734
2018-01-02 01:41:00,0.0,0.0,0.0,0.0,0.0,0.0,0.0,0.0,0.0,0,0.0,19.811300000000003,0.0,19.811300000000003
2018-01-02 01:42:00,0.0,0.0,0.0,0.0,0.0,0.0,0.0,0.0,0.0,0,0.0,19.8886,0.0,19.8886
2018-01-02 01:43:00,0.0,0.0,0.0,0.0,0.0,0.0,0.0,0.0,0.0,0,0.0,19.9659,0.0,19.9659
2018-01-02 01:44:00,0.0,0.0,0.0,0.0,0.0,0.0,0.0,0.0,0.0,0,0.0,20.043200000000002,0.0,20.043200000000002
2018-01-02 01:45:00,0.0,0.0,0.0,0.0,0.0,0.0,0.0,0.0,0.0,0,0.0,20.1205,0.0,20.1205
2018-01-02 01:46:00,0.0,0.0,0.0,0.0,0.0,0.0,0.0,0.0,0.0,0,0.0,20.1978,0.0,20.1978
2018-01-02 01:47:00,0.0,0.0,0.0,0.0,0.0,0.0,0.0,0.0,0.0,0,0.0,20.275100000000002,0.0,20.275100000000002
2018-01-02 01:48:00,0.0,0.0,0.0,0.0,0.0,0.0,0.0,0.0,0.0,0,0.0,20.352400000000003,0.0,20.352400000000003
2018-01-02 01:49:00,0.0,0.0,0.0,0.0,0.0,0.0,0.0,0.0,0.0,0,0.0,20.4297,0.0,20.4297
2018-01-02 01:50:00,0.0,0.0,0.0,0.0,0.0,0.0,0.0,0.0,0.0,0,0.0,20.507,0.0,20.507
2018-01-02 01:51:00,0.0,0.0,0.0,0.0,0.0,0.0,0.0,0.0,0.0,0,0.0,20.5165,0.0,20.5165
2018-01-02 01:52:00,0.0,0.0,0.0,0.0,0.0,0.0,0.0,0.0,0.0,0,0.0,20.526,0.0,20.526
2018-01-02 01:53:00,0.0,0.0,0.0,0.0,0.0,0.0,0.0,0.0,0.0,0,0.0,20.535500000000003,0.0,20.535500000000003
2018-01-02 01:54:00,0.0,0.0,0.0,0.0,0.0,0.0,0.0,0.0,0.0,0,0.0,20.545,0.0,20.545
2018-01-02 01:55:00,0.0,0.0,0.0,0.0,0.0,0.0,0.0,0.0,0.0,0,0.0,20.5545,0.0,20.5545
2018-01-02 01:56:00,0.0,0.0,0.0,0.0,0.0,0.0,0.0,0.0,0.0,0,0.0,20.564,0.0,20.564
2018-01-02 01:57:00,0.0,0.0,0.0,0.0,0.0,0.0,0.0,0.0,0.0,0,0.0,20.5735,0.0,20.5735
2018-01-02 01:58:00,0.0,0.0,0.0,0.0,0.0,0.0,0.0,0.0,0.0,0,0.0,20.583000000000002,0.0,20.583000000000002
2018-01-02 01:59:00,0.0,0.0,0.0,0.0,0.0,0.0,0.0,0.0,0.0,0,0.0,20.5925,0.0,20.5925
2018-01-02 02:00:00,0.0,0.0,0.0,0.0,0.0,0.0,0.0,0.0,0.0,0,0.0,20.602,0.0,20.602
2018-01-02 02:01:00,0.0,0.0,0.0,0.0,0.0,0.0,0.0,0.0,0.0,0,0.0,20.415300000000002,0.0,20.415300000000002
2018-01-02 02:02:00,0.0,0.0,0.0,0.0,0.0,0.0,0.0,0.0,0.0,0,0.0,20.2286,0.0,20.2286
2018-01-02 02:03:00,0.0,0.0,0.0,0.0,0.0,0.0,0.0,0.0,0.0,0,0.0,20.0419,0.0,20.0419
2018-01-02 02:04:00,0.0,0.0,0.0,0.0,0.0,0.0,0.0,0.0,0.0,0,0.0,19.8552,0.0,19.8552
2018-01-02 02:05:00,0.0,0.0,0.0,0.0,0.0,0.0,0.0,0.0,0.0,0,0.0,19.6685,0.0,19.6685
2018-01-02 02:06:00,0.0,0.0,0.0,0.0,0.0,0.0,0.0,0.0,0.0,0,0.0,19.4818,0.0,19.4818
2018-01-02 02:07:00,0.0,0.0,0.0,0.0,0.0,0.0,0.0,0.0,0.0,0,0.0,19.295099999999998,0.0,19.295099999999998
2018-01-02 02:08:00,0.0,0.0,0.0,0.0,0.0,0.0,0.0,0.0,0.0,0,0.0,19.1084,0.0,19.1084
2018-01-02 02:09:00,0.0,0.0,0.0,0.0,0.0,0.0,0.0,0.0,0.0,0,0.0,18.9217,0.0,18.9217
2018-01-02 02:10:00,0.0,0.0,0.0,0.0,0.0,0.0,0.0,0.0,0.0,0,0.0,18.735,0.0,18.735
2018-01-02 02:11:00,0.0,0.0,0.0,0.0,0.0,0.0,0.0,0.0,0.0,0,0.0,18.7561,0.0,18.7561
2018-01-02 02:12:00,0.0,0.0,0.0,0.0,0.0,0.0,0.0,0.0,0.0,0,0.0,18.7772,0.0,18.7772
2018-01-02 02:13:00,0.0,0.0,0.0,0.0,0.0,0.0,0.0,0.0,0.0,0,0.0,18.7983,0.0,18.7983
2018-01-02 02:14:00,0.0,0.0,0.0,0.0,0.0,0.0,0.0,0.0,0.0,0,0.0,18.8194,0.0,18.8194
2018-01-02 02:15:00,0.0,0.0,0.0,0.0,0.0,0.0,0.0,0.0,0.0,0,0.0,18.8405,0.0,18.8405
2018-01-02 02:16:00,0.0,0.0,0.0,0.0,0.0,0.0,0.0,0.0,0.0,0,0.0,18.8616,0.0,18.8616
2018-01-02 02:17:00,0.0,0.0,0.0,0.0,0.0,0.0,0.0,0.0,0.0,0,0.0,18.8827,0.0,18.8827
2018-01-02 02:18:00,0.0,0.0,0.0,0.0,0.0,0.0,0.0,0.0,0.0,0,0.0,18.9038,0.0,18.9038
2018-01-02 02:19:00,0.0,0.0,0.0,0.0,0.0,0.0,0.0,0.0,0.0,0,0.0,18.9249,0.0,18.9249
2018-01-02 02:20:00,0.0,0.0,0.0,0.0,0.0,0.0,0.0,0.0,0.0,0,0.0,18.946,0.0,18.946
2018-01-02 02:21:00,0.0,0.0,0.0,0.0,0.0,0.0,0.0,0.0,0.0,0,0.0,18.9803,0.0,18.9803
2018-01-02 02:22:00,0.0,0.0,0.0,0.0,0.0,0.0,0.0,0.0,0.0,0,0.0,19.0146,0.0,19.0146
2018-01-02 02:23:00,0.0,0.0,0.0,0.0,0.0,0.0,0.0,0.0,0.0,0,0.0,19.048900000000003,0.0,19.048900000000003
2018-01-02 02:24:00,0.0,0.0,0.0,0.0,0.0,0.0,0.0,0.0,0.0,0,0.0,19.0832,0.0,19.0832
2018-01-02 02:25:00,0.0,0.0,0.0,0.0,0.0,0.0,0.0,0.0,0.0,0,0.0,19.1175,0.0,19.1175
2018-01-02 02:26:00,0.0,0.0,0.0,0.0,0.0,0.0,0.0,0.0,0.0,0,0.0,19.1518,0.0,19.1518
2018-01-02 02:27:00,0.0,0.0,0.0,0.0,0.0,0.0,0.0,0.0,0.0,0,0.0,19.186100000000003,0.0,19.186100000000003
2018-01-02 02:28:00,0.0,0.0,0.0,0.0,0.0,0.0,0.0,0.0,0.0,0,0.0,19.2204,0.0,19.2204
2018-01-02 02:29:00,0.0,0.0,0.0,0.0,0.0,0.0,0.0,0.0,0.0,0,0.0,19.2547,0.0,19.2547
2018-01-02 02:30:00,0.0,0.0,0.0,0.0,0.0,0.0,0.0,0.0,0.0,0,0.0,19.289,0.0,19.289
2018-01-02 02:31:00,0.0,0.0,0.0,0.0,0.0,0.0,0.0,0.0,0.0,0,0.0,19.2121,0.0,19.2121
2018-01-02 02:32:00,0.0,0.0,0.0,0.0,0.0,0.0,0.0,0.0,0.0,0,0.0,19.1352,0.0,19.1352
2018-01-02 02:33:00,0.0,0.0,0.0,0.0,0.0,0.0,0.0,0.0,0.0,0,0.0,19.058300000000003,0.0,19.058300000000003
2018-01-02 02:34:00,0.0,0.0,0.0,0.0,0.0,0.0,0.0,0.0,0.0,0,0.0,18.9814,0.0,18.9814
2018-01-02 02:35:00,0.0,0.0,0.0,0.0,0.0,0.0,0.0,0.0,0.0,0,0.0,18.9045,0.0,18.9045
2018-01-02 02:36:00,0.0,0.0,0.0,0.0,0.0,0.0,0.0,0.0,0.0,0,0.0,18.8276,0.0,18.8276
2018-01-02 02:37:00,0.0,0.0,0.0,0.0,0.0,0.0,0.0,0.0,0.0,0,0.0,18.750700000000002,0.0,18.750700000000002
2018-01-02 02:38:00,0.0,0.0,0.0,0.0,0.0,0.0,0.0,0.0,0.0,0,0.0,18.6738,0.0,18.6738
2018-01-02 02:39:00,0.0,0.0,0.0,0.0,0.0,0.0,0.0,0.0,0.0,0,0.0,18.596899999999998,0.0,18.596899999999998
2018-01-02 02:40:00,0.0,0.0,0.0,0.0,0.0,0.0,0.0,0.0,0.0,0,0.0,18.52,0.0,18.52
2018-01-02 02:41:00,0.0,0.0,0.0,0.0,0.0,0.0,0.0,0.0,0.0,0,0.0,18.5229,0.0,18.5229
2018-01-02 02:42:00,0.0,0.0,0.0,0.0,0.0,0.0,0.0,0.0,0.0,0,0.0,18.5258,0.0,18.5258
2018-01-02 02:43:00,0.0,0.0,0.0,0.0,0.0,0.0,0.0,0.0,0.0,0,0.0,18.5287,0.0,18.5287
2018-01-02 02:44:00,0.0,0.0,0.0,0.0,0.0,0.0,0.0,0.0,0.0,0,0.0,18.5316,0.0,18.5316
2018-01-02 02:45:00,0.0,0.0,0.0,0.0,0.0,0.0,0.0,0.0,0.0,0,0.0,18.5345,0.0,18.5345
2018-01-02 02:46:00,0.0,0.0,0.0,0.0,0.0,0.0,0.0,0.0,0.0,0,0.0,18.537399999999998,0.0,18.537399999999998
2018-01-02 02:47:00,0.0,0.0,0.0,0.0,0.0,0.0,0.0,0.0,0.0,0,0.0,18.5403,0.0,18.5403
2018-01-02 02:48:00,0.0,0.0,0.0,0.0,0.0,0.0,0.0,0.0,0.0,0,0.0,18.5432,0.0,18.5432
2018-01-02 02:49:00,0.0,0.0,0.0,0.0,0.0,0.0,0.0,0.0,0.0,0,0.0,18.5461,0.0,18.5461
2018-01-02 02:50:00,0.0,0.0,0.0,0.0,0.0,0.0,0.0,0.0,0.0,0,0.0,18.549,0.0,18.549
2018-01-02 02:51:00,0.0,0.0,0.0,0.0,0.0,0.0,0.0,0.0,0.0,0,0.0,18.558799999999998,0.0,18.558799999999998
2018-01-02 02:52:00,0.0,0.0,0.0,0.0,0.0,0.0,0.0,0.0,0.0,0,0.0,18.5686,0.0,18.5686
2018-01-02 02:53:00,0.0,0.0,0.0,0.0,0.0,0.0,0.0,0.0,0.0,0,0.0,18.5784,0.0,18.5784
2018-01-02 02:54:00,0.0,0.0,0.0,0.0,0.0,0.0,0.0,0.0,0.0,0,0.0,18.5882,0.0,18.5882
2018-01-02 02:55:00,0.0,0.0,0.0,0.0,0.0,0.0,0.0,0.0,0.0,0,0.0,18.598,0.0,18.598
2018-01-02 02:56:00,0.0,0.0,0.0,0.0,0.0,0.0,0.0,0.0,0.0,0,0.0,18.607799999999997,0.0,18.607799999999997
2018-01-02 02:57:00,0.0,0.0,0.0,0.0,0.0,0.0,0.0,0.0,0.0,0,0.0,18.6176,0.0,18.6176
2018-01-02 02:58:00,0.0,0.0,0.0,0.0,0.0,0.0,0.0,0.0,0.0,0,0.0,18.627399999999998,0.0,18.627399999999998
2018-01-02 02:59:00,0.0,0.0,0.0,0.0,0.0,0.0,0.0,0.0,0.0,0,0.0,18.6372,0.0,18.6372
2018-01-02 03:00:00,0.0,0.0,0.0,0.0,0.0,0.0,0.0,0.0,0.0,0,0.0,18.647,0.0,18.647
2018-01-02 03:01:00,0.0,0.0,0.0,0.0,0.0,0.0,0.0,0.0,0.0,0,0.0,18.5461,0.0,18.5461
2018-01-02 03:02:00,0.0,0.0,0.0,0.0,0.0,0.0,0.0,0.0,0.0,0,0.0,18.4452,0.0,18.4452
2018-01-02 03:03:00,0.0,0.0,0.0,0.0,0.0,0.0,0.0,0.0,0.0,0,0.0,18.3443,0.0,18.3443
2018-01-02 03:04:00,0.0,0.0,0.0,0.0,0.0,0.0,0.0,0.0,0.0,0,0.0,18.2434,0.0,18.2434
2018-01-02 03:05:00,0.0,0.0,0.0,0.0,0.0,0.0,0.0,0.0,0.0,0,0.0,18.1425,0.0,18.1425
2018-01-02 03:06:00,0.0,0.0,0.0,0.0,0.0,0.0,0.0,0.0,0.0,0,0.0,18.0416,0.0,18.0416
2018-01-02 03:07:00,0.0,0.0,0.0,0.0,0.0,0.0,0.0,0.0,0.0,0,0.0,17.9407,0.0,17.9407
2018-01-02 03:08:00,0.0,0.0,0.0,0.0,0.0,0.0,0.0,0.0,0.0,0,0.0,17.8398,0.0,17.8398
2018-01-02 03:09:00,0.0,0.0,0.0,0.0,0.0,0.0,0.0,0.0,0.0,0,0.0,17.7389,0.0,17.7389
2018-01-02 03:10:00,0.0,0.0,0.0,0.0,0.0,0.0,0.0,0.0,0.0,0,0.0,17.638,0.0,17.638
2018-01-02 03:11:00,0.0,0.0,0.0,0.0,0.0,0.0,0.0,0.0,0.0,0,0.0,17.711000000000002,0.0,17.711000000000002
2018-01-02 03:12:00,0.0,0.0,0.0,0.0,0.0,0.0,0.0,0.0,0.0,0,0.0,17.784000000000002,0.0,17.784000000000002
2018-01-02 03:13:00,0.0,0.0,0.0,0.0,0.0,0.0,0.0,0.0,0.0,0,0.0,17.857,0.0,17.857
2018-01-02 03:14:00,0.0,0.0,0.0,0.0,0.0,0.0,0.0,0.0,0.0,0,0.0,17.93,0.0,17.93
2018-01-02 03:15:00,0.0,0.0,0.0,0.0,0.0,0.0,0.0,0.0,0.0,0,0.0,18.003,0.0,18.003
2018-01-02 03:16:00,0.0,0.0,0.0,0.0,0.0,0.0,0.0,0.0,0.0,0,0.0,18.076,0.0,18.076
2018-01-02 03:17:00,0.0,0.0,0.0,0.0,0.0,0.0,0.0,0.0,0.0,0,0.0,18.149,0.0,18.149
2018-01-02 03:18:00,0.0,0.0,0.0,0.0,0.0,0.0,0.0,0.0,0.0,0,0.0,18.221999999999998,0.0,18.221999999999998
2018-01-02 03:19:00,0.0,0.0,0.0,0.0,0.0,0.0,0.0,0.0,0.0,0,0.0,18.294999999999998,0.0,18.294999999999998
2018-01-02 03:20:00,0.0,0.0,0.0,0.0,0.0,0.0,0.0,0.0,0.0,0,0.0,18.368,0.0,18.368
2018-01-02 03:21:00,0.0,0.0,0.0,0.0,0.0,0.0,0.0,0.0,0.0,0,0.0,18.4593,0.0,18.4593
2018-01-02 03:22:00,0.0,0.0,0.0,0.0,0.0,0.0,0.0,0.0,0.0,0,0.0,18.5506,0.0,18.5506
2018-01-02 03:23:00,0.0,0.0,0.0,0.0,0.0,0.0,0.0,0.0,0.0,0,0.0,18.6419,0.0,18.6419
2018-01-02 03:24:00,0.0,0.0,0.0,0.0,0.0,0.0,0.0,0.0,0.0,0,0.0,18.7332,0.0,18.7332
2018-01-02 03:25:00,0.0,0.0,0.0,0.0,0.0,0.0,0.0,0.0,0.0,0,0.0,18.8245,0.0,18.8245
2018-01-02 03:26:00,0.0,0.0,0.0,0.0,0.0,0.0,0.0,0.0,0.0,0,0.0,18.915799999999997,0.0,18.915799999999997
2018-01-02 03:27:00,0.0,0.0,0.0,0.0,0.0,0.0,0.0,0.0,0.0,0,0.0,19.007099999999998,0.0,19.007099999999998
2018-01-02 03:28:00,0.0,0.0,0.0,0.0,0.0,0.0,0.0,0.0,0.0,0,0.0,19.098399999999998,0.0,19.098399999999998
2018-01-02 03:29:00,0.0,0.0,0.0,0.0,0.0,0.0,0.0,0.0,0.0,0,0.0,19.1897,0.0,19.1897
2018-01-02 03:30:00,0.0,0.0,0.0,0.0,0.0,0.0,0.0,0.0,0.0,0,0.0,19.281,0.0,19.281
2018-01-02 03:31:00,0.0,0.0,0.0,0.0,0.0,0.0,0.0,0.0,0.0,0,0.0,19.2377,0.0,19.2377
2018-01-02 03:32:00,0.0,0.0,0.0,0.0,0.0,0.0,0.0,0.0,0.0,0,0.0,19.194399999999998,0.0,19.194399999999998
2018-01-02 03:33:00,0.0,0.0,0.0,0.0,0.0,0.0,0.0,0.0,0.0,0,0.0,19.1511,0.0,19.1511
2018-01-02 03:34:00,0.0,0.0,0.0,0.0,0.0,0.0,0.0,0.0,0.0,0,0.0,19.107799999999997,0.0,19.107799999999997
2018-01-02 03:35:00,0.0,0.0,0.0,0.0,0.0,0.0,0.0,0.0,0.0,0,0.0,19.0645,0.0,19.0645
2018-01-02 03:36:00,0.0,0.0,0.0,0.0,0.0,0.0,0.0,0.0,0.0,0,0.0,19.0212,0.0,19.0212
2018-01-02 03:37:00,0.0,0.0,0.0,0.0,0.0,0.0,0.0,0.0,0.0,0,0.0,18.977899999999998,0.0,18.977899999999998
2018-01-02 03:38:00,0.0,0.0,0.0,0.0,0.0,0.0,0.0,0.0,0.0,0,0.0,18.9346,0.0,18.9346
2018-01-02 03:39:00,0.0,0.0,0.0,0.0,0.0,0.0,0.0,0.0,0.0,0,0.0,18.891299999999998,0.0,18.891299999999998
2018-01-02 03:40:00,0.0,0.0,0.0,0.0,0.0,0.0,0.0,0.0,0.0,0,0.0,18.848,0.0,18.848
2018-01-02 03:41:00,0.0,0.0,0.0,0.0,0.0,0.0,0.0,0.0,0.0,0,0.0,18.9985,0.0,18.9985
2018-01-02 03:42:00,0.0,0.0,0.0,0.0,0.0,0.0,0.0,0.0,0.0,0,0.0,19.149,0.0,19.149
2018-01-02 03:43:00,0.0,0.0,0.0,0.0,0.0,0.0,0.0,0.0,0.0,0,0.0,19.2995,0.0,19.2995
2018-01-02 03:44:00,0.0,0.0,0.0,0.0,0.0,0.0,0.0,0.0,0.0,0,0.0,19.45,0.0,19.45
2018-01-02 03:45:00,0.0,0.0,0.0,0.0,0.0,0.0,0.0,0.0,0.0,0,0.0,19.6005,0.0,19.6005
2018-01-02 03:46:00,0.0,0.0,0.0,0.0,0.0,0.0,0.0,0.0,0.0,0,0.0,19.751,0.0,19.751
2018-01-02 03:47:00,0.0,0.0,0.0,0.0,0.0,0.0,0.0,0.0,0.0,0,0.0,19.901500000000002,0.0,19.901500000000002
2018-01-02 03:48:00,0.0,0.0,0.0,0.0,0.0,0.0,0.0,0.0,0.0,0,0.0,20.052,0.0,20.052
2018-01-02 03:49:00,0.0,0.0,0.0,0.0,0.0,0.0,0.0,0.0,0.0,0,0.0,20.2025,0.0,20.2025
2018-01-02 03:50:00,0.0,0.0,0.0,0.0,0.0,0.0,0.0,0.0,0.0,0,0.0,20.353,0.0,20.353
2018-01-02 03:51:00,0.0,0.0,0.0,0.0,0.0,0.0,0.0,0.0,0.0,0,0.0,20.2799,0.0,20.2799
2018-01-02 03:52:00,0.0,0.0,0.0,0.0,0.0,0.0,0.0,0.0,0.0,0,0.0,20.2068,0.0,20.2068
2018-01-02 03:53:00,0.0,0.0,0.0,0.0,0.0,0.0,0.0,0.0,0.0,0,0.0,20.1337,0.0,20.1337
2018-01-02 03:54:00,0.0,0.0,0.0,0.0,0.0,0.0,0.0,0.0,0.0,0,0.0,20.0606,0.0,20.0606
2018-01-02 03:55:00,0.0,0.0,0.0,0.0,0.0,0.0,0.0,0.0,0.0,0,0.0,19.9875,0.0,19.9875
2018-01-02 03:56:00,0.0,0.0,0.0,0.0,0.0,0.0,0.0,0.0,0.0,0,0.0,19.9144,0.0,19.9144
2018-01-02 03:57:00,0.0,0.0,0.0,0.0,0.0,0.0,0.0,0.0,0.0,0,0.0,19.8413,0.0,19.8413
2018-01-02 03:58:00,0.0,0.0,0.0,0.0,0.0,0.0,0.0,0.0,0.0,0,0.0,19.7682,0.0,19.7682
2018-01-02 03:59:00,0.0,0.0,0.0,0.0,0.0,0.0,0.0,0.0,0.0,0,0.0,19.6951,0.0,19.6951
2018-01-02 04:00:00,0.0,0.0,0.0,0.0,0.0,0.0,0.0,0.0,0.0,0,0.0,19.622,0.0,19.622
2018-01-02 04:01:00,0.0,0.0,0.0,0.0,0.0,0.0,0.0,0.0,0.0,0,0.0,19.5865,0.0,19.5865
2018-01-02 04:02:00,0.0,0.0,0.0,0.0,0.0,0.0,0.0,0.0,0.0,0,0.0,19.551,0.0,19.551
2018-01-02 04:03:00,0.0,0.0,0.0,0.0,0.0,0.0,0.0,0.0,0.0,0,0.0,19.5155,0.0,19.5155
2018-01-02 04:04:00,0.0,0.0,0.0,0.0,0.0,0.0,0.0,0.0,0.0,0,0.0,19.48,0.0,19.48
2018-01-02 04:05:00,0.0,0.0,0.0,0.0,0.0,0.0,0.0,0.0,0.0,0,0.0,19.444499999999998,0.0,19.444499999999998
2018-01-02 04:06:00,0.0,0.0,0.0,0.0,0.0,0.0,0.0,0.0,0.0,0,0.0,19.409,0.0,19.409
2018-01-02 04:07:00,0.0,0.0,0.0,0.0,0.0,0.0,0.0,0.0,0.0,0,0.0,19.3735,0.0,19.3735
2018-01-02 04:08:00,0.0,0.0,0.0,0.0,0.0,0.0,0.0,0.0,0.0,0,0.0,19.338,0.0,19.338
2018-01-02 04:09:00,0.0,0.0,0.0,0.0,0.0,0.0,0.0,0.0,0.0,0,0.0,19.3025,0.0,19.3025
2018-01-02 04:10:00,0.0,0.0,0.0,0.0,0.0,0.0,0.0,0.0,0.0,0,0.0,19.267,0.0,19.267
2018-01-02 04:11:00,0.0,0.0,0.0,0.0,0.0,0.0,0.0,0.0,0.0,0,0.0,19.2071,0.0,19.2071
2018-01-02 04:12:00,0.0,0.0,0.0,0.0,0.0,0.0,0.0,0.0,0.0,0,0.0,19.147199999999998,0.0,19.147199999999998
2018-01-02 04:13:00,0.0,0.0,0.0,0.0,0.0,0.0,0.0,0.0,0.0,0,0.0,19.0873,0.0,19.0873
2018-01-02 04:14:00,0.0,0.0,0.0,0.0,0.0,0.0,0.0,0.0,0.0,0,0.0,19.0274,0.0,19.0274
2018-01-02 04:15:00,0.0,0.0,0.0,0.0,0.0,0.0,0.0,0.0,0.0,0,0.0,18.9675,0.0,18.9675
2018-01-02 04:16:00,0.0,0.0,0.0,0.0,0.0,0.0,0.0,0.0,0.0,0,0.0,18.9076,0.0,18.9076
2018-01-02 04:17:00,0.0,0.0,0.0,0.0,0.0,0.0,0.0,0.0,0.0,0,0.0,18.8477,0.0,18.8477
2018-01-02 04:18:00,0.0,0.0,0.0,0.0,0.0,0.0,0.0,0.0,0.0,0,0.0,18.7878,0.0,18.7878
2018-01-02 04:19:00,0.0,0.0,0.0,0.0,0.0,0.0,0.0,0.0,0.0,0,0.0,18.727899999999998,0.0,18.727899999999998
2018-01-02 04:20:00,0.0,0.0,0.0,0.0,0.0,0.0,0.0,0.0,0.0,0,0.0,18.668,0.0,18.668
2018-01-02 04:21:00,0.0,0.0,0.0,0.0,0.0,0.0,0.0,0.0,0.0,0,0.0,18.4655,0.0,18.4655
2018-01-02 04:22:00,0.0,0.0,0.0,0.0,0.0,0.0,0.0,0.0,0.0,0,0.0,18.262999999999998,0.0,18.262999999999998
2018-01-02 04:23:00,0.0,0.0,0.0,0.0,0.0,0.0,0.0,0.0,0.0,0,0.0,18.0605,0.0,18.0605
2018-01-02 04:24:00,0.0,0.0,0.0,0.0,0.0,0.0,0.0,0.0,0.0,0,0.0,17.858,0.0,17.858
2018-01-02 04:25:00,0.0,0.0,0.0,0.0,0.0,0.0,0.0,0.0,0.0,0,0.0,17.6555,0.0,17.6555
2018-01-02 04:26:00,0.0,0.0,0.0,0.0,0.0,0.0,0.0,0.0,0.0,0,0.0,17.453,0.0,17.453
2018-01-02 04:27:00,0.0,0.0,0.0,0.0,0.0,0.0,0.0,0.0,0.0,0,0.0,17.2505,0.0,17.2505
2018-01-02 04:28:00,0.0,0.0,0.0,0.0,0.0,0.0,0.0,0.0,0.0,0,0.0,17.048000000000002,0.0,17.048000000000002
2018-01-02 04:29:00,0.0,0.0,0.0,0.0,0.0,0.0,0.0,0.0,0.0,0,0.0,16.8455,0.0,16.8455
2018-01-02 04:30:00,0.0,0.0,0.0,0.0,0.0,0.0,0.0,0.0,0.0,0,0.0,16.643,0.0,16.643
2018-01-02 04:31:00,0.0,0.0,0.0,0.0,0.0,0.0,0.0,0.0,0.0,0,0.0,16.776400000000002,0.0,16.776400000000002
2018-01-02 04:32:00,0.0,0.0,0.0,0.0,0.0,0.0,0.0,0.0,0.0,0,0.0,16.9098,0.0,16.9098
2018-01-02 04:33:00,0.0,0.0,0.0,0.0,0.0,0.0,0.0,0.0,0.0,0,0.0,17.0432,0.0,17.0432
2018-01-02 04:34:00,0.0,0.0,0.0,0.0,0.0,0.0,0.0,0.0,0.0,0,0.0,17.1766,0.0,17.1766
2018-01-02 04:35:00,0.0,0.0,0.0,0.0,0.0,0.0,0.0,0.0,0.0,0,0.0,17.310000000000002,0.0,17.310000000000002
2018-01-02 04:36:00,0.0,0.0,0.0,0.0,0.0,0.0,0.0,0.0,0.0,0,0.0,17.4434,0.0,17.4434
2018-01-02 04:37:00,0.0,0.0,0.0,0.0,0.0,0.0,0.0,0.0,0.0,0,0.0,17.5768,0.0,17.5768
2018-01-02 04:38:00,0.0,0.0,0.0,0.0,0.0,0.0,0.0,0.0,0.0,0,0.0,17.7102,0.0,17.7102
2018-01-02 04:39:00,0.0,0.0,0.0,0.0,0.0,0.0,0.0,0.0,0.0,0,0.0,17.843600000000002,0.0,17.843600000000002
2018-01-02 04:40:00,0.0,0.0,0.0,0.0,0.0,0.0,0.0,0.0,0.0,0,0.0,17.977,0.0,17.977
2018-01-02 04:41:00,0.0,0.0,0.0,0.0,0.0,0.0,0.0,0.0,0.0,0,0.0,18.688,0.0,18.688
2018-01-02 04:42:00,0.0,0.0,0.0,0.0,0.0,0.0,0.0,0.0,0.0,0,0.0,19.399,0.0,19.399
2018-01-02 04:43:00,0.0,0.0,0.0,0.0,0.0,0.0,0.0,0.0,0.0,0,0.0,20.11,0.0,20.11
2018-01-02 04:44:00,0.0,0.0,0.0,0.0,0.0,0.0,0.0,0.0,0.0,0,0.0,20.821,0.0,20.821
2018-01-02 04:45:00,0.0,0.0,0.0,0.0,0.0,0.0,0.0,0.0,0.0,0,0.0,21.532,0.0,21.532
2018-01-02 04:46:00,0.0,0.0,0.0,0.0,0.0,0.0,0.0,0.0,0.0,0,0.0,22.243000000000002,0.0,22.243000000000002
2018-01-02 04:47:00,0.0,0.0,0.0,0.0,0.0,0.0,0.0,0.0,0.0,0,0.0,22.954,0.0,22.954
2018-01-02 04:48:00,0.0,0.0,0.0,0.0,0.0,0.0,0.0,0.0,0.0,0,0.0,23.665,0.0,23.665
2018-01-02 04:49:00,0.0,0.0,0.0,0.0,0.0,0.0,0.0,0.0,0.0,0,0.0,24.376,0.0,24.376
2018-01-02 04:50:00,0.0,0.0,0.0,0.0,0.0,0.0,0.0,0.0,0.0,0,0.0,25.087,0.0,25.087
2018-01-02 04:51:00,0.0,0.0,0.0,0.0,0.0,0.0,0.0,0.0,0.0,0,0.0,26.099899999999998,0.0,26.099899999999998
2018-01-02 04:52:00,0.0,0.0,0.0,0.0,0.0,0.0,0.0,0.0,0.0,0,0.0,27.1128,0.0,27.1128
2018-01-02 04:53:00,0.0,0.0,0.0,0.0,0.0,0.0,0.0,0.0,0.0,0,0.0,28.125700000000002,0.0,28.125700000000002
2018-01-02 04:54:00,0.0,0.0,0.0,0.0,0.0,0.0,0.0,0.0,0.0,0,0.0,29.1386,0.0,29.1386
2018-01-02 04:55:00,0.0,0.0,0.0,0.0,0.0,0.0,0.0,0.0,0.0,0,0.0,30.1515,0.0,30.1515
2018-01-02 04:56:00,0.0,0.0,0.0,0.0,0.0,0.0,0.0,0.0,0.0,0,0.0,31.1644,0.0,31.1644
2018-01-02 04:57:00,0.0,0.0,0.0,0.0,0.0,0.0,0.0,0.0,0.0,0,0.0,32.1773,0.0,32.1773
2018-01-02 04:58:00,0.0,0.0,0.0,0.0,0.0,0.0,0.0,0.0,0.0,0,0.0,33.190200000000004,0.0,33.190200000000004
2018-01-02 04:59:00,0.0,0.0,0.0,0.0,0.0,0.0,0.0,0.0,0.0,0,0.0,34.2031,0.0,34.2031
2018-01-02 05:00:00,0.0,0.0,0.0,0.0,0.0,0.0,0.0,0.0,0.0,0,0.0,35.216,0.0,35.216
2018-01-02 05:01:00,0.0,0.0,0.0,0.0,0.0,0.0,0.0,0.0,0.0,0,0.0,34.5482,0.0,34.5482
2018-01-02 05:02:00,0.0,0.0,0.0,0.0,0.0,0.0,0.0,0.0,0.0,0,0.0,33.8804,0.0,33.8804
2018-01-02 05:03:00,0.0,0.0,0.0,0.0,0.0,0.0,0.0,0.0,0.0,0,0.0,33.2126,0.0,33.2126
2018-01-02 05:04:00,0.0,0.0,0.0,0.0,0.0,0.0,0.0,0.0,0.0,0,0.0,32.5448,0.0,32.5448
2018-01-02 05:05:00,0.0,0.0,0.0,0.0,0.0,0.0,0.0,0.0,0.0,0,0.0,31.877000000000002,0.0,31.877000000000002
2018-01-02 05:06:00,0.0,0.0,0.0,0.0,0.0,0.0,0.0,0.0,0.0,0,0.0,31.209200000000003,0.0,31.209200000000003
2018-01-02 05:07:00,0.0,0.0,0.0,0.0,0.0,0.0,0.0,0.0,0.0,0,0.0,30.5414,0.0,30.5414
2018-01-02 05:08:00,0.0,0.0,0.0,0.0,0.0,0.0,0.0,0.0,0.0,0,0.0,29.8736,0.0,29.8736
2018-01-02 05:09:00,0.0,0.0,0.0,0.0,0.0,0.0,0.0,0.0,0.0,0,0.0,29.2058,0.0,29.2058
2018-01-02 05:10:00,0.0,0.0,0.0,0.0,0.0,0.0,0.0,0.0,0.0,0,0.0,28.538,0.0,28.538
2018-01-02 05:11:00,0.0,0.0,0.0,0.0,0.0,0.0,0.0,0.0,0.0,0,0.0,28.753800000000002,0.0,28.753800000000002
2018-01-02 05:12:00,0.0,0.0,0.0,0.0,0.0,0.0,0.0,0.0,0.0,0,0.0,28.9696,0.0,28.9696
2018-01-02 05:13:00,0.0,0.0,0.0,0.0,0.0,0.0,0.0,0.0,0.0,0,0.0,29.1854,0.0,29.1854
2018-01-02 05:14:00,0.0,0.0,0.0,0.0,0.0,0.0,0.0,0.0,0.0,0,0.0,29.4012,0.0,29.4012
2018-01-02 05:15:00,0.0,0.0,0.0,0.0,0.0,0.0,0.0,0.0,0.0,0,0.0,29.617,0.0,29.617
2018-01-02 05:16:00,0.0,0.0,0.0,0.0,0.0,0.0,0.0,0.0,0.0,0,0.0,29.832800000000002,0.0,29.832800000000002
2018-01-02 05:17:00,0.0,0.0,0.0,0.0,0.0,0.0,0.0,0.0,0.0,0,0.0,30.0486,0.0,30.0486
2018-01-02 05:18:00,0.0,0.0,0.0,0.0,0.0,0.0,0.0,0.0,0.0,0,0.0,30.264400000000002,0.0,30.264400000000002
2018-01-02 05:19:00,0.0,0.0,0.0,0.0,0.0,0.0,0.0,0.0,0.0,0,0.0,30.4802,0.0,30.4802
2018-01-02 05:20:00,0.0,0.0,0.0,0.0,0.0,0.0,0.0,0.0,0.0,0,0.0,30.696,0.0,30.696
2018-01-02 05:21:00,0.0,0.0,0.0,0.0,0.0,0.0,0.0,0.0,0.0,0,0.0,30.3015,0.0,30.3015
2018-01-02 05:22:00,0.0,0.0,0.0,0.0,0.0,0.0,0.0,0.0,0.0,0,0.0,29.907,0.0,29.907
2018-01-02 05:23:00,0.0,0.0,0.0,0.0,0.0,0.0,0.0,0.0,0.0,0,0.0,29.512500000000003,0.0,29.512500000000003
2018-01-02 05:24:00,0.0,0.0,0.0,0.0,0.0,0.0,0.0,0.0,0.0,0,0.0,29.118000000000002,0.0,29.118000000000002
2018-01-02 05:25:00,0.0,0.0,0.0,0.0,0.0,0.0,0.0,0.0,0.0,0,0.0,28.7235,0.0,28.7235
2018-01-02 05:26:00,0.0,0.0,0.0,0.0,0.0,0.0,0.0,0.0,0.0,0,0.0,28.329,0.0,28.329
2018-01-02 05:27:00,0.0,0.0,0.0,0.0,0.0,0.0,0.0,0.0,0.0,0,0.0,27.9345,0.0,27.9345
2018-01-02 05:28:00,0.0,0.0,0.0,0.0,0.0,0.0,0.0,0.0,0.0,0,0.0,27.540000000000003,0.0,27.540000000000003
2018-01-02 05:29:00,0.0,0.0,0.0,0.0,0.0,0.0,0.0,0.0,0.0,0,0.0,27.145500000000002,0.0,27.145500000000002
2018-01-02 05:30:00,0.0,0.0,0.0,0.0,0.0,0.0,0.0,0.0,0.0,0,0.0,26.751,0.0,26.751
2018-01-02 05:31:00,0.0,0.0,0.0,0.0,0.0,0.0,0.0,0.0,0.0,0,0.0,26.812,0.0,26.812
2018-01-02 05:32:00,0.0,0.0,0.0,0.0,0.0,0.0,0.0,0.0,0.0,0,0.0,26.873,0.0,26.873
2018-01-02 05:33:00,0.0,0.0,0.0,0.0,0.0,0.0,0.0,0.0,0.0,0,0.0,26.934,0.0,26.934
2018-01-02 05:34:00,0.0,0.0,0.0,0.0,0.0,0.0,0.0,0.0,0.0,0,0.0,26.995,0.0,26.995
2018-01-02 05:35:00,0.0,0.0,0.0,0.0,0.0,0.0,0.0,0.0,0.0,0,0.0,27.056,0.0,27.056
2018-01-02 05:36:00,0.0,0.0,0.0,0.0,0.0,0.0,0.0,0.0,0.0,0,0.0,27.117,0.0,27.117
2018-01-02 05:37:00,0.0,0.0,0.0,0.0,0.0,0.0,0.0,0.0,0.0,0,0.0,27.178,0.0,27.178
2018-01-02 05:38:00,0.0,0.0,0.0,0.0,0.0,0.0,0.0,0.0,0.0,0,0.0,27.239,0.0,27.239
2018-01-02 05:39:00,0.0,0.0,0.0,0.0,0.0,0.0,0.0,0.0,0.0,0,0.0,27.3,0.0,27.3
2018-01-02 05:40:00,0.0,0.0,0.0,0.0,0.0,0.0,0.0,0.0,0.0,0,0.0,27.361,0.0,27.361
2018-01-02 05:41:00,0.0,0.0,0.0,0.0,0.0,0.0,0.0,0.0,0.0,0,0.0,27.6014,0.0,27.6014
2018-01-02 05:42:00,0.0,0.0,0.0,0.0,0.0,0.0,0.0,0.0,0.0,0,0.0,27.8418,0.0,27.8418
2018-01-02 05:43:00,0.0,0.0,0.0,0.0,0.0,0.0,0.0,0.0,0.0,0,0.0,28.0822,0.0,28.0822
2018-01-02 05:44:00,0.0,0.0,0.0,0.0,0.0,0.0,0.0,0.0,0.0,0,0.0,28.3226,0.0,28.3226
2018-01-02 05:45:00,0.0,0.0,0.0,0.0,0.0,0.0,0.0,0.0,0.0,0,0.0,28.563000000000002,0.0,28.563000000000002
2018-01-02 05:46:00,0.0,0.0,0.0,0.0,0.0,0.0,0.0,0.0,0.0,0,0.0,28.8034,0.0,28.8034
2018-01-02 05:47:00,0.0,0.0,0.0,0.0,0.0,0.0,0.0,0.0,0.0,0,0.0,29.0438,0.0,29.0438
2018-01-02 05:48:00,0.0,0.0,0.0,0.0,0.0,0.0,0.0,0.0,0.0,0,0.0,29.284200000000002,0.0,29.284200000000002
2018-01-02 05:49:00,0.0,0.0,0.0,0.0,0.0,0.0,0.0,0.0,0.0,0,0.0,29.5246,0.0,29.5246
2018-01-02 05:50:00,0.0,0.0,0.0,0.0,0.0,0.0,0.0,0.0,0.0,0,0.0,29.765,0.0,29.765
2018-01-02 05:51:00,0.0,0.0,0.0,0.0,0.0,0.0,0.0,0.0,0.0,0,0.0,30.4212,0.0,30.4212
2018-01-02 05:52:00,0.0,0.0,0.0,0.0,0.0,0.0,0.0,0.0,0.0,0,0.0,31.0774,0.0,31.0774
2018-01-02 05:53:00,0.0,0.0,0.0,0.0,0.0,0.0,0.0,0.0,0.0,0,0.0,31.7336,0.0,31.7336
2018-01-02 05:54:00,0.0,0.0,0.0,0.0,0.0,0.0,0.0,0.0,0.0,0,0.0,32.3898,0.0,32.3898
2018-01-02 05:55:00,0.0,0.0,0.0,0.0,0.0,0.0,0.0,0.0,0.0,0,0.0,33.046,0.0,33.046
2018-01-02 05:56:00,0.0,0.0,0.0,0.0,0.0,0.0,0.0,0.0,0.0,0,0.0,33.7022,0.0,33.7022
2018-01-02 05:57:00,0.0,0.0,0.0,0.0,0.0,0.0,0.0,0.0,0.0,0,0.0,34.358399999999996,0.0,34.358399999999996
2018-01-02 05:58:00,0.0,0.0,0.0,0.0,0.0,0.0,0.0,0.0,0.0,0,0.0,35.0146,0.0,35.0146
2018-01-02 05:59:00,0.0,0.0,0.0,0.0,0.0,0.0,0.0,0.0,0.0,0,0.0,35.6708,0.0,35.6708
2018-01-02 06:00:00,0.0,0.0,0.0,0.0,0.0,0.0,0.0,0.0,0.0,0,0.0,36.327,0.0,36.327
2018-01-02 06:01:00,0.0,0.0,0.0,0.0,0.0,0.0,0.0,0.0,0.0,0,0.0,36.282,0.0,36.282
2018-01-02 06:02:00,0.0,0.0,0.0,0.0,0.0,0.0,0.0,0.0,0.0,0,0.0,36.237,0.0,36.237
2018-01-02 06:03:00,0.0,0.0,0.0,0.0,0.0,0.0,0.0,0.0,0.0,0,0.0,36.192,0.0,36.192
2018-01-02 06:04:00,0.0,0.0,0.0,0.0,0.0,0.0,0.0,0.0,0.0,0,0.0,36.147,0.0,36.147
2018-01-02 06:05:00,0.0,0.0,0.0,0.0,0.0,0.0,0.0,0.0,0.0,0,0.0,36.102000000000004,0.0,36.102000000000004
2018-01-02 06:06:00,0.0,0.0,0.0,0.0,0.0,0.0,0.0,0.0,0.0,0,0.0,36.057,0.0,36.057
2018-01-02 06:07:00,0.0,0.0,0.0,0.0,0.0,0.0,0.0,0.0,0.0,0,0.0,36.012,0.0,36.012
2018-01-02 06:08:00,0.0,0.0,0.0,0.0,0.0,0.0,0.0,0.0,0.0,0,0.0,35.967,0.0,35.967
2018-01-02 06:09:00,0.0,0.0,0.0,0.0,0.0,0.0,0.0,0.0,0.0,0,0.0,35.922000000000004,0.0,35.922000000000004
2018-01-02 06:10:00,0.0,0.0,0.0,0.0,0.0,0.0,0.0,0.0,0.0,0,0.0,35.877,0.0,35.877
2018-01-02 06:11:00,0.0,0.0,0.0,0.0,0.0,0.0,0.0,0.0,0.0,0,0.0,36.0159,0.0,36.0159
2018-01-02 06:12:00,0.0,0.0,0.0,0.0,0.0,0.0,0.0,0.0,0.0,0,0.0,36.1548,0.0,36.1548
2018-01-02 06:13:00,0.0,0.0,0.0,0.0,0.0,0.0,0.0,0.0,0.0,0,0.0,36.2937,0.0,36.2937
2018-01-02 06:14:00,0.0,0.0,0.0,0.0,0.0,0.0,0.0,0.0,0.0,0,0.0,36.4326,0.0,36.4326
2018-01-02 06:15:00,0.0,0.0,0.0,0.0,0.0,0.0,0.0,0.0,0.0,0,0.0,36.5715,0.0,36.5715
2018-01-02 06:16:00,0.0,0.0,0.0,0.0,0.0,0.0,0.0,0.0,0.0,0,0.0,36.7104,0.0,36.7104
2018-01-02 06:17:00,0.0,0.0,0.0,0.0,0.0,0.0,0.0,0.0,0.0,0,0.0,36.8493,0.0,36.8493
2018-01-02 06:18:00,0.0,0.0,0.0,0.0,0.0,0.0,0.0,0.0,0.0,0,0.0,36.9882,0.0,36.9882
2018-01-02 06:19:00,0.0,0.0,0.0,0.0,0.0,0.0,0.0,0.0,0.0,0,0.0,37.1271,0.0,37.1271
2018-01-02 06:20:00,0.0,0.0,0.0,0.0,0.0,0.0,0.0,0.0,0.0,0,0.0,37.266,0.0,37.266
2018-01-02 06:21:00,0.0,0.0,0.0,0.0,0.0,0.0,0.0,0.0,0.0,0,0.0,36.8692,0.0,36.8692
2018-01-02 06:22:00,0.0,0.0,0.0,0.0,0.0,0.0,0.0,0.0,0.0,0,0.0,36.4724,0.0,36.4724
2018-01-02 06:23:00,0.0,0.0,0.0,0.0,0.0,0.0,0.0,0.0,0.0,0,0.0,36.0756,0.0,36.0756
2018-01-02 06:24:00,0.0,0.0,0.0,0.0,0.0,0.0,0.0,0.0,0.0,0,0.0,35.6788,0.0,35.6788
2018-01-02 06:25:00,0.0,0.0,0.0,0.0,0.0,0.0,0.0,0.0,0.0,0,0.0,35.282,0.0,35.282
2018-01-02 06:26:00,0.0,0.0,0.0,0.0,0.0,0.0,0.0,0.0,0.0,0,0.0,34.8852,0.0,34.8852
2018-01-02 06:27:00,0.0,0.0,0.0,0.0,0.0,0.0,0.0,0.0,0.0,0,0.0,34.4884,0.0,34.4884
2018-01-02 06:28:00,0.0,0.0,0.0,0.0,0.0,0.0,0.0,0.0,0.0,0,0.0,34.0916,0.0,34.0916
2018-01-02 06:29:00,0.0,0.0,0.0,0.0,0.0,0.0,0.0,0.0,0.0,0,0.0,33.6948,0.0,33.6948
2018-01-02 06:30:00,0.0,0.0,0.0,0.0,0.0,0.0,0.0,0.0,0.0,0,0.0,33.298,0.0,33.298
2018-01-02 06:31:00,0.0,0.0,0.0,0.0,0.0,0.0,0.0,0.0,0.0,0,0.0,33.195100000000004,0.0,33.195100000000004
2018-01-02 06:32:00,0.0,0.0,0.0,0.0,0.0,0.0,0.0,0.0,0.0,0,0.0,33.0922,0.0,33.0922
2018-01-02 06:33:00,0.0,0.0,0.0,0.0,0.0,0.0,0.0,0.0,0.0,0,0.0,32.9893,0.0,32.9893
2018-01-02 06:34:00,0.0,0.0,0.0,0.0,0.0,0.0,0.0,0.0,0.0,0,0.0,32.8864,0.0,32.8864
2018-01-02 06:35:00,0.0,0.0,0.0,0.0,0.0,0.0,0.0,0.0,0.0,0,0.0,32.783500000000004,0.0,32.783500000000004
2018-01-02 06:36:00,0.0,0.0,0.0,0.0,0.0,0.0,0.0,0.0,0.0,0,0.0,32.6806,0.0,32.6806
2018-01-02 06:37:00,0.0,0.0,0.0,0.0,0.0,0.0,0.0,0.0,0.0,0,0.0,32.5777,0.0,32.5777
2018-01-02 06:38:00,0.0,0.0,0.0,0.0,0.0,0.0,0.0,0.0,0.0,0,0.0,32.4748,0.0,32.4748
2018-01-02 06:39:00,0.0,0.0,0.0,0.0,0.0,0.0,0.0,0.0,0.0,0,0.0,32.3719,0.0,32.3719
2018-01-02 06:40:00,0.0,0.0,0.0,0.0,0.0,0.0,0.0,0.0,0.0,0,0.0,32.269,0.0,32.269
2018-01-02 06:41:00,0.0,0.0,0.0,0.0,0.0,0.0,0.0,0.0,0.0,0,0.0,32.4935,0.0,32.4935
2018-01-02 06:42:00,0.0,0.0,0.0,0.0,0.0,0.0,0.0,0.0,0.0,0,0.0,32.717999999999996,0.0,32.717999999999996
2018-01-02 06:43:00,0.0,0.0,0.0,0.0,0.0,0.0,0.0,0.0,0.0,0,0.0,32.9425,0.0,32.9425
2018-01-02 06:44:00,0.0,0.0,0.0,0.0,0.0,0.0,0.0,0.0,0.0,0,0.0,33.167,0.0,33.167
2018-01-02 06:45:00,0.0,0.0,0.0,0.0,0.0,0.0,0.0,0.0,0.0,0,0.0,33.3915,0.0,33.3915
2018-01-02 06:46:00,0.0,0.0,0.0,0.0,0.0,0.0,0.0,0.0,0.0,0,0.0,33.616,0.0,33.616
2018-01-02 06:47:00,0.0,0.0,0.0,0.0,0.0,0.0,0.0,0.0,0.0,0,0.0,33.8405,0.0,33.8405
2018-01-02 06:48:00,0.0,0.0,0.0,0.0,0.0,0.0,0.0,0.0,0.0,0,0.0,34.065000000000005,0.0,34.065000000000005
2018-01-02 06:49:00,0.0,0.0,0.0,0.0,0.0,0.0,0.0,0.0,0.0,0,0.0,34.289500000000004,0.0,34.289500000000004
2018-01-02 06:50:00,0.0,0.0,0.0,0.0,0.0,0.0,0.0,0.0,0.0,0,0.0,34.514,0.0,34.514
2018-01-02 06:51:00,0.0,0.0,0.0,0.0,0.0,0.0,0.0,0.0,0.0,0,0.0,34.5165,0.0,34.5165
2018-01-02 06:52:00,0.0,0.0,0.0,0.0,0.0,0.0,0.0,0.0,0.0,0,0.0,34.519000000000005,0.0,34.519000000000005
2018-01-02 06:53:00,0.0,0.0,0.0,0.0,0.0,0.0,0.0,0.0,0.0,0,0.0,34.5215,0.0,34.5215
2018-01-02 06:54:00,0.0,0.0,0.0,0.0,0.0,0.0,0.0,0.0,0.0,0,0.0,34.524,0.0,34.524
2018-01-02 06:55:00,0.0,0.0,0.0,0.0,0.0,0.0,0.0,0.0,0.0,0,0.0,34.5265,0.0,34.5265
2018-01-02 06:56:00,0.0,0.0,0.0,0.0,0.0,0.0,0.0,0.0,0.0,0,0.0,34.529,0.0,34.529
2018-01-02 06:57:00,0.0,0.0,0.0,0.0,0.0,0.0,0.0,0.0,0.0,0,0.0,34.5315,0.0,34.5315
2018-01-02 06:58:00,0.0,0.0,0.0,0.0,0.0,0.0,0.0,0.0,0.0,0,0.0,34.534,0.0,34.534
2018-01-02 06:59:00,0.0,0.0,0.0,0.0,0.0,0.0,0.0,0.0,0.0,0,0.0,34.536500000000004,0.0,34.536500000000004
2018-01-02 07:00:00,0.0,0.0,0.0,0.0,0.0,0.0,0.0,0.0,0.0,0,0.0,34.539,0.0,34.539
2018-01-02 07:01:00,0.001,0.0,0.0,0.0,0.0,0.0,0.0,0.0,0.0,0,0.001,34.7585,1.0,34.759499999999996
2018-01-02 07:02:00,0.001,0.0,0.0,0.0,0.0,0.0,0.0,0.0,0.0,0,0.001,34.978,1.0,34.979
2018-01-02 07:03:00,0.001,0.0,0.0,0.0,0.0,0.0,0.0,0.0,0.0,0,0.001,35.197500000000005,1.0,35.1985
2018-01-02 07:04:00,0.001,0.0,0.0,0.0,0.0,0.0,0.0,0.0,0.0,0,0.001,35.417,1.0,35.418
2018-01-02 07:05:00,0.001,0.0,0.0,0.0,0.0,0.0,0.0,0.0,0.0,0,0.001,35.6365,1.0,35.637499999999996
2018-01-02 07:06:00,0.001,0.0,0.0,0.0,0.0,0.0,0.0,0.0,0.0,0,0.001,35.856,1.0,35.857
2018-01-02 07:07:00,0.001,0.0,0.0,0.0,0.0,0.0,0.0,0.0,0.0,0,0.001,36.075500000000005,1.0,36.0765
2018-01-02 07:08:00,0.001,0.0,0.0,0.0,0.0,0.0,0.0,0.0,0.0,0,0.001,36.295,1.0,36.296
2018-01-02 07:09:00,0.001,0.0,0.0,0.0,0.0,0.0,0.0,0.0,0.0,0,0.001,36.5145,1.0,36.515499999999996
2018-01-02 07:10:00,0.001,0.0,0.0,0.0,0.0,0.0,0.0,0.0,0.0,0,0.001,36.734,1.0,36.735
2018-01-02 07:11:00,0.001,0.0,0.0,0.0,0.0,0.0,0.0,0.0,0.0,0,0.001,37.0762,1.0,37.0772
2018-01-02 07:12:00,0.001,0.0,0.0,0.0,0.0,0.0,0.0,0.0,0.0,0,0.001,37.4184,1.0,37.419399999999996
2018-01-02 07:13:00,0.001,0.0,0.0,0.0,0.0,0.0,0.0,0.0,0.0,0,0.001,37.760600000000004,1.0,37.7616
2018-01-02 07:14:00,0.001,0.0,0.0,0.0,0.0,0.0,0.0,0.0,0.0,0,0.001,38.1028,1.0,38.1038
2018-01-02 07:15:00,0.001,0.0,0.0,0.0,0.0,0.0,0.0,0.0,0.0,0,0.001,38.445,1.0,38.446
2018-01-02 07:16:00,0.001,0.0,0.0,0.0,0.0,0.0,0.0,0.0,0.0,0,0.001,38.7872,1.0,38.788199999999996
2018-01-02 07:17:00,0.001,0.0,0.0,0.0,0.0,0.0,0.0,0.0,0.0,0,0.001,39.1294,1.0,39.130399999999995
2018-01-02 07:18:00,0.001,0.0,0.0,0.0,0.0,0.0,0.0,0.0,0.0,0,0.001,39.4716,1.0,39.4726
2018-01-02 07:19:00,0.001,0.0,0.0,0.0,0.0,0.0,0.0,0.0,0.0,0,0.001,39.8138,1.0,39.8148
2018-01-02 07:20:00,0.001,0.0,0.0,0.0,0.0,0.0,0.0,0.0,0.0,0,0.001,40.156,1.0,40.157
2018-01-02 07:21:00,0.001,0.0,0.0,0.0,0.0,0.0,0.0,0.0,0.0,0,0.001,40.067,1.0,40.068
2018-01-02 07:22:00,0.001,0.0,0.0,0.0,0.0,0.0,0.0,0.0,0.0,0,0.001,39.978,1.0,39.979
2018-01-02 07:23:00,0.001,0.0,0.0,0.0,0.0,0.0,0.0,0.0,0.0,0,0.001,39.888999999999996,1.0,39.88999999999999
2018-01-02 07:24:00,0.001,0.0,0.0,0.0,0.0,0.0,0.0,0.0,0.0,0,0.001,39.8,1.0,39.800999999999995
2018-01-02 07:25:00,0.001,0.0,0.0,0.0,0.0,0.0,0.0,0.0,0.0,0,0.001,39.711,1.0,39.711999999999996
2018-01-02 07:26:00,0.001,0.0,0.0,0.0,0.0,0.0,0.0,0.0,0.0,0,0.001,39.622,1.0,39.623
2018-01-02 07:27:00,0.001,0.0,0.0,0.0,0.0,0.0,0.0,0.0,0.0,0,0.001,39.533,1.0,39.534
2018-01-02 07:28:00,0.001,0.0,0.0,0.0,0.0,0.0,0.0,0.0,0.0,0,0.001,39.443999999999996,1.0,39.44499999999999
2018-01-02 07:29:00,0.001,0.0,0.0,0.0,0.0,0.0,0.0,0.0,0.0,0,0.001,39.355,1.0,39.355999999999995
2018-01-02 07:30:00,0.001,0.0,0.0,0.0,0.0,0.0,0.0,0.0,0.0,0,0.001,39.266,1.0,39.266999999999996
2018-01-02 07:31:00,0.001,0.0,0.0,0.0,0.0,0.0,0.0,0.0,0.0,0,0.001,39.416199999999996,1.0,39.417199999999994
2018-01-02 07:32:00,0.001,0.0,0.0,0.0,0.0,0.0,0.0,0.0,0.0,0,0.001,39.5664,1.0,39.5674
2018-01-02 07:33:00,0.001,0.0,0.0,0.0,0.0,0.0,0.0,0.0,0.0,0,0.001,39.7166,1.0,39.7176
2018-01-02 07:34:00,0.001,0.0,0.0,0.0,0.0,0.0,0.0,0.0,0.0,0,0.001,39.8668,1.0,39.867799999999995
2018-01-02 07:35:00,0.001,0.0,0.0,0.0,0.0,0.0,0.0,0.0,0.0,0,0.001,40.016999999999996,1.0,40.017999999999994
2018-01-02 07:36:00,0.001,0.0,0.0,0.0,0.0,0.0,0.0,0.0,0.0,0,0.001,40.1672,1.0,40.1682
2018-01-02 07:37:00,0.001,0.0,0.0,0.0,0.0,0.0,0.0,0.0,0.0,0,0.001,40.3174,1.0,40.3184
2018-01-02 07:38:00,0.001,0.0,0.0,0.0,0.0,0.0,0.0,0.0,0.0,0,0.001,40.4676,1.0,40.468599999999995
2018-01-02 07:39:00,0.001,0.0,0.0,0.0,0.0,0.0,0.0,0.0,0.0,0,0.001,40.6178,1.0,40.6188
2018-01-02 07:40:00,0.001,0.0,0.0,0.0,0.0,0.0,0.0,0.0,0.0,0,0.001,40.768,1.0,40.769
2018-01-02 07:41:00,0.001,0.0,0.0,0.0,0.0,0.0,0.0,0.0,0.0,0,0.001,40.923,1.0,40.924
2018-01-02 07:42:00,0.001,0.0,0.0,0.0,0.0,0.0,0.0,0.0,0.0,0,0.001,41.078,1.0,41.079
2018-01-02 07:43:00,0.001,0.0,0.0,0.0,0.0,0.0,0.0,0.0,0.0,0,0.001,41.233,1.0,41.233999999999995
2018-01-02 07:44:00,0.001,0.0,0.0,0.0,0.0,0.0,0.0,0.0,0.0,0,0.001,41.388,1.0,41.388999999999996
2018-01-02 07:45:00,0.001,0.0,0.0,0.0,0.0,0.0,0.0,0.0,0.0,0,0.001,41.543,1.0,41.544
2018-01-02 07:46:00,0.001,0.0,0.0,0.0,0.0,0.0,0.0,0.0,0.0,0,0.001,41.698,1.0,41.699
2018-01-02 07:47:00,0.001,0.0,0.0,0.0,0.0,0.0,0.0,0.0,0.0,0,0.001,41.853,1.0,41.854
2018-01-02 07:48:00,0.001,0.0,0.0,0.0,0.0,0.0,0.0,0.0,0.0,0,0.001,42.007999999999996,1.0,42.00899999999999
2018-01-02 07:49:00,0.001,0.0,0.0,0.0,0.0,0.0,0.0,0.0,0.0,0,0.001,42.163,1.0,42.163999999999994
2018-01-02 07:50:00,0.001,0.0,0.0,0.0,0.0,0.0,0.0,0.0,0.0,0,0.001,42.318,1.0,42.318999999999996
2018-01-02 07:51:00,0.001,0.0,0.0,0.0,0.0,0.0,0.0,0.0,0.0,0,0.001,42.5228,1.0,42.523799999999994
2018-01-02 07:52:00,0.001,0.0,0.0,0.0,0.0,0.0,0.0,0.0,0.0,0,0.001,42.727599999999995,1.0,42.72859999999999
2018-01-02 07:53:00,0.001,0.0,0.0,0.0,0.0,0.0,0.0,0.0,0.0,0,0.001,42.9324,1.0,42.9334
2018-01-02 07:54:00,0.001,0.0,0.0,0.0,0.0,0.0,0.0,0.0,0.0,0,0.001,43.1372,1.0,43.1382
2018-01-02 07:55:00,0.001,0.0,0.0,0.0,0.0,0.0,0.0,0.0,0.0,0,0.001,43.342,1.0,43.342999999999996
2018-01-02 07:56:00,0.001,0.0,0.0,0.0,0.0,0.0,0.0,0.0,0.0,0,0.001,43.5468,1.0,43.547799999999995
2018-01-02 07:57:00,0.001,0.0,0.0,0.0,0.0,0.0,0.0,0.0,0.0,0,0.001,43.751599999999996,1.0,43.752599999999994
2018-01-02 07:58:00,0.001,0.0,0.0,0.0,0.0,0.0,0.0,0.0,0.0,0,0.001,43.9564,1.0,43.9574
2018-01-02 07:59:00,0.001,0.0,0.0,0.0,0.0,0.0,0.0,0.0,0.0,0,0.001,44.1612,1.0,44.1622
2018-01-02 08:00:00,0.001,0.0,0.0,0.0,0.0,0.0,0.0,0.0,0.0,0,0.001,44.366,1.0,44.367
2018-01-02 08:01:00,0.001,0.0,0.0,0.0,0.0,0.0,0.0,0.0,0.0,0,0.001,44.5892,1.0,44.590199999999996
2018-01-02 08:02:00,0.0,0.0,0.0,0.0,0.0,0.0,0.0,0.0,0.0,0,0.0,44.8124,0.0,44.8124
2018-01-02 08:03:00,0.0,0.0,0.0,0.0,0.0,0.0,0.0,0.0,0.0,0,0.0,45.0356,0.0,45.0356
2018-01-02 08:04:00,0.0,0.0,0.0,0.0,0.0,0.0,0.0,0.0,0.0,0,0.0,45.2588,0.0,45.2588
2018-01-02 08:05:00,0.0,0.0,0.0,0.0,0.0,0.0,0.0,0.0,0.0,0,0.0,45.482,0.0,45.482
2018-01-02 08:06:00,0.0,0.0,0.0,0.0,0.0,0.0,0.0,0.0,0.0,0,0.0,45.7052,0.0,45.7052
2018-01-02 08:07:00,0.0,0.0,0.0,0.0,0.0,0.0,0.0,0.0,0.0,0,0.0,45.928399999999996,0.0,45.928399999999996
2018-01-02 08:08:00,0.0,0.0,0.0,0.0,0.0,0.0,0.0,0.0,0.0,0,0.0,46.1516,0.0,46.1516
2018-01-02 08:09:00,0.0,0.0,0.0,0.0,0.0,0.0,0.0,0.0,0.0,0,0.0,46.3748,0.0,46.3748
2018-01-02 08:10:00,0.0,0.0,0.0,0.0,0.0,0.0,0.0,0.0,0.0,0,0.0,46.598,0.0,46.598
2018-01-02 08:11:00,0.0,0.0,0.0,0.0,0.0,0.0,0.0,0.0,0.0,0,0.0,47.2337,0.0,47.2337
2018-01-02 08:12:00,0.0,0.0,0.0,0.0,0.0,0.0,0.0,0.0,0.0,0,0.0,47.8694,0.0,47.8694
2018-01-02 08:13:00,0.0,0.0,0.0,0.0,0.0,0.0,0.0,0.0,0.0,0,0.0,48.5051,0.0,48.5051
2018-01-02 08:14:00,0.0,0.0,0.0,0.0,0.0,0.0,0.0,0.0,0.0,0,0.0,49.1408,0.0,49.1408
2018-01-02 08:15:00,0.0,0.0,0.0,0.0,0.0,0.0,0.0,0.0,0.0,0,0.0,49.7765,0.0,49.7765
2018-01-02 08:16:00,0.0,0.0,0.0,0.0,0.0,0.0,0.0,0.0,0.0,0,0.0,50.4122,0.0,50.4122
2018-01-02 08:17:00,0.0,0.0,0.0,0.0,0.0,0.0,0.0,0.0,0.0,0,0.0,51.0479,0.0,51.0479
2018-01-02 08:18:00,0.0,0.0,0.0,0.0,0.0,0.0,0.0,0.0,0.0,0,0.0,51.6836,0.0,51.6836
2018-01-02 08:19:00,0.0,0.0,0.0,0.0,0.0,0.0,0.0,0.0,0.0,0,0.0,52.3193,0.0,52.3193
2018-01-02 08:20:00,0.0,0.0,0.0,0.0,0.0,0.0,0.0,0.0,0.0,0,0.0,52.955,0.0,52.955
2018-01-02 08:21:00,0.0,0.0,0.0,0.0,0.0,0.0,0.0,0.0,0.0,0,0.0,53.7358,0.0,53.7358
2018-01-02 08:22:00,0.0,0.0,0.0,0.0,0.0,0.0,0.0,0.0,0.0,0,0.0,54.5166,0.0,54.5166
2018-01-02 08:23:00,0.0,0.0,0.0,0.0,0.0,0.0,0.0,0.0,0.0,0,0.0,55.297399999999996,0.0,55.297399999999996
2018-01-02 08:24:00,0.0,0.0,0.0,0.0,0.0,0.0,0.0,0.0,0.0,0,0.0,56.078199999999995,0.0,56.078199999999995
2018-01-02 08:25:00,0.001,0.0,0.0,0.0,0.0,0.0,0.0,0.0,0.0,0,0.001,56.858999999999995,1.0,56.85999999999999
2018-01-02 08:26:00,0.001,0.0,0.0,0.0,0.0,0.0,0.0,0.0,0.0,0,0.001,57.639799999999994,1.0,57.64079999999999
2018-01-02 08:27:00,0.001,0.0,0.0,0.0,0.0,0.0,0.0,0.0,0.0,0,0.001,58.4206,1.0,58.4216
2018-01-02 08:28:00,0.001,0.0,0.0,0.0,0.0,0.0,0.0,0.0,0.0,0,0.001,59.2014,1.0,59.2024
2018-01-02 08:29:00,0.001,0.0,0.0,0.0,0.0,0.0,0.0,0.0,0.0,0,0.001,59.9822,1.0,59.9832
2018-01-02 08:30:00,0.001,0.001,0.0,0.0,0.0,0.0,0.0,0.0,0.0,0,0.002,60.763,2.0,60.765
2018-01-02 08:31:00,0.001,0.001,0.0,0.0,0.0,0.0,0.0,0.0,0.0,0,0.002,60.818799999999996,2.0,60.8208
2018-01-02 08:32:00,0.001,0.001,0.0,0.0,0.0,0.0,0.0,0.0,0.0,0,0.002,60.8746,2.0,60.8766
2018-01-02 08:33:00,0.001,0.001,0.0,0.0,0.0,0.0,0.0,0.0,0.0,0,0.002,60.9304,2.0,60.9324
2018-01-02 08:34:00,0.001,0.001,0.0,0.0,0.0,0.0,0.0,0.0,0.0,0,0.002,60.9862,2.0,60.9882
2018-01-02 08:35:00,0.001,0.001,0.0,0.0,0.0,0.0,0.0,0.0,0.0,0,0.002,61.042,2.0,61.044000000000004
2018-01-02 08:36:00,0.001,0.001,0.0,0.0,0.0,0.0,0.0,0.0,0.0,0,0.002,61.0978,2.0,61.0998
2018-01-02 08:37:00,0.001,0.001,0.0,0.0,0.0,0.0,0.0,0.0,0.0,0,0.002,61.1536,2.0,61.1556
2018-01-02 08:38:00,0.001,0.001,0.0,0.0,0.0,0.0,0.0,0.0,0.0,0,0.002,61.209399999999995,2.0,61.2114
2018-01-02 08:39:00,0.001,0.001,0.0,0.0,0.0,0.0,0.0,0.0,0.0,0,0.002,61.2652,2.0,61.2672
2018-01-02 08:40:00,0.001,0.001,0.0,0.0,0.0,0.0,0.0,0.0,0.0,0,0.002,61.321,2.0,61.323
2018-01-02 08:41:00,0.001,0.001,0.0,0.0,0.0,0.0,0.0,0.0,0.0,0,0.002,61.4244,2.0,61.4264
2018-01-02 08:42:00,0.001,0.001,0.0,0.0,0.0,0.0,0.0,0.0,0.0,0,0.002,61.5278,2.0,61.5298
2018-01-02 08:43:00,0.001,0.001,0.0,0.0,0.0,0.0,0.0,0.0,0.0,0,0.002,61.6312,2.0,61.6332
2018-01-02 08:44:00,0.001,0.001,0.0,0.0,0.0,0.0,0.0,0.0,0.0,0,0.002,61.7346,2.0,61.7366
2018-01-02 08:45:00,0.001,0.001,0.0,0.0,0.0,0.0,0.0,0.0,0.0,0,0.002,61.837999999999994,2.0,61.839999999999996
2018-01-02 08:46:00,0.001,0.001,0.0,0.0,0.0,0.0,0.0,0.0,0.0,0,0.002,61.941399999999994,2.0,61.9434
2018-01-02 08:47:00,0.001,0.001,0.0,0.0,0.0,0.0,0.0,0.0,0.0,0,0.002,62.044799999999995,2.0,62.0468
2018-01-02 08:48:00,0.001,0.001,0.0,0.0,0.0,0.0,0.0,0.0,0.0,0,0.002,62.148199999999996,2.0,62.1502
2018-01-02 08:49:00,0.001,0.001,0.0,0.0,0.0,0.0,0.0,0.0,0.0,0,0.002,62.251599999999996,2.0,62.2536
2018-01-02 08:50:00,0.001,0.001,0.0,0.0,0.0,0.0,0.0,0.0,0.0,0,0.002,62.355,2.0,62.357
2018-01-02 08:51:00,0.001,0.001,0.0,0.0,0.0,0.0,0.0,0.0,0.0,0,0.002,62.3978,2.0,62.3998
2018-01-02 08:52:00,0.001,0.001,0.0,0.0,0.0,0.0,0.0,0.0,0.0,0,0.002,62.440599999999996,2.0,62.4426
2018-01-02 08:53:00,0.001,0.001,0.0,0.0,0.0,0.0,0.0,0.0,0.0,0,0.002,62.483399999999996,2.0,62.4854
2018-01-02 08:54:00,0.001,0.001,0.0,0.0,0.0,0.0,0.0,0.0,0.0,0,0.002,62.526199999999996,2.0,62.5282
2018-01-02 08:55:00,0.001,0.001,0.0,0.0,0.0,0.0,0.0,0.0,0.0,0,0.002,62.569,2.0,62.571000000000005
2018-01-02 08:56:00,0.001,0.001,0.0,0.0,0.0,0.0,0.0,0.0,0.0,0,0.002,62.6118,2.0,62.613800000000005
2018-01-02 08:57:00,0.001,0.001,0.0,0.0,0.0,0.0,0.0,0.0,0.0,0,0.002,62.6546,2.0,62.656600000000005
2018-01-02 08:58:00,0.001,0.001,0.0,0.0,0.0,0.0,0.0,0.0,0.0,0,0.002,62.6974,2.0,62.699400000000004
2018-01-02 08:59:00,0.001,0.001,0.0,0.0,0.0,0.0,0.0,0.0,0.0,0,0.002,62.7402,2.0,62.742200000000004
2018-01-02 09:00:00,0.001,0.001,0.0,0.0,0.0,0.0,0.0,0.0,0.0,0,0.002,62.783,2.0,62.785000000000004
2018-01-02 09:01:00,0.001,0.001,0.0,0.0,0.0,0.0,0.0,0.0,0.0,0,0.002,62.723600000000005,2.0,62.72560000000001
2018-01-02 09:02:00,0.001,0.001,0.0,0.0,0.0,0.0,0.0,0.0,0.0,0,0.002,62.6642,2.0,62.6662
2018-01-02 09:03:00,0.001,0.001,0.0,0.0,0.0,0.0,0.0,0.0,0.0,0,0.002,62.6048,2.0,62.6068
2018-01-02 09:04:00,0.001,0.001,0.0,0.0,0.0,0.0,0.0,0.0,0.0,0,0.002,62.5454,2.0,62.5474
2018-01-02 09:05:00,0.001,0.001,0.0,0.0,0.0,0.0,0.0,0.0,0.0,0,0.002,62.486000000000004,2.0,62.48800000000001
2018-01-02 09:06:00,0.001,0.001,0.0,0.0,0.0,0.0,0.0,0.0,0.0,0,0.002,62.4266,2.0,62.4286
2018-01-02 09:07:00,0.001,0.001,0.0,0.0,0.0,0.0,0.0,0.0,0.0,0,0.002,62.3672,2.0,62.3692
2018-01-02 09:08:00,0.001,0.001,0.0,0.0,0.0,0.0,0.0,0.0,0.0,0,0.002,62.3078,2.0,62.3098
2018-01-02 09:09:00,0.001,0.001,0.0,0.0,0.0,0.0,0.0,0.0,0.0,0,0.002,62.248400000000004,2.0,62.250400000000006
2018-01-02 09:10:00,0.001,0.001,0.0,0.0,0.0,0.0,0.0,0.0,0.0,0,0.002,62.189,2.0,62.191
2018-01-02 09:11:00,0.001,0.001,0.0,0.0,0.0,0.0,0.0,0.0,0.0,0,0.002,62.2839,2.0,62.285900000000005
2018-01-02 09:12:00,0.001,0.001,0.001,0.0,0.0,0.0,0.0,0.0,0.0,0,0.003,62.3788,3.0,62.3818
2018-01-02 09:13:00,0.001,0.001,0.001,0.0,0.0,0.0,0.0,0.0,0.0,0,0.003,62.4737,3.0,62.4767
2018-01-02 09:14:00,0.001,0.001,0.001,0.0,0.0,0.0,0.0,0.0,0.0,0,0.003,62.568599999999996,3.0,62.5716
2018-01-02 09:15:00,0.001,0.001,0.001,0.0,0.0,0.0,0.0,0.0,0.0,0,0.003,62.6635,3.0,62.6665
2018-01-02 09:16:00,0.001,0.001,0.001,0.0,0.0,0.0,0.0,0.0,0.0,0,0.003,62.7584,3.0,62.7614
2018-01-02 09:17:00,0.001,0.001,0.001,0.0,0.0,0.0,0.0,0.0,0.0,0,0.003,62.8533,3.0,62.8563
2018-01-02 09:18:00,0.001,0.001,0.001,0.0,0.0,0.0,0.0,0.0,0.0,0,0.003,62.9482,3.0,62.9512
2018-01-02 09:19:00,0.001,0.001,0.001,0.0,0.0,0.0,0.0,0.0,0.0,0,0.003,63.043099999999995,3.0,63.046099999999996
2018-01-02 09:20:00,0.001,0.001,0.001,0.0,0.0,0.0,0.0,0.0,0.0,0,0.003,63.138,3.0,63.141
2018-01-02 09:21:00,0.001,0.001,0.001,0.001,0.0,0.0,0.0,0.0,0.0,0,0.004,63.174499999999995,4.0,63.17849999999999
2018-01-02 09:22:00,0.001,0.001,0.001,0.001,0.0,0.0,0.0,0.0,0.0,0,0.004,63.211,4.0,63.214999999999996
2018-01-02 09:23:00,0.001,0.001,0.001,0.001,0.0,0.0,0.0,0.0,0.0,0,0.004,63.2475,4.0,63.2515
2018-01-02 09:24:00,0.001,0.001,0.001,0.001,0.0,0.0,0.0,0.0,0.0,0,0.004,63.284,4.0,63.288
2018-01-02 09:25:00,0.001,0.001,0.001,0.001,0.0,0.0,0.0,0.0,0.0,0,0.004,63.320499999999996,4.0,63.32449999999999
2018-01-02 09:26:00,0.0,0.001,0.001,0.001,0.0,0.0,0.0,0.0,0.0,0,0.003,63.357,3.0,63.36
2018-01-02 09:27:00,0.0,0.001,0.001,0.001,0.0,0.0,0.0,0.0,0.0,0,0.003,63.3935,3.0,63.3965
2018-01-02 09:28:00,0.0,0.001,0.001,0.001,0.0,0.0,0.0,0.0,0.0,0,0.003,63.43,3.0,63.433
2018-01-02 09:29:00,0.0,0.001,0.001,0.001,0.0,0.0,0.0,0.0,0.0,0,0.003,63.466499999999996,3.0,63.4695
2018-01-02 09:30:00,0.0,0.001,0.001,0.001,0.0,0.0,0.0,0.0,0.0,0,0.003,63.503,3.0,63.506
2018-01-02 09:31:00,0.0,0.0,0.001,0.001,0.0,0.0,0.0,0.0,0.0,0,0.002,63.5029,2.0,63.5049
2018-01-02 09:32:00,0.0,0.0,0.001,0.001,0.0,0.0,0.0,0.0,0.0,0,0.002,63.5028,2.0,63.5048
2018-01-02 09:33:00,0.0,0.0,0.001,0.001,0.0,0.0,0.0,0.0,0.0,0,0.002,63.502700000000004,2.0,63.50470000000001
2018-01-02 09:34:00,0.0,0.0,0.001,0.001,0.0,0.0,0.0,0.0,0.0,0,0.002,63.5026,2.0,63.5046
2018-01-02 09:35:00,0.0,0.0,0.001,0.001,0.0,0.0,0.0,0.0,0.0,0,0.002,63.5025,2.0,63.5045
2018-01-02 09:36:00,0.0,0.0,0.001,0.001,0.0,0.0,0.0,0.0,0.0,0,0.002,63.5024,2.0,63.504400000000004
2018-01-02 09:37:00,0.0,0.0,0.001,0.001,0.0,0.0,0.0,0.0,0.0,0,0.002,63.502300000000005,2.0,63.50430000000001
2018-01-02 09:38:00,0.0,0.0,0.001,0.001,0.0,0.0,0.0,0.0,0.0,0,0.002,63.5022,2.0,63.504200000000004
2018-01-02 09:39:00,0.0,0.0,0.001,0.001,0.0,0.0,0.0,0.0,0.0,0,0.002,63.5021,2.0,63.5041
2018-01-02 09:40:00,0.0,0.0,0.001,0.001,0.0,0.0,0.0,0.0,0.0,0,0.002,63.502,2.0,63.504000000000005
2018-01-02 09:41:00,0.0,0.0,0.001,0.001,0.0,0.0,0.0,0.0,0.0,0,0.002,63.582,2.0,63.584
2018-01-02 09:42:00,0.0,0.0,0.001,0.001,0.0,0.0,0.0,0.0,0.0,0,0.002,63.662000000000006,2.0,63.66400000000001
2018-01-02 09:43:00,0.0,0.0,0.001,0.001,0.0,0.0,0.0,0.0,0.0,0,0.002,63.742000000000004,2.0,63.74400000000001
2018-01-02 09:44:00,0.0,0.0,0.001,0.001,0.0,0.0,0.0,0.0,0.0,0,0.002,63.822,2.0,63.824000000000005
2018-01-02 09:45:00,0.0,0.0,0.001,0.001,0.0,0.0,0.0,0.0,0.0,0,0.002,63.902,2.0,63.904
2018-01-02 09:46:00,0.0,0.0,0.001,0.001,0.0,0.0,0.0,0.0,0.0,0,0.002,63.982000000000006,2.0,63.98400000000001
2018-01-02 09:47:00,0.0,0.0,0.001,0.001,0.0,0.0,0.0,0.0,0.0,0,0.002,64.06200000000001,2.0,64.06400000000001
2018-01-02 09:48:00,0.0,0.0,0.001,0.001,0.0,0.0,0.0,0.0,0.0,0,0.002,64.14200000000001,2.0,64.144
2018-01-02 09:49:00,0.0,0.0,0.001,0.001,0.0,0.0,0.0,0.0,0.0,0,0.002,64.22200000000001,2.0,64.224
2018-01-02 09:50:00,0.0,0.0,0.001,0.001,0.0,0.0,0.0,0.0,0.0,0,0.002,64.302,2.0,64.304
2018-01-02 09:51:00,0.0,0.0,0.001,0.001,0.0,0.0,0.0,0.0,0.0,0,0.002,64.20700000000001,2.0,64.209
2018-01-02 09:52:00,0.0,0.0,0.001,0.001,0.0,0.0,0.0,0.0,0.0,0,0.002,64.11200000000001,2.0,64.114
2018-01-02 09:53:00,0.0,0.0,0.001,0.001,0.0,0.0,0.0,0.0,0.0,0,0.002,64.01700000000001,2.0,64.019
2018-01-02 09:54:00,0.0,0.0,0.001,0.001,0.0,0.0,0.0,0.0,0.0,0,0.002,63.922000000000004,2.0,63.92400000000001
2018-01-02 09:55:00,0.0,0.0,0.001,0.001,0.0,0.0,0.0,0.0,0.0,0,0.002,63.827,2.0,63.829
2018-01-02 09:56:00,0.0,0.0,0.001,0.001,0.0,0.0,0.0,0.0,0.0,0,0.002,63.732,2.0,63.734
2018-01-02 09:57:00,0.0,0.0,0.001,0.001,0.0,0.0,0.0,0.0,0.0,0,0.002,63.637,2.0,63.639
2018-01-02 09:58:00,0.0,0.0,0.001,0.001,0.0,0.0,0.0,0.0,0.0,0,0.002,63.542,2.0,63.544000000000004
2018-01-02 09:59:00,0.0,0.0,0.001,0.001,0.0,0.0,0.0,0.0,0.0,0,0.002,63.446999999999996,2.0,63.449
2018-01-02 10:00:00,0.0,0.0,0.001,0.001,0.0,0.0,0.0,0.0,0.0,0,0.002,63.352,2.0,63.354
2018-01-02 10:01:00,0.0,0.0,0.001,0.001,0.0,0.0,0.0,0.0,0.0,0,0.002,63.5667,2.0,63.5687
2018-01-02 10:02:00,0.0,0.0,0.001,0.001,0.0,0.0,0.0,0.0,0.0,0,0.002,63.7814,2.0,63.7834
2018-01-02 10:03:00,0.0,0.0,0.001,0.001,0.0,0.0,0.0,0.0,0.0,0,0.002,63.9961,2.0,63.9981
2018-01-02 10:04:00,0.0,0.0,0.001,0.001,0.0,0.0,0.0,0.0,0.0,0,0.002,64.21079999999999,2.0,64.21279999999999
2018-01-02 10:05:00,0.0,0.0,0.001,0.001,0.0,0.0,0.0,0.0,0.0,0,0.002,64.4255,2.0,64.4275
2018-01-02 10:06:00,0.0,0.0,0.001,0.001,0.0,0.0,0.0,0.0,0.0,0,0.002,64.6402,2.0,64.64219999999999
2018-01-02 10:07:00,0.0,0.0,0.001,0.001,0.0,0.0,0.0,0.0,0.0,0,0.002,64.8549,2.0,64.8569
2018-01-02 10:08:00,0.0,0.0,0.001,0.001,0.0,0.0,0.0,0.0,0.0,0,0.002,65.0696,2.0,65.07159999999999
2018-01-02 10:09:00,0.0,0.0,0.001,0.001,0.0,0.0,0.0,0.0,0.0,0,0.002,65.2843,2.0,65.2863
2018-01-02 10:10:00,0.0,0.0,0.001,0.001,0.0,0.0,0.0,0.0,0.0,0,0.002,65.499,2.0,65.50099999999999
2018-01-02 10:11:00,0.0,0.0,0.001,0.001,0.0,0.0,0.0,0.0,0.0,0,0.002,66.0355,2.0,66.0375
2018-01-02 10:12:00,0.0,0.0,0.001,0.001,0.0,0.0,0.0,0.0,0.0,0,0.002,66.572,2.0,66.574
2018-01-02 10:13:00,0.0,0.0,0.0,0.001,0.0,0.0,0.0,0.0,0.0,0,0.001,67.10849999999999,1.0,67.1095
2018-01-02 10:14:00,0.0,0.0,0.0,0.001,0.0,0.0,0.0,0.0,0.0,0,0.001,67.645,1.0,67.646
2018-01-02 10:15:00,0.0,0.0,0.0,0.001,0.0,0.0,0.0,0.0,0.0,0,0.001,68.1815,1.0,68.1825
2018-01-02 10:16:00,0.0,0.0,0.0,0.001,0.0,0.0,0.0,0.0,0.0,0,0.001,68.718,1.0,68.71900000000001
2018-01-02 10:17:00,0.0,0.0,0.0,0.001,0.0,0.0,0.0,0.0,0.0,0,0.001,69.25450000000001,1.0,69.25550000000001
2018-01-02 10:18:00,0.0,0.0,0.0,0.001,0.0,0.0,0.0,0.0,0.0,0,0.001,69.791,1.0,69.792
2018-01-02 10:19:00,0.0,0.0,0.0,0.001,0.0,0.0,0.0,0.0,0.0,0,0.001,70.3275,1.0,70.3285
2018-01-02 10:20:00,0.001,0.0,0.0,0.001,0.0,0.0,0.0,0.0,0.0,0,0.002,70.864,2.0,70.866
2018-01-02 10:21:00,0.001,0.001,0.0,0.001,0.0,0.0,0.0,0.0,0.0,0,0.003,71.40180000000001,3.0,71.40480000000001
2018-01-02 10:22:00,0.001,0.001,0.0,0.0,0.0,0.0,0.0,0.0,0.0,0,0.002,71.9396,2.0,71.9416
2018-01-02 10:23:00,0.001,0.001,0.001,0.0,0.0,0.0,0.0,0.0,0.0,0,0.003,72.4774,3.0,72.4804
2018-01-02 10:24:00,0.001,0.001,0.001,0.0,0.0,0.0,0.0,0.0,0.0,0,0.003,73.01520000000001,3.0,73.01820000000001
2018-01-02 10:25:00,0.001,0.001,0.001,0.001,0.0,0.0,0.0,0.0,0.0,0,0.004,73.553,4.0,73.557
2018-01-02 10:26:00,0.001,0.001,0.001,0.001,0.0,0.0,0.0,0.0,0.0,0,0.004,74.0908,4.0,74.0948
2018-01-02 10:27:00,0.001,0.001,0.001,0.001,0.0,0.0,0.0,0.0,0.0,0,0.004,74.6286,4.0,74.63260000000001
2018-01-02 10:28:00,0.001,0.001,0.001,0.001,0.0,0.0,0.0,0.0,0.0,0,0.004,75.16640000000001,4.0,75.17040000000001
2018-01-02 10:29:00,0.001,0.001,0.001,0.001,0.0,0.0,0.0,0.0,0.0,0,0.004,75.7042,4.0,75.7082
2018-01-02 10:30:00,0.001,0.001,0.001,0.001,0.0,0.0,0.0,0.0,0.0,0,0.004,76.242,4.0,76.24600000000001
2018-01-02 10:31:00,0.001,0.001,0.001,0.001,0.0,0.0,0.0,0.0,0.0,0,0.004,75.9985,4.0,76.00250000000001
2018-01-02 10:32:00,0.001,0.001,0.001,0.001,0.0,0.0,0.0,0.0,0.0,0,0.004,75.75500000000001,4.0,75.75900000000001
2018-01-02 10:33:00,0.001,0.001,0.001,0.001,0.0,0.0,0.0,0.0,0.0,0,0.004,75.5115,4.0,75.5155
2018-01-02 10:34:00,0.001,0.001,0.001,0.001,0.0,0.0,0.0,0.0,0.0,0,0.004,75.268,4.0,75.272
2018-01-02 10:35:00,0.001,0.001,0.001,0.001,0.0,0.0,0.0,0.0,0.0,0,0.004,75.0245,4.0,75.02850000000001
2018-01-02 10:36:00,0.001,0.001,0.001,0.001,0.0,0.0,0.0,0.0,0.0,0,0.004,74.781,4.0,74.78500000000001
2018-01-02 10:37:00,0.001,0.001,0.001,0.001,0.0,0.0,0.0,0.0,0.0,0,0.004,74.53750000000001,4.0,74.54150000000001
2018-01-02 10:38:00,0.001,0.001,0.001,0.001,0.0,0.0,0.0,0.0,0.0,0,0.004,74.294,4.0,74.298
2018-01-02 10:39:00,0.001,0.001,0.001,0.001,0.0,0.0,0.0,0.0,0.0,0,0.004,74.0505,4.0,74.0545
2018-01-02 10:40:00,0.001,0.001,0.001,0.001,0.0,0.0,0.0,0.0,0.0,0,0.004,73.807,4.0,73.811
2018-01-02 10:41:00,0.001,0.001,0.001,0.001,0.0,0.0,0.0,0.0,0.0,0,0.004,73.3605,4.0,73.3645
2018-01-02 10:42:00,0.001,0.001,0.001,0.001,0.0,0.0,0.0,0.0,0.0,0,0.004,72.914,4.0,72.918
2018-01-02 10:43:00,0.001,0.001,0.001,0.001,0.0,0.0,0.0,0.0,0.0,0,0.004,72.4675,4.0,72.4715
2018-01-02 10:44:00,0.001,0.001,0.001,0.001,0.0,0.0,0.0,0.0,0.0,0,0.004,72.021,4.0,72.025
2018-01-02 10:45:00,0.001,0.001,0.001,0.001,0.0,0.0,0.0,0.0,0.0,0,0.004,71.5745,4.0,71.5785
2018-01-02 10:46:00,0.001,0.001,0.001,0.001,0.0,0.0,0.0,0.0,0.0,0,0.004,71.128,4.0,71.132
2018-01-02 10:47:00,0.001,0.001,0.001,0.001,0.0,0.0,0.0,0.0,0.0,0,0.004,70.6815,4.0,70.6855
2018-01-02 10:48:00,0.001,0.001,0.001,0.001,0.0,0.0,0.0,0.0,0.0,0,0.004,70.235,4.0,70.239
2018-01-02 10:49:00,0.001,0.001,0.001,0.001,0.0,0.0,0.0,0.0,0.0,0,0.004,69.7885,4.0,69.7925
2018-01-02 10:50:00,0.001,0.001,0.001,0.001,0.0,0.0,0.0,0.0,0.0,0,0.004,69.342,4.0,69.346
2018-01-02 10:51:00,0.001,0.001,0.001,0.001,0.0,0.0,0.0,0.0,0.0,0,0.004,69.0371,4.0,69.0411
2018-01-02 10:52:00,0.001,0.001,0.001,0.001,0.0,0.0,0.0,0.0,0.0,0,0.004,68.7322,4.0,68.73620000000001
2018-01-02 10:53:00,0.001,0.001,0.001,0.001,0.0,0.0,0.0,0.0,0.0,0,0.004,68.4273,4.0,68.43130000000001
2018-01-02 10:54:00,0.001,0.001,0.001,0.001,0.0,0.0,0.0,0.0,0.0,0,0.004,68.1224,4.0,68.1264
2018-01-02 10:55:00,0.001,0.001,0.001,0.001,0.0,0.0,0.0,0.0,0.0,0,0.004,67.8175,4.0,67.8215
2018-01-02 10:56:00,0.001,0.001,0.001,0.001,0.0,0.0,0.0,0.0,0.0,0,0.004,67.5126,4.0,67.51660000000001
2018-01-02 10:57:00,0.001,0.001,0.001,0.001,0.0,0.0,0.0,0.0,0.0,0,0.004,67.2077,4.0,67.21170000000001
2018-01-02 10:58:00,0.001,0.001,0.001,0.001,0.0,0.0,0.0,0.0,0.0,0,0.004,66.9028,4.0,66.9068
2018-01-02 10:59:00,0.001,0.001,0.001,0.001,0.0,0.0,0.0,0.0,0.0,0,0.004,66.59790000000001,4.0,66.60190000000001
2018-01-02 11:00:00,0.001,0.001,0.001,0.001,0.0,0.0,0.0,0.0,0.0,0,0.004,66.293,4.0,66.29700000000001
2018-01-02 11:01:00,0.001,0.001,0.001,0.001,0.0,0.0,0.0,0.0,0.0,0,0.004,65.93310000000001,4.0,65.93710000000002
2018-01-02 11:02:00,0.001,0.001,0.001,0.001,0.0,0.0,0.0,0.0,0.0,0,0.004,65.5732,4.0,65.5772
2018-01-02 11:03:00,0.001,0.001,0.001,0.001,0.0,0.0,0.0,0.0,0.0,0,0.004,65.2133,4.0,65.21730000000001
2018-01-02 11:04:00,0.001,0.001,0.001,0.001,0.0,0.0,0.0,0.0,0.0,0,0.004,64.85340000000001,4.0,64.85740000000001
2018-01-02 11:05:00,0.001,0.001,0.001,0.001,0.0,0.0,0.0,0.0,0.0,0,0.004,64.49350000000001,4.0,64.49750000000002
2018-01-02 11:06:00,0.001,0.001,0.001,0.001,0.0,0.0,0.0,0.0,0.0,0,0.004,64.1336,4.0,64.1376
2018-01-02 11:07:00,0.001,0.001,0.001,0.001,0.0,0.0,0.0,0.0,0.0,0,0.004,63.773700000000005,4.0,63.7777
2018-01-02 11:08:00,0.001,0.001,0.001,0.001,0.0,0.0,0.0,0.0,0.0,0,0.004,63.4138,4.0,63.4178
2018-01-02 11:09:00,0.001,0.001,0.001,0.001,0.0,0.0,0.0,0.0,0.0,0,0.004,63.053900000000006,4.0,63.057900000000004
2018-01-02 11:10:00,0.001,0.001,0.001,0.001,0.0,0.0,0.0,0.0,0.0,0,0.004,62.694,4.0,62.698
2018-01-02 11:11:00,0.001,0.001,0.001,0.001,0.0,0.0,0.0,0.0,0.0,0,0.004,63.452600000000004,4.0,63.4566
2018-01-02 11:12:00,0.001,0.001,0.001,0.001,0.0,0.0,0.0,0.0,0.0,0,0.004,64.2112,4.0,64.21520000000001
2018-01-02 11:13:00,0.001,0.001,0.001,0.001,0.0,0.0,0.0,0.0,0.0,0,0.004,64.9698,4.0,64.97380000000001
2018-01-02 11:14:00,0.001,0.001,0.001,0.001,0.001,0.0,0.0,0.0,0.0,0,0.005,65.72840000000001,5.0,65.7334
2018-01-02 11:15:00,0.001,0.001,0.001,0.001,0.001,0.0,0.0,0.0,0.0,0,0.005,66.487,5.0,66.49199999999999
2018-01-02 11:16:00,0.001,0.001,0.001,0.001,0.001,0.001,0.0,0.0,0.0,0,0.006,67.2456,6.0,67.2516
2018-01-02 11:17:00,0.001,0.001,0.001,0.001,0.001,0.001,0.0,0.0,0.0,0,0.006,68.0042,6.0,68.0102
2018-01-02 11:18:00,0.001,0.001,0.001,0.001,0.001,0.001,0.0,0.0,0.0,0,0.006,68.7628,6.0,68.7688
2018-01-02 11:19:00,0.001,0.001,0.001,0.001,0.001,0.001,0.0,0.0,0.0,0,0.006,69.5214,6.0,69.5274
2018-01-02 11:20:00,0.001,0.001,0.001,0.001,0.001,0.001,0.0,0.0,0.0,0,0.006,70.28,6.0,70.286
2018-01-02 11:21:00,0.0,0.001,0.001,0.001,0.001,0.001,0.0,0.0,0.0,0,0.005,70.05930000000001,5.0,70.0643
2018-01-02 11:22:00,0.0,0.0,0.001,0.001,0.001,0.001,0.0,0.0,0.0,0,0.004,69.8386,4.0,69.8426
2018-01-02 11:23:00,0.0,0.0,0.001,0.001,0.001,0.001,0.0,0.0,0.0,0,0.004,69.61789999999999,4.0,69.6219
2018-01-02 11:24:00,0.0,0.0,0.0,0.001,0.001,0.001,0.0,0.0,0.0,0,0.003,69.3972,3.0,69.4002
2018-01-02 11:25:00,0.0,0.0,0.0,0.001,0.001,0.001,0.0,0.0,0.0,0,0.003,69.1765,3.0,69.1795
2018-01-02 11:26:00,0.0,0.0,0.0,0.0,0.001,0.001,0.0,0.0,0.0,0,0.002,68.9558,2.0,68.95779999999999
2018-01-02 11:27:00,0.0,0.0,0.0,0.0,0.001,0.001,0.0,0.0,0.0,0,0.002,68.73509999999999,2.0,68.73709999999998
2018-01-02 11:28:00,0.0,0.0,0.0,0.0,0.001,0.001,0.0,0.0,0.0,0,0.002,68.5144,2.0,68.51639999999999
2018-01-02 11:29:00,0.0,0.0,0.0,0.0,0.001,0.001,0.0,0.0,0.0,0,0.002,68.2937,2.0,68.2957
2018-01-02 11:30:00,0.0,0.0,0.0,0.0,0.001,0.001,0.0,0.0,0.0,0,0.002,68.073,2.0,68.07499999999999
2018-01-02 11:31:00,0.0,0.0,0.0,0.0,0.001,0.001,0.0,0.0,0.0,0,0.002,67.8985,2.0,67.9005
2018-01-02 11:32:00,0.0,0.0,0.0,0.0,0.001,0.001,0.0,0.0,0.0,0,0.002,67.72399999999999,2.0,67.72599999999998
2018-01-02 11:33:00,0.0,0.0,0.0,0.0,0.001,0.001,0.0,0.0,0.0,0,0.002,67.5495,2.0,67.55149999999999
2018-01-02 11:34:00,0.0,0.0,0.0,0.0,0.001,0.001,0.0,0.0,0.0,0,0.002,67.375,2.0,67.377
2018-01-02 11:35:00,0.0,0.0,0.0,0.0,0.001,0.001,0.0,0.0,0.0,0,0.002,67.2005,2.0,67.2025
2018-01-02 11:36:00,0.0,0.0,0.0,0.0,0.001,0.001,0.0,0.0,0.0,0,0.002,67.026,2.0,67.02799999999999
2018-01-02 11:37:00,0.0,0.0,0.0,0.0,0.001,0.001,0.0,0.0,0.0,0,0.002,66.8515,2.0,66.8535
2018-01-02 11:38:00,0.0,0.0,0.0,0.0,0.001,0.001,0.0,0.0,0.0,0,0.002,66.677,2.0,66.679
2018-01-02 11:39:00,0.0,0.0,0.0,0.0,0.001,0.001,0.0,0.0,0.0,0,0.002,66.5025,2.0,66.5045
2018-01-02 11:40:00,0.0,0.0,0.0,0.0,0.001,0.001,0.0,0.0,0.0,0,0.002,66.328,2.0,66.33
2018-01-02 11:41:00,0.0,0.0,0.0,0.0,0.001,0.001,0.0,0.0,0.0,0,0.002,66.6907,2.0,66.6927
2018-01-02 11:42:00,0.0,0.0,0.0,0.0,0.001,0.001,0.0,0.0,0.0,0,0.002,67.0534,2.0,67.05539999999999
2018-01-02 11:43:00,0.0,0.0,0.0,0.0,0.001,0.001,0.0,0.0,0.0,0,0.002,67.4161,2.0,67.4181
2018-01-02 11:44:00,0.0,0.0,0.0,0.0,0.001,0.001,0.0,0.0,0.0,0,0.002,67.7788,2.0,67.7808
2018-01-02 11:45:00,0.0,0.0,0.0,0.0,0.001,0.001,0.0,0.0,0.0,0,0.002,68.14150000000001,2.0,68.1435
2018-01-02 11:46:00,0.0,0.0,0.0,0.0,0.001,0.001,0.0,0.0,0.0,0,0.002,68.5042,2.0,68.50619999999999
2018-01-02 11:47:00,0.0,0.0,0.0,0.0,0.001,0.001,0.0,0.0,0.0,0,0.002,68.8669,2.0,68.8689
2018-01-02 11:48:00,0.0,0.0,0.0,0.0,0.001,0.001,0.0,0.0,0.0,0,0.002,69.2296,2.0,69.2316
2018-01-02 11:49:00,0.0,0.0,0.0,0.0,0.001,0.001,0.0,0.0,0.0,0,0.002,69.5923,2.0,69.59429999999999
2018-01-02 11:50:00,0.0,0.0,0.0,0.0,0.001,0.001,0.0,0.0,0.0,0,0.002,69.955,2.0,69.957
2018-01-02 11:51:00,0.0,0.0,0.0,0.0,0.001,0.001,0.0,0.0,0.0,0,0.002,69.8488,2.0,69.85079999999999
2018-01-02 11:52:00,0.0,0.0,0.0,0.0,0.001,0.001,0.0,0.0,0.0,0,0.002,69.7426,2.0,69.74459999999999
2018-01-02 11:53:00,0.0,0.0,0.0,0.0,0.001,0.001,0.0,0.0,0.0,0,0.002,69.6364,2.0,69.63839999999999
2018-01-02 11:54:00,0.001,0.0,0.0,0.0,0.001,0.001,0.0,0.0,0.0,0,0.003,69.5302,3.0,69.5332
2018-01-02 11:55:00,0.001,0.0,0.0,0.0,0.001,0.001,0.0,0.0,0.0,0,0.003,69.424,3.0,69.427
2018-01-02 11:56:00,0.001,0.0,0.0,0.0,0.001,0.001,0.0,0.0,0.0,0,0.003,69.3178,3.0,69.3208
2018-01-02 11:57:00,0.001,0.0,0.0,0.0,0.001,0.001,0.0,0.0,0.0,0,0.003,69.2116,3.0,69.2146
2018-01-02 11:58:00,0.001,0.0,0.0,0.0,0.001,0.001,0.0,0.0,0.0,0,0.003,69.1054,3.0,69.1084
2018-01-02 11:59:00,0.001,0.0,0.0,0.0,0.001,0.001,0.0,0.0,0.0,0,0.003,68.9992,3.0,69.0022
2018-01-02 12:00:00,0.001,0.0,0.0,0.0,0.001,0.001,0.0,0.0,0.0,0,0.003,68.893,3.0,68.896
2018-01-02 12:01:00,0.001,0.0,0.0,0.0,0.001,0.001,0.0,0.0,0.0,0,0.003,68.7516,3.0,68.7546
2018-01-02 12:02:00,0.001,0.0,0.0,0.0,0.001,0.001,0.0,0.0,0.0,0,0.003,68.6102,3.0,68.6132
2018-01-02 12:03:00,0.001,0.0,0.0,0.0,0.001,0.001,0.0,0.0,0.0,0,0.003,68.4688,3.0,68.4718
2018-01-02 12:04:00,0.001,0.0,0.0,0.0,0.001,0.001,0.0,0.0,0.0,0,0.003,68.3274,3.0,68.3304
2018-01-02 12:05:00,0.001,0.0,0.0,0.0,0.001,0.001,0.0,0.0,0.0,0,0.003,68.186,3.0,68.18900000000001
2018-01-02 12:06:00,0.001,0.0,0.0,0.0,0.001,0.001,0.0,0.0,0.0,0,0.003,68.0446,3.0,68.0476
2018-01-02 12:07:00,0.001,0.0,0.0,0.0,0.001,0.001,0.0,0.0,0.0,0,0.003,67.9032,3.0,67.9062
2018-01-02 12:08:00,0.001,0.0,0.0,0.0,0.001,0.001,0.0,0.0,0.0,0,0.003,67.7618,3.0,67.7648
2018-01-02 12:09:00,0.001,0.0,0.0,0.0,0.001,0.001,0.0,0.0,0.0,0,0.003,67.6204,3.0,67.6234
2018-01-02 12:10:00,0.001,0.0,0.0,0.0,0.001,0.001,0.0,0.0,0.0,0,0.003,67.479,3.0,67.482
2018-01-02 12:11:00,0.001,0.0,0.0,0.0,0.001,0.001,0.0,0.0,0.0,0,0.003,67.6437,3.0,67.6467
2018-01-02 12:12:00,0.001,0.0,0.0,0.0,0.001,0.001,0.0,0.0,0.0,0,0.003,67.8084,3.0,67.8114
2018-01-02 12:13:00,0.001,0.0,0.0,0.0,0.001,0.001,0.0,0.0,0.0,0,0.003,67.9731,3.0,67.9761
2018-01-02 12:14:00,0.001,0.0,0.0,0.0,0.001,0.001,0.0,0.0,0.0,0,0.003,68.1378,3.0,68.1408
2018-01-02 12:15:00,0.001,0.0,0.0,0.0,0.0,0.001,0.0,0.0,0.0,0,0.002,68.30250000000001,2.0,68.3045
2018-01-02 12:16:00,0.001,0.0,0.0,0.0,0.0,0.001,0.0,0.0,0.0,0,0.002,68.4672,2.0,68.4692
2018-01-02 12:17:00,0.001,0.0,0.0,0.0,0.0,0.0,0.0,0.0,0.0,0,0.001,68.6319,1.0,68.6329
2018-01-02 12:18:00,0.001,0.0,0.0,0.0,0.0,0.0,0.0,0.0,0.0,0,0.001,68.7966,1.0,68.7976
2018-01-02 12:19:00,0.001,0.0,0.0,0.0,0.0,0.0,0.0,0.0,0.0,0,0.001,68.96130000000001,1.0,68.96230000000001
2018-01-02 12:20:00,0.001,0.001,0.0,0.0,0.0,0.0,0.0,0.0,0.0,0,0.002,69.126,2.0,69.128
2018-01-02 12:21:00,0.001,0.001,0.0,0.0,0.0,0.0,0.0,0.0,0.0,0,0.002,69.0143,2.0,69.0163
2018-01-02 12:22:00,0.001,0.001,0.0,0.0,0.0,0.0,0.0,0.0,0.0,0,0.002,68.9026,2.0,68.9046
2018-01-02 12:23:00,0.001,0.001,0.0,0.0,0.0,0.0,0.0,0.0,0.0,0,0.002,68.79090000000001,2.0,68.7929
2018-01-02 12:24:00,0.001,0.001,0.0,0.0,0.0,0.0,0.0,0.0,0.0,0,0.002,68.67920000000001,2.0,68.6812
2018-01-02 12:25:00,0.001,0.001,0.0,0.0,0.0,0.0,0.0,0.0,0.0,0,0.002,68.5675,2.0,68.56949999999999
2018-01-02 12:26:00,0.001,0.001,0.0,0.0,0.0,0.0,0.0,0.0,0.0,0,0.002,68.4558,2.0,68.45779999999999
2018-01-02 12:27:00,0.001,0.001,0.0,0.0,0.0,0.0,0.0,0.0,0.0,0,0.002,68.3441,2.0,68.34609999999999
2018-01-02 12:28:00,0.001,0.001,0.0,0.0,0.0,0.0,0.0,0.0,0.0,0,0.002,68.2324,2.0,68.2344
2018-01-02 12:29:00,0.001,0.001,0.0,0.0,0.0,0.0,0.0,0.0,0.0,0,0.002,68.1207,2.0,68.1227
2018-01-02 12:30:00,0.001,0.001,0.0,0.0,0.0,0.0,0.0,0.0,0.0,0,0.002,68.009,2.0,68.011
2018-01-02 12:31:00,0.001,0.001,0.0,0.0,0.0,0.0,0.0,0.0,0.0,0,0.002,68.0409,2.0,68.04289999999999
2018-01-02 12:32:00,0.001,0.001,0.0,0.0,0.0,0.0,0.0,0.0,0.0,0,0.002,68.0728,2.0,68.0748
2018-01-02 12:33:00,0.001,0.001,0.0,0.0,0.0,0.0,0.0,0.0,0.0,0,0.002,68.10470000000001,2.0,68.1067
2018-01-02 12:34:00,0.001,0.001,0.0,0.0,0.0,0.0,0.0,0.0,0.0,0,0.002,68.1366,2.0,68.1386
2018-01-02 12:35:00,0.001,0.001,0.0,0.0,0.0,0.0,0.0,0.0,0.0,0,0.002,68.1685,2.0,68.17049999999999
2018-01-02 12:36:00,0.001,0.001,0.0,0.0,0.0,0.0,0.0,0.0,0.0,0,0.002,68.2004,2.0,68.2024
2018-01-02 12:37:00,0.001,0.001,0.0,0.0,0.0,0.0,0.0,0.0,0.0,0,0.002,68.23230000000001,2.0,68.2343
2018-01-02 12:38:00,0.001,0.001,0.0,0.0,0.0,0.0,0.0,0.0,0.0,0,0.002,68.2642,2.0,68.2662
2018-01-02 12:39:00,0.001,0.001,0.0,0.0,0.0,0.0,0.0,0.0,0.0,0,0.002,68.2961,2.0,68.29809999999999
2018-01-02 12:40:00,0.001,0.001,0.0,0.0,0.0,0.0,0.0,0.0,0.0,0,0.002,68.328,2.0,68.33
2018-01-02 12:41:00,0.001,0.001,0.0,0.0,0.0,0.0,0.0,0.0,0.0,0,0.002,68.39920000000001,2.0,68.4012
2018-01-02 12:42:00,0.001,0.001,0.0,0.0,0.0,0.0,0.0,0.0,0.0,0,0.002,68.4704,2.0,68.4724
2018-01-02 12:43:00,0.001,0.001,0.0,0.0,0.0,0.0,0.0,0.0,0.0,0,0.002,68.5416,2.0,68.5436
2018-01-02 12:44:00,0.001,0.001,0.0,0.0,0.0,0.0,0.0,0.0,0.0,0,0.002,68.61280000000001,2.0,68.6148
2018-01-02 12:45:00,0.001,0.001,0.0,0.0,0.0,0.0,0.0,0.0,0.0,0,0.002,68.684,2.0,68.68599999999999
2018-01-02 12:46:00,0.001,0.001,0.0,0.0,0.0,0.0,0.0,0.0,0.0,0,0.002,68.7552,2.0,68.7572
2018-01-02 12:47:00,0.001,0.001,0.0,0.0,0.0,0.0,0.0,0.0,0.0,0,0.002,68.8264,2.0,68.8284
2018-01-02 12:48:00,0.001,0.001,0.0,0.0,0.0,0.0,0.0,0.0,0.0,0,0.002,68.89760000000001,2.0,68.8996
2018-01-02 12:49:00,0.001,0.001,0.0,0.0,0.0,0.0,0.0,0.0,0.0,0,0.002,68.9688,2.0,68.9708
2018-01-02 12:50:00,0.001,0.001,0.0,0.0,0.0,0.0,0.0,0.0,0.0,0,0.002,69.04,2.0,69.042
2018-01-02 12:51:00,0.001,0.001,0.0,0.0,0.0,0.0,0.0,0.0,0.0,0,0.002,68.9936,2.0,68.9956
2018-01-02 12:52:00,0.001,0.001,0.0,0.0,0.0,0.0,0.0,0.0,0.0,0,0.002,68.94720000000001,2.0,68.9492
2018-01-02 12:53:00,0.001,0.001,0.0,0.0,0.0,0.0,0.0,0.0,0.0,0,0.002,68.9008,2.0,68.9028
2018-01-02 12:54:00,0.001,0.001,0.0,0.0,0.0,0.0,0.0,0.0,0.0,0,0.002,68.8544,2.0,68.8564
2018-01-02 12:55:00,0.0,0.001,0.0,0.0,0.0,0.0,0.0,0.0,0.0,0,0.001,68.80799999999999,1.0,68.809
2018-01-02 12:56:00,0.0,0.001,0.0,0.0,0.0,0.0,0.0,0.0,0.0,0,0.001,68.7616,1.0,68.7626
2018-01-02 12:57:00,0.0,0.001,0.0,0.0,0.0,0.0,0.0,0.0,0.0,0,0.001,68.7152,1.0,68.7162
2018-01-02 12:58:00,0.0,0.001,0.0,0.0,0.0,0.0,0.0,0.0,0.0,0,0.001,68.66879999999999,1.0,68.6698
2018-01-02 12:59:00,0.0,0.001,0.0,0.0,0.0,0.0,0.0,0.0,0.0,0,0.001,68.6224,1.0,68.6234
2018-01-02 13:00:00,0.0,0.001,0.0,0.0,0.0,0.0,0.0,0.0,0.0,0,0.001,68.576,1.0,68.577
2018-01-02 13:01:00,0.0,0.001,0.0,0.0,0.0,0.0,0.0,0.0,0.0,0,0.001,68.7152,1.0,68.7162
2018-01-02 13:02:00,0.001,0.001,0.0,0.0,0.0,0.0,0.0,0.0,0.0,0,0.002,68.8544,2.0,68.8564
2018-01-02 13:03:00,0.001,0.001,0.0,0.0,0.0,0.0,0.0,0.0,0.0,0,0.002,68.9936,2.0,68.9956
2018-01-02 13:04:00,0.001,0.001,0.0,0.0,0.0,0.0,0.0,0.0,0.0,0,0.002,69.1328,2.0,69.1348
2018-01-02 13:05:00,0.001,0.001,0.001,0.0,0.0,0.0,0.0,0.0,0.0,0,0.003,69.27199999999999,3.0,69.27499999999999
2018-01-02 13:06:00,0.001,0.001,0.001,0.0,0.0,0.0,0.0,0.0,0.0,0,0.003,69.4112,3.0,69.4142
2018-01-02 13:07:00,0.001,0.001,0.001,0.0,0.0,0.0,0.0,0.0,0.0,0,0.003,69.5504,3.0,69.5534
2018-01-02 13:08:00,0.001,0.001,0.001,0.0,0.0,0.0,0.0,0.0,0.0,0,0.003,69.6896,3.0,69.6926
2018-01-02 13:09:00,0.001,0.001,0.001,0.0,0.0,0.0,0.0,0.0,0.0,0,0.003,69.8288,3.0,69.8318
2018-01-02 13:10:00,0.001,0.001,0.001,0.0,0.0,0.0,0.0,0.0,0.0,0,0.003,69.968,3.0,69.971
2018-01-02 13:11:00,0.001,0.001,0.001,0.0,0.0,0.0,0.0,0.0,0.0,0,0.003,70.2245,3.0,70.2275
2018-01-02 13:12:00,0.001,0.001,0.001,0.0,0.0,0.0,0.0,0.0,0.0,0,0.003,70.48100000000001,3.0,70.48400000000001
2018-01-02 13:13:00,0.001,0.001,0.001,0.0,0.0,0.0,0.0,0.0,0.0,0,0.003,70.7375,3.0,70.7405
2018-01-02 13:14:00,0.001,0.001,0.001,0.0,0.0,0.0,0.0,0.0,0.0,0,0.003,70.994,3.0,70.997
2018-01-02 13:15:00,0.001,0.001,0.001,0.001,0.0,0.0,0.0,0.0,0.0,0,0.004,71.2505,4.0,71.25450000000001
2018-01-02 13:16:00,0.001,0.001,0.001,0.001,0.0,0.0,0.0,0.0,0.0,0,0.004,71.507,4.0,71.51100000000001
2018-01-02 13:17:00,0.001,0.001,0.001,0.001,0.0,0.0,0.0,0.0,0.0,0,0.004,71.76350000000001,4.0,71.76750000000001
2018-01-02 13:18:00,0.001,0.001,0.001,0.001,0.0,0.0,0.0,0.0,0.0,0,0.004,72.02,4.0,72.024
2018-01-02 13:19:00,0.001,0.001,0.001,0.001,0.0,0.0,0.0,0.0,0.0,0,0.004,72.2765,4.0,72.2805
2018-01-02 13:20:00,0.001,0.001,0.001,0.001,0.0,0.0,0.0,0.0,0.0,0,0.004,72.533,4.0,72.537
2018-01-02 13:21:00,0.001,0.0,0.001,0.001,0.0,0.0,0.0,0.0,0.0,0,0.003,72.5112,3.0,72.5142
2018-01-02 13:22:00,0.001,0.0,0.001,0.001,0.0,0.0,0.0,0.0,0.0,0,0.003,72.4894,3.0,72.4924
2018-01-02 13:23:00,0.001,0.0,0.001,0.001,0.0,0.0,0.0,0.0,0.0,0,0.003,72.4676,3.0,72.4706
2018-01-02 13:24:00,0.001,0.0,0.001,0.001,0.0,0.0,0.0,0.0,0.0,0,0.003,72.4458,3.0,72.4488
2018-01-02 13:25:00,0.001,0.0,0.001,0.001,0.0,0.0,0.0,0.0,0.0,0,0.003,72.424,3.0,72.427
2018-01-02 13:26:00,0.001,0.0,0.001,0.001,0.0,0.0,0.0,0.0,0.0,0,0.003,72.4022,3.0,72.4052
2018-01-02 13:27:00,0.001,0.0,0.001,0.001,0.0,0.0,0.0,0.0,0.0,0,0.003,72.3804,3.0,72.3834
2018-01-02 13:28:00,0.001,0.0,0.001,0.001,0.0,0.0,0.0,0.0,0.0,0,0.003,72.3586,3.0,72.3616
2018-01-02 13:29:00,0.001,0.0,0.001,0.001,0.0,0.0,0.0,0.0,0.0,0,0.003,72.3368,3.0,72.3398
2018-01-02 13:30:00,0.001,0.0,0.001,0.001,0.0,0.0,0.0,0.0,0.0,0,0.003,72.315,3.0,72.318
2018-01-02 13:31:00,0.001,0.0,0.001,0.001,0.0,0.0,0.0,0.0,0.0,0,0.003,72.0124,3.0,72.0154
2018-01-02 13:32:00,0.001,0.0,0.001,0.001,0.0,0.0,0.0,0.0,0.0,0,0.003,71.7098,3.0,71.7128
2018-01-02 13:33:00,0.001,0.0,0.001,0.001,0.0,0.0,0.0,0.0,0.0,0,0.003,71.4072,3.0,71.4102
2018-01-02 13:34:00,0.001,0.0,0.001,0.001,0.0,0.0,0.0,0.0,0.0,0,0.003,71.1046,3.0,71.1076
2018-01-02 13:35:00,0.001,0.0,0.001,0.001,0.0,0.0,0.0,0.0,0.0,0,0.003,70.80199999999999,3.0,70.80499999999999
2018-01-02 13:36:00,0.001,0.0,0.001,0.001,0.0,0.0,0.0,0.0,0.0,0,0.003,70.4994,3.0,70.5024
2018-01-02 13:37:00,0.001,0.0,0.001,0.001,0.0,0.0,0.0,0.0,0.0,0,0.003,70.1968,3.0,70.1998
2018-01-02 13:38:00,0.001,0.0,0.001,0.001,0.0,0.0,0.0,0.0,0.0,0,0.003,69.8942,3.0,69.8972
2018-01-02 13:39:00,0.001,0.0,0.001,0.001,0.0,0.0,0.0,0.0,0.0,0,0.003,69.5916,3.0,69.5946
2018-01-02 13:40:00,0.001,0.001,0.001,0.001,0.0,0.0,0.0,0.0,0.0,0,0.004,69.289,4.0,69.293
2018-01-02 13:41:00,0.001,0.001,0.001,0.001,0.0,0.0,0.0,0.0,0.0,0,0.004,69.1204,4.0,69.12440000000001
2018-01-02 13:42:00,0.001,0.001,0.001,0.001,0.0,0.0,0.0,0.0,0.0,0,0.004,68.9518,4.0,68.95580000000001
2018-01-02 13:43:00,0.001,0.001,0.001,0.001,0.0,0.0,0.0,0.0,0.0,0,0.004,68.7832,4.0,68.7872
2018-01-02 13:44:00,0.001,0.001,0.001,0.001,0.0,0.0,0.0,0.0,0.0,0,0.004,68.6146,4.0,68.6186
2018-01-02 13:45:00,0.001,0.001,0.001,0.001,0.0,0.0,0.0,0.0,0.0,0,0.004,68.446,4.0,68.45
2018-01-02 13:46:00,0.001,0.001,0.001,0.001,0.0,0.0,0.0,0.0,0.0,0,0.004,68.2774,4.0,68.2814
2018-01-02 13:47:00,0.001,0.001,0.001,0.001,0.0,0.0,0.0,0.0,0.0,0,0.004,68.1088,4.0,68.11280000000001
2018-01-02 13:48:00,0.001,0.001,0.001,0.001,0.0,0.0,0.0,0.0,0.0,0,0.004,67.94019999999999,4.0,67.9442
2018-01-02 13:49:00,0.001,0.001,0.001,0.001,0.0,0.0,0.0,0.0,0.0,0,0.004,67.77159999999999,4.0,67.7756
2018-01-02 13:50:00,0.001,0.001,0.001,0.001,0.0,0.0,0.0,0.0,0.0,0,0.004,67.603,4.0,67.607
2018-01-02 13:51:00,0.001,0.001,0.001,0.001,0.0,0.0,0.0,0.0,0.0,0,0.004,67.4777,4.0,67.4817
2018-01-02 13:52:00,0.001,0.001,0.001,0.001,0.0,0.0,0.0,0.0,0.0,0,0.004,67.35239999999999,4.0,67.3564
2018-01-02 13:53:00,0.001,0.001,0.001,0.001,0.0,0.0,0.0,0.0,0.0,0,0.004,67.2271,4.0,67.2311
2018-01-02 13:54:00,0.001,0.001,0.001,0.001,0.0,0.0,0.0,0.0,0.0,0,0.004,67.1018,4.0,67.1058
2018-01-02 13:55:00,0.001,0.001,0.001,0.001,0.0,0.0,0.0,0.0,0.0,0,0.004,66.97649999999999,4.0,66.98049999999999
2018-01-02 13:56:00,0.001,0.001,0.001,0.001,0.0,0.0,0.0,0.0,0.0,0,0.004,66.85119999999999,4.0,66.8552
2018-01-02 13:57:00,0.001,0.001,0.001,0.001,0.0,0.0,0.0,0.0,0.0,0,0.004,66.7259,4.0,66.7299
2018-01-02 13:58:00,0.001,0.001,0.001,0.001,0.0,0.0,0.0,0.0,0.0,0,0.004,66.6006,4.0,66.6046
2018-01-02 13:59:00,0.001,0.001,0.001,0.001,0.0,0.0,0.0,0.0,0.0,0,0.004,66.47529999999999,4.0,66.4793
2018-01-02 14:00:00,0.001,0.001,0.001,0.001,0.0,0.0,0.0,0.0,0.0,0,0.004,66.35,4.0,66.354
2018-01-02 14:01:00,0.001,0.001,0.001,0.001,0.0,0.0,0.0,0.0,0.0,0,0.004,66.70559999999999,4.0,66.7096
2018-01-02 14:02:00,0.001,0.001,0.001,0.001,0.0,0.0,0.0,0.0,0.0,0,0.004,67.0612,4.0,67.0652
2018-01-02 14:03:00,0.0,0.001,0.001,0.001,0.0,0.0,0.0,0.0,0.0,0,0.003,67.4168,3.0,67.4198
2018-01-02 14:04:00,0.0,0.001,0.001,0.001,0.0,0.0,0.0,0.0,0.0,0,0.003,67.7724,3.0,67.7754
2018-01-02 14:05:00,0.0,0.001,0.001,0.001,0.0,0.0,0.0,0.0,0.0,0,0.003,68.128,3.0,68.131
2018-01-02 14:06:00,0.0,0.001,0.0,0.001,0.0,0.0,0.0,0.0,0.0,0,0.002,68.4836,2.0,68.48559999999999
2018-01-02 14:07:00,0.0,0.001,0.0,0.001,0.0,0.0,0.0,0.0,0.0,0,0.002,68.8392,2.0,68.8412
2018-01-02 14:08:00,0.0,0.001,0.0,0.001,0.0,0.0,0.0,0.0,0.0,0,0.002,69.1948,2.0,69.1968
2018-01-02 14:09:00,0.0,0.001,0.0,0.001,0.0,0.0,0.0,0.0,0.0,0,0.002,69.55040000000001,2.0,69.5524
2018-01-02 14:10:00,0.0,0.001,0.0,0.001,0.0,0.0,0.0,0.0,0.0,0,0.002,69.906,2.0,69.908
2018-01-02 14:11:00,0.0,0.001,0.0,0.001,0.0,0.0,0.0,0.0,0.0,0,0.002,69.47500000000001,2.0,69.477
2018-01-02 14:12:00,0.001,0.001,0.0,0.001,0.0,0.0,0.0,0.0,0.0,0,0.003,69.04400000000001,3.0,69.04700000000001
2018-01-02 14:13:00,0.001,0.001,0.0,0.001,0.0,0.0,0.0,0.0,0.0,0,0.003,68.613,3.0,68.616
2018-01-02 14:14:00,0.001,0.001,0.0,0.001,0.0,0.0,0.0,0.0,0.0,0,0.003,68.182,3.0,68.185
2018-01-02 14:15:00,0.001,0.001,0.0,0.001,0.0,0.0,0.0,0.0,0.0,0,0.003,67.751,3.0,67.754
2018-01-02 14:16:00,0.001,0.001,0.0,0.0,0.0,0.0,0.0,0.0,0.0,0,0.002,67.32000000000001,2.0,67.322
2018-01-02 14:17:00,0.001,0.001,0.0,0.0,0.0,0.0,0.0,0.0,0.0,0,0.002,66.88900000000001,2.0,66.891
2018-01-02 14:18:00,0.001,0.001,0.0,0.0,0.0,0.0,0.0,0.0,0.0,0,0.002,66.458,2.0,66.46
2018-01-02 14:19:00,0.001,0.001,0.0,0.0,0.0,0.0,0.0,0.0,0.0,0,0.002,66.027,2.0,66.029
2018-01-02 14:20:00,0.001,0.001,0.0,0.0,0.0,0.0,0.0,0.0,0.0,0,0.002,65.596,2.0,65.598
2018-01-02 14:21:00,0.001,0.001,0.0,0.0,0.0,0.0,0.0,0.0,0.0,0,0.002,65.7063,2.0,65.7083
2018-01-02 14:22:00,0.001,0.001,0.0,0.0,0.0,0.0,0.0,0.0,0.0,0,0.002,65.81660000000001,2.0,65.8186
2018-01-02 14:23:00,0.001,0.001,0.0,0.0,0.0,0.0,0.0,0.0,0.0,0,0.002,65.9269,2.0,65.9289
2018-01-02 14:24:00,0.001,0.001,0.0,0.0,0.0,0.0,0.0,0.0,0.0,0,0.002,66.0372,2.0,66.0392
2018-01-02 14:25:00,0.001,0.001,0.0,0.0,0.0,0.0,0.0,0.0,0.0,0,0.002,66.14750000000001,2.0,66.1495
2018-01-02 14:26:00,0.001,0.001,0.0,0.0,0.0,0.0,0.0,0.0,0.0,0,0.002,66.2578,2.0,66.2598
2018-01-02 14:27:00,0.001,0.001,0.0,0.0,0.0,0.0,0.0,0.0,0.0,0,0.002,66.3681,2.0,66.3701
2018-01-02 14:28:00,0.001,0.001,0.0,0.0,0.0,0.0,0.0,0.0,0.0,0,0.002,66.4784,2.0,66.48039999999999
2018-01-02 14:29:00,0.001,0.001,0.0,0.0,0.0,0.0,0.0,0.0,0.0,0,0.002,66.5887,2.0,66.5907
2018-01-02 14:30:00,0.001,0.001,0.0,0.0,0.0,0.0,0.0,0.0,0.0,0,0.002,66.699,2.0,66.701
2018-01-02 14:31:00,0.001,0.001,0.0,0.0,0.0,0.0,0.0,0.0,0.0,0,0.002,66.93939999999999,2.0,66.94139999999999
2018-01-02 14:32:00,0.001,0.001,0.0,0.0,0.0,0.0,0.0,0.0,0.0,0,0.002,67.1798,2.0,67.1818
2018-01-02 14:33:00,0.001,0.001,0.0,0.0,0.0,0.0,0.0,0.0,0.0,0,0.002,67.4202,2.0,67.42219999999999
2018-01-02 14:34:00,0.001,0.001,0.0,0.0,0.0,0.0,0.0,0.0,0.0,0,0.002,67.6606,2.0,67.6626
2018-01-02 14:35:00,0.001,0.001,0.0,0.0,0.0,0.0,0.0,0.0,0.0,0,0.002,67.901,2.0,67.90299999999999
2018-01-02 14:36:00,0.001,0.001,0.0,0.0,0.0,0.0,0.0,0.0,0.0,0,0.002,68.14139999999999,2.0,68.14339999999999
2018-01-02 14:37:00,0.001,0.001,0.0,0.0,0.0,0.0,0.0,0.0,0.0,0,0.002,68.3818,2.0,68.3838
2018-01-02 14:38:00,0.001,0.001,0.0,0.0,0.0,0.0,0.0,0.0,0.0,0,0.002,68.62219999999999,2.0,68.62419999999999
2018-01-02 14:39:00,0.001,0.001,0.0,0.0,0.0,0.0,0.0,0.0,0.0,0,0.002,68.8626,2.0,68.8646
2018-01-02 14:40:00,0.001,0.001,0.0,0.0,0.0,0.0,0.0,0.0,0.0,0,0.002,69.103,2.0,69.10499999999999
2018-01-02 14:41:00,0.001,0.0,0.0,0.0,0.0,0.0,0.0,0.0,0.0,0,0.001,68.74019999999999,1.0,68.74119999999999
2018-01-02 14:42:00,0.001,0.0,0.0,0.0,0.0,0.0,0.0,0.0,0.0,0,0.001,68.3774,1.0,68.3784
2018-01-02 14:43:00,0.001,0.0,0.0,0.0,0.0,0.0,0.0,0.0,0.0,0,0.001,68.0146,1.0,68.0156
2018-01-02 14:44:00,0.001,0.0,0.0,0.0,0.0,0.0,0.0,0.0,0.0,0,0.001,67.6518,1.0,67.6528
2018-01-02 14:45:00,0.001,0.0,0.0,0.0,0.0,0.0,0.0,0.0,0.0,0,0.001,67.28899999999999,1.0,67.28999999999999
2018-01-02 14:46:00,0.001,0.0,0.0,0.0,0.0,0.0,0.0,0.0,0.0,0,0.001,66.9262,1.0,66.9272
2018-01-02 14:47:00,0.001,0.0,0.0,0.0,0.0,0.0,0.0,0.0,0.0,0,0.001,66.5634,1.0,66.5644
2018-01-02 14:48:00,0.001,0.0,0.0,0.0,0.0,0.0,0.0,0.0,0.0,0,0.001,66.2006,1.0,66.2016
2018-01-02 14:49:00,0.001,0.0,0.0,0.0,0.0,0.0,0.0,0.0,0.0,0,0.001,65.83779999999999,1.0,65.83879999999999
2018-01-02 14:50:00,0.001,0.0,0.0,0.0,0.0,0.0,0.0,0.0,0.0,0,0.001,65.475,1.0,65.476
2018-01-02 14:51:00,0.001,0.0,0.0,0.0,0.0,0.0,0.0,0.0,0.0,0,0.001,65.0835,1.0,65.0845
2018-01-02 14:52:00,0.001,0.0,0.0,0.0,0.0,0.0,0.0,0.0,0.0,0,0.001,64.692,1.0,64.693
2018-01-02 14:53:00,0.001,0.0,0.0,0.0,0.0,0.0,0.0,0.0,0.0,0,0.001,64.3005,1.0,64.3015
2018-01-02 14:54:00,0.001,0.0,0.0,0.0,0.0,0.0,0.0,0.0,0.0,0,0.001,63.909,1.0,63.91
2018-01-02 14:55:00,0.001,0.0,0.0,0.0,0.0,0.0,0.0,0.0,0.0,0,0.001,63.5175,1.0,63.518499999999996
2018-01-02 14:56:00,0.001,0.0,0.0,0.0,0.0,0.0,0.0,0.0,0.0,0,0.001,63.126,1.0,63.126999999999995
2018-01-02 14:57:00,0.001,0.0,0.0,0.0,0.0,0.0,0.0,0.0,0.0,0,0.001,62.7345,1.0,62.735499999999995
2018-01-02 14:58:00,0.001,0.0,0.0,0.0,0.0,0.0,0.0,0.0,0.0,0,0.001,62.343,1.0,62.344
2018-01-02 14:59:00,0.001,0.0,0.0,0.0,0.0,0.0,0.0,0.0,0.0,0,0.001,61.9515,1.0,61.9525
2018-01-02 15:00:00,0.001,0.0,0.0,0.0,0.0,0.0,0.0,0.0,0.0,0,0.001,61.56,1.0,61.561
2018-01-02 15:01:00,0.001,0.0,0.0,0.0,0.0,0.0,0.0,0.0,0.0,0,0.001,61.8236,1.0,61.8246
2018-01-02 15:02:00,0.001,0.0,0.0,0.0,0.0,0.0,0.0,0.0,0.0,0,0.001,62.0872,1.0,62.0882
2018-01-02 15:03:00,0.001,0.0,0.0,0.0,0.0,0.0,0.0,0.0,0.0,0,0.001,62.3508,1.0,62.3518
2018-01-02 15:04:00,0.001,0.0,0.0,0.0,0.0,0.0,0.0,0.0,0.0,0,0.001,62.6144,1.0,62.6154
2018-01-02 15:05:00,0.001,0.0,0.0,0.0,0.0,0.0,0.0,0.0,0.0,0,0.001,62.878,1.0,62.879
2018-01-02 15:06:00,0.001,0.0,0.0,0.0,0.0,0.0,0.0,0.0,0.0,0,0.001,63.1416,1.0,63.142599999999995
2018-01-02 15:07:00,0.001,0.0,0.0,0.0,0.0,0.0,0.0,0.0,0.0,0,0.001,63.4052,1.0,63.4062
2018-01-02 15:08:00,0.001,0.0,0.0,0.0,0.0,0.0,0.0,0.0,0.0,0,0.001,63.6688,1.0,63.669799999999995
2018-01-02 15:09:00,0.001,0.0,0.0,0.0,0.0,0.0,0.0,0.0,0.0,0,0.001,63.9324,1.0,63.9334
2018-01-02 15:10:00,0.001,0.0,0.0,0.0,0.0,0.0,0.0,0.0,0.0,0,0.001,64.196,1.0,64.197
2018-01-02 15:11:00,0.001,0.0,0.0,0.0,0.0,0.0,0.0,0.0,0.0,0,0.001,63.9114,1.0,63.9124
2018-01-02 15:12:00,0.001,0.001,0.0,0.0,0.0,0.0,0.0,0.0,0.0,0,0.002,63.626799999999996,2.0,63.6288
2018-01-02 15:13:00,0.0,0.001,0.0,0.0,0.0,0.0,0.0,0.0,0.0,0,0.001,63.3422,1.0,63.343199999999996
2018-01-02 15:14:00,0.0,0.001,0.0,0.0,0.0,0.0,0.0,0.0,0.0,0,0.001,63.0576,1.0,63.0586
2018-01-02 15:15:00,0.0,0.001,0.0,0.0,0.0,0.0,0.0,0.0,0.0,0,0.001,62.772999999999996,1.0,62.773999999999994
2018-01-02 15:16:00,0.0,0.001,0.0,0.0,0.0,0.0,0.0,0.0,0.0,0,0.001,62.4884,1.0,62.489399999999996
2018-01-02 15:17:00,0.0,0.001,0.0,0.0,0.0,0.0,0.0,0.0,0.0,0,0.001,62.2038,1.0,62.2048
2018-01-02 15:18:00,0.0,0.001,0.0,0.0,0.0,0.0,0.0,0.0,0.0,0,0.001,61.919200000000004,1.0,61.9202
2018-01-02 15:19:00,0.0,0.001,0.0,0.0,0.0,0.0,0.0,0.0,0.0,0,0.001,61.6346,1.0,61.6356
2018-01-02 15:20:00,0.0,0.001,0.0,0.0,0.0,0.0,0.0,0.0,0.0,0,0.001,61.35,1.0,61.351
2018-01-02 15:21:00,0.0,0.001,0.0,0.0,0.0,0.0,0.0,0.0,0.0,0,0.001,61.6627,1.0,61.6637
2018-01-02 15:22:00,0.0,0.001,0.0,0.0,0.0,0.0,0.0,0.0,0.0,0,0.001,61.9754,1.0,61.9764
2018-01-02 15:23:00,0.0,0.001,0.0,0.0,0.0,0.0,0.0,0.0,0.0,0,0.001,62.2881,1.0,62.2891
2018-01-02 15:24:00,0.0,0.001,0.0,0.0,0.0,0.0,0.0,0.0,0.0,0,0.001,62.6008,1.0,62.6018
2018-01-02 15:25:00,0.0,0.001,0.0,0.0,0.0,0.0,0.0,0.0,0.0,0,0.001,62.9135,1.0,62.9145
2018-01-02 15:26:00,0.0,0.001,0.0,0.0,0.0,0.0,0.0,0.0,0.0,0,0.001,63.226200000000006,1.0,63.2272
2018-01-02 15:27:00,0.0,0.001,0.0,0.0,0.0,0.0,0.0,0.0,0.0,0,0.001,63.538900000000005,1.0,63.5399
2018-01-02 15:28:00,0.0,0.001,0.0,0.0,0.0,0.0,0.0,0.0,0.0,0,0.001,63.851600000000005,1.0,63.8526
2018-01-02 15:29:00,0.0,0.001,0.0,0.0,0.0,0.0,0.0,0.0,0.0,0,0.001,64.1643,1.0,64.1653
2018-01-02 15:30:00,0.0,0.001,0.0,0.0,0.0,0.0,0.0,0.0,0.0,0,0.001,64.477,1.0,64.47800000000001
2018-01-02 15:31:00,0.0,0.001,0.0,0.0,0.0,0.0,0.0,0.0,0.0,0,0.001,64.6205,1.0,64.62150000000001
2018-01-02 15:32:00,0.0,0.001,0.0,0.0,0.0,0.0,0.0,0.0,0.0,0,0.001,64.76400000000001,1.0,64.76500000000001
2018-01-02 15:33:00,0.0,0.001,0.0,0.0,0.0,0.0,0.0,0.0,0.0,0,0.001,64.9075,1.0,64.9085
2018-01-02 15:34:00,0.0,0.001,0.0,0.0,0.0,0.0,0.0,0.0,0.0,0,0.001,65.051,1.0,65.052
2018-01-02 15:35:00,0.0,0.001,0.0,0.0,0.0,0.0,0.0,0.0,0.0,0,0.001,65.1945,1.0,65.19550000000001
2018-01-02 15:36:00,0.0,0.001,0.0,0.0,0.0,0.0,0.0,0.0,0.0,0,0.001,65.33800000000001,1.0,65.33900000000001
2018-01-02 15:37:00,0.0,0.001,0.0,0.0,0.0,0.0,0.0,0.0,0.0,0,0.001,65.48150000000001,1.0,65.48250000000002
2018-01-02 15:38:00,0.0,0.001,0.0,0.0,0.0,0.0,0.0,0.0,0.0,0,0.001,65.625,1.0,65.626
2018-01-02 15:39:00,0.0,0.001,0.0,0.0,0.0,0.0,0.0,0.0,0.0,0,0.001,65.7685,1.0,65.76950000000001
2018-01-02 15:40:00,0.0,0.001,0.0,0.0,0.0,0.0,0.0,0.0,0.0,0,0.001,65.912,1.0,65.91300000000001
2018-01-02 15:41:00,0.0,0.001,0.0,0.0,0.0,0.0,0.0,0.0,0.0,0,0.001,65.3986,1.0,65.3996
2018-01-02 15:42:00,0.001,0.001,0.0,0.0,0.0,0.0,0.0,0.0,0.0,0,0.002,64.8852,2.0,64.88719999999999
2018-01-02 15:43:00,0.001,0.001,0.0,0.0,0.0,0.0,0.0,0.0,0.0,0,0.002,64.37180000000001,2.0,64.3738
2018-01-02 15:44:00,0.001,0.001,0.0,0.0,0.0,0.0,0.0,0.0,0.0,0,0.002,63.8584,2.0,63.860400000000006
2018-01-02 15:45:00,0.001,0.001,0.0,0.0,0.0,0.0,0.0,0.0,0.0,0,0.002,63.345,2.0,63.347
2018-01-02 15:46:00,0.001,0.001,0.0,0.0,0.0,0.0,0.0,0.0,0.0,0,0.002,62.8316,2.0,62.833600000000004
2018-01-02 15:47:00,0.001,0.001,0.0,0.0,0.0,0.0,0.0,0.0,0.0,0,0.002,62.318200000000004,2.0,62.32020000000001
2018-01-02 15:48:00,0.001,0.001,0.0,0.0,0.0,0.0,0.0,0.0,0.0,0,0.002,61.8048,2.0,61.8068
2018-01-02 15:49:00,0.001,0.001,0.0,0.0,0.0,0.0,0.0,0.0,0.0,0,0.002,61.291399999999996,2.0,61.2934
2018-01-02 15:50:00,0.001,0.001,0.0,0.0,0.0,0.0,0.0,0.0,0.0,0,0.002,60.778,2.0,60.78
2018-01-02 15:51:00,0.001,0.001,0.0,0.0,0.0,0.0,0.0,0.0,0.0,0,0.002,61.0967,2.0,61.0987
2018-01-02 15:52:00,0.001,0.001,0.0,0.0,0.0,0.0,0.0,0.0,0.0,0,0.002,61.4154,2.0,61.4174
2018-01-02 15:53:00,0.001,0.001,0.0,0.0,0.0,0.0,0.0,0.0,0.0,0,0.002,61.7341,2.0,61.7361
2018-01-02 15:54:00,0.001,0.001,0.0,0.0,0.0,0.0,0.0,0.0,0.0,0,0.002,62.0528,2.0,62.0548
2018-01-02 15:55:00,0.001,0.001,0.0,0.0,0.0,0.0,0.0,0.0,0.0,0,0.002,62.3715,2.0,62.3735
2018-01-02 15:56:00,0.001,0.001,0.0,0.0,0.0,0.0,0.0,0.0,0.0,0,0.002,62.690200000000004,2.0,62.69220000000001
2018-01-02 15:57:00,0.001,0.001,0.0,0.0,0.0,0.0,0.0,0.0,0.0,0,0.002,63.008900000000004,2.0,63.01090000000001
2018-01-02 15:58:00,0.001,0.001,0.0,0.0,0.0,0.0,0.0,0.0,0.0,0,0.002,63.327600000000004,2.0,63.329600000000006
2018-01-02 15:59:00,0.001,0.001,0.0,0.0,0.0,0.0,0.0,0.0,0.0,0,0.002,63.646300000000004,2.0,63.648300000000006
2018-01-02 16:00:00,0.001,0.001,0.0,0.0,0.0,0.0,0.0,0.0,0.0,0,0.002,63.965,2.0,63.967000000000006
2018-01-02 16:01:00,0.001,0.001,0.0,0.0,0.0,0.0,0.0,0.0,0.0,0,0.002,63.6169,2.0,63.618900000000004
2018-01-02 16:02:00,0.001,0.001,0.0,0.0,0.0,0.0,0.0,0.0,0.0,0,0.002,63.268800000000006,2.0,63.27080000000001
2018-01-02 16:03:00,0.001,0.001,0.0,0.0,0.0,0.0,0.0,0.0,0.0,0,0.002,62.920700000000004,2.0,62.922700000000006
2018-01-02 16:04:00,0.001,0.001,0.001,0.0,0.0,0.0,0.0,0.0,0.0,0,0.003,62.5726,3.0,62.5756
2018-01-02 16:05:00,0.001,0.001,0.001,0.0,0.0,0.0,0.0,0.0,0.0,0,0.003,62.224500000000006,3.0,62.227500000000006
2018-01-02 16:06:00,0.001,0.001,0.001,0.0,0.0,0.0,0.0,0.0,0.0,0,0.003,61.876400000000004,3.0,61.879400000000004
2018-01-02 16:07:00,0.001,0.001,0.001,0.0,0.0,0.0,0.0,0.0,0.0,0,0.003,61.5283,3.0,61.5313
2018-01-02 16:08:00,0.001,0.001,0.001,0.0,0.0,0.0,0.0,0.0,0.0,0,0.003,61.1802,3.0,61.1832
2018-01-02 16:09:00,0.001,0.001,0.001,0.0,0.0,0.0,0.0,0.0,0.0,0,0.003,60.832100000000004,3.0,60.835100000000004
2018-01-02 16:10:00,0.001,0.001,0.001,0.0,0.0,0.0,0.0,0.0,0.0,0,0.003,60.484,3.0,60.487
2018-01-02 16:11:00,0.001,0.001,0.001,0.0,0.0,0.0,0.0,0.0,0.0,0,0.003,60.6079,3.0,60.6109
2018-01-02 16:12:00,0.001,0.001,0.001,0.0,0.0,0.0,0.0,0.0,0.0,0,0.003,60.7318,3.0,60.7348
2018-01-02 16:13:00,0.001,0.0,0.001,0.0,0.0,0.0,0.0,0.0,0.0,0,0.002,60.8557,2.0,60.8577
2018-01-02 16:14:00,0.001,0.0,0.001,0.0,0.0,0.0,0.0,0.0,0.0,0,0.002,60.9796,2.0,60.9816
2018-01-02 16:15:00,0.001,0.0,0.001,0.0,0.0,0.0,0.0,0.0,0.0,0,0.002,61.1035,2.0,61.1055
2018-01-02 16:16:00,0.001,0.0,0.001,0.0,0.0,0.0,0.0,0.0,0.0,0,0.002,61.2274,2.0,61.229400000000005
2018-01-02 16:17:00,0.001,0.0,0.001,0.0,0.0,0.0,0.0,0.0,0.0,0,0.002,61.3513,2.0,61.353300000000004
2018-01-02 16:18:00,0.001,0.0,0.001,0.0,0.0,0.0,0.0,0.0,0.0,0,0.002,61.4752,2.0,61.4772
2018-01-02 16:19:00,0.001,0.0,0.001,0.0,0.0,0.0,0.0,0.0,0.0,0,0.002,61.5991,2.0,61.6011
2018-01-02 16:20:00,0.001,0.0,0.001,0.0,0.0,0.0,0.0,0.0,0.0,0,0.002,61.723,2.0,61.725
2018-01-02 16:21:00,0.001,0.0,0.001,0.0,0.0,0.0,0.0,0.0,0.0,0,0.002,61.5207,2.0,61.5227
2018-01-02 16:22:00,0.001,0.0,0.001,0.0,0.0,0.0,0.0,0.0,0.0,0,0.002,61.3184,2.0,61.3204
2018-01-02 16:23:00,0.001,0.001,0.001,0.0,0.0,0.0,0.0,0.0,0.0,0,0.003,61.1161,3.0,61.1191
2018-01-02 16:24:00,0.001,0.001,0.001,0.0,0.0,0.0,0.0,0.0,0.0,0,0.003,60.9138,3.0,60.9168
2018-01-02 16:25:00,0.001,0.001,0.001,0.0,0.0,0.0,0.0,0.0,0.0,0,0.003,60.7115,3.0,60.7145
2018-01-02 16:26:00,0.001,0.001,0.001,0.0,0.0,0.0,0.0,0.0,0.0,0,0.003,60.5092,3.0,60.5122
2018-01-02 16:27:00,0.001,0.001,0.001,0.0,0.0,0.0,0.0,0.0,0.0,0,0.003,60.3069,3.0,60.3099
2018-01-02 16:28:00,0.001,0.001,0.001,0.0,0.0,0.0,0.0,0.0,0.0,0,0.003,60.104600000000005,3.0,60.107600000000005
2018-01-02 16:29:00,0.001,0.001,0.001,0.0,0.0,0.0,0.0,0.0,0.0,0,0.003,59.902300000000004,3.0,59.905300000000004
2018-01-02 16:30:00,0.001,0.001,0.001,0.0,0.0,0.0,0.0,0.0,0.0,0,0.003,59.7,3.0,59.703
2018-01-02 16:31:00,0.001,0.001,0.001,0.0,0.0,0.0,0.0,0.0,0.0,0,0.003,59.502500000000005,3.0,59.505500000000005
2018-01-02 16:32:00,0.001,0.001,0.001,0.0,0.0,0.0,0.0,0.0,0.0,0,0.003,59.305,3.0,59.308
2018-01-02 16:33:00,0.001,0.001,0.001,0.0,0.0,0.0,0.0,0.0,0.0,0,0.003,59.1075,3.0,59.1105
2018-01-02 16:34:00,0.001,0.001,0.001,0.0,0.0,0.0,0.0,0.0,0.0,0,0.003,58.910000000000004,3.0,58.913000000000004
2018-01-02 16:35:00,0.001,0.001,0.001,0.0,0.0,0.0,0.0,0.0,0.0,0,0.003,58.712500000000006,3.0,58.715500000000006
2018-01-02 16:36:00,0.001,0.001,0.001,0.0,0.0,0.0,0.0,0.0,0.0,0,0.003,58.515,3.0,58.518
2018-01-02 16:37:00,0.001,0.001,0.001,0.0,0.0,0.0,0.0,0.0,0.0,0,0.003,58.3175,3.0,58.3205
2018-01-02 16:38:00,0.001,0.001,0.001,0.0,0.0,0.0,0.0,0.0,0.0,0,0.003,58.120000000000005,3.0,58.123000000000005
2018-01-02 16:39:00,0.001,0.001,0.001,0.0,0.0,0.0,0.0,0.0,0.0,0,0.003,57.9225,3.0,57.9255
2018-01-02 16:40:00,0.001,0.001,0.001,0.0,0.0,0.0,0.0,0.0,0.0,0,0.003,57.725,3.0,57.728
2018-01-02 16:41:00,0.001,0.001,0.001,0.0,0.0,0.0,0.0,0.0,0.0,0,0.003,57.645700000000005,3.0,57.648700000000005
2018-01-02 16:42:00,0.001,0.001,0.001,0.0,0.0,0.0,0.0,0.0,0.0,0,0.003,57.5664,3.0,57.5694
2018-01-02 16:43:00,0.0,0.001,0.001,0.0,0.0,0.0,0.0,0.0,0.0,0,0.002,57.4871,2.0,57.4891
2018-01-02 16:44:00,0.001,0.001,0.001,0.0,0.0,0.0,0.0,0.0,0.0,0,0.003,57.4078,3.0,57.4108
2018-01-02 16:45:00,0.001,0.001,0.001,0.0,0.0,0.0,0.0,0.0,0.0,0,0.003,57.328500000000005,3.0,57.331500000000005
2018-01-02 16:46:00,0.001,0.001,0.001,0.0,0.0,0.0,0.0,0.0,0.0,0,0.003,57.2492,3.0,57.2522
2018-01-02 16:47:00,0.001,0.001,0.001,0.0,0.0,0.0,0.0,0.0,0.0,0,0.003,57.1699,3.0,57.1729
2018-01-02 16:48:00,0.001,0.001,0.001,0.0,0.0,0.0,0.0,0.0,0.0,0,0.003,57.0906,3.0,57.0936
2018-01-02 16:49:00,0.001,0.001,0.001,0.0,0.0,0.0,0.0,0.0,0.0,0,0.003,57.011300000000006,3.0,57.014300000000006
2018-01-02 16:50:00,0.001,0.001,0.001,0.0,0.0,0.0,0.0,0.0,0.0,0,0.003,56.932,3.0,56.935
2018-01-02 16:51:00,0.001,0.001,0.001,0.0,0.0,0.0,0.0,0.0,0.0,0,0.003,57.0447,3.0,57.0477
2018-01-02 16:52:00,0.001,0.001,0.001,0.0,0.0,0.0,0.0,0.0,0.0,0,0.003,57.1574,3.0,57.1604
2018-01-02 16:53:00,0.001,0.001,0.001,0.0,0.0,0.0,0.0,0.0,0.0,0,0.003,57.2701,3.0,57.2731
2018-01-02 16:54:00,0.001,0.001,0.001,0.0,0.0,0.0,0.0,0.0,0.0,0,0.003,57.3828,3.0,57.3858
2018-01-02 16:55:00,0.001,0.001,0.001,0.0,0.0,0.0,0.0,0.0,0.0,0,0.003,57.4955,3.0,57.4985
2018-01-02 16:56:00,0.001,0.001,0.001,0.0,0.0,0.0,0.0,0.0,0.0,0,0.003,57.6082,3.0,57.6112
2018-01-02 16:57:00,0.001,0.001,0.001,0.0,0.0,0.0,0.0,0.0,0.0,0,0.003,57.7209,3.0,57.7239
2018-01-02 16:58:00,0.001,0.001,0.001,0.0,0.0,0.0,0.0,0.0,0.0,0,0.003,57.8336,3.0,57.8366
2018-01-02 16:59:00,0.001,0.001,0.001,0.0,0.0,0.0,0.0,0.0,0.0,0,0.003,57.9463,3.0,57.9493
2018-01-02 17:00:00,0.001,0.001,0.001,0.0,0.0,0.0,0.0,0.0,0.0,0,0.003,58.059,3.0,58.062
2018-01-02 17:01:00,0.001,0.001,0.001,0.0,0.0,0.0,0.0,0.0,0.0,0,0.003,57.6883,3.0,57.6913
2018-01-02 17:02:00,0.001,0.001,0.001,0.0,0.0,0.0,0.0,0.0,0.0,0,0.003,57.3176,3.0,57.3206
2018-01-02 17:03:00,0.001,0.001,0.001,0.0,0.0,0.0,0.0,0.0,0.0,0,0.003,56.9469,3.0,56.9499
2018-01-02 17:04:00,0.001,0.001,0.001,0.0,0.0,0.0,0.0,0.0,0.0,0,0.003,56.5762,3.0,56.5792
2018-01-02 17:05:00,0.001,0.001,0.0,0.0,0.0,0.0,0.0,0.0,0.0,0,0.002,56.2055,2.0,56.2075
2018-01-02 17:06:00,0.001,0.001,0.0,0.0,0.0,0.0,0.0,0.0,0.0,0,0.002,55.834799999999994,2.0,55.8368
2018-01-02 17:07:00,0.001,0.001,0.0,0.0,0.0,0.0,0.0,0.0,0.0,0,0.002,55.464099999999995,2.0,55.4661
2018-01-02 17:08:00,0.001,0.001,0.0,0.0,0.0,0.0,0.0,0.0,0.0,0,0.002,55.093399999999995,2.0,55.0954
2018-01-02 17:09:00,0.001,0.001,0.0,0.0,0.0,0.0,0.0,0.0,0.0,0,0.002,54.722699999999996,2.0,54.7247
2018-01-02 17:10:00,0.001,0.001,0.0,0.0,0.0,0.0,0.0,0.0,0.0,0,0.002,54.352,2.0,54.354
2018-01-02 17:11:00,0.001,0.001,0.0,0.0,0.0,0.0,0.0,0.0,0.0,0,0.002,54.2891,2.0,54.2911
2018-01-02 17:12:00,0.001,0.001,0.0,0.0,0.0,0.0,0.0,0.0,0.0,0,0.002,54.2262,2.0,54.2282
2018-01-02 17:13:00,0.001,0.001,0.0,0.0,0.0,0.0,0.0,0.0,0.0,0,0.002,54.1633,2.0,54.1653
2018-01-02 17:14:00,0.001,0.001,0.0,0.0,0.0,0.0,0.0,0.0,0.0,0,0.002,54.1004,2.0,54.1024
2018-01-02 17:15:00,0.001,0.001,0.0,0.0,0.0,0.0,0.0,0.0,0.0,0,0.002,54.037499999999994,2.0,54.0395
2018-01-02 17:16:00,0.001,0.001,0.0,0.0,0.0,0.0,0.0,0.0,0.0,0,0.002,53.974599999999995,2.0,53.9766
2018-01-02 17:17:00,0.001,0.001,0.0,0.0,0.0,0.0,0.0,0.0,0.0,0,0.002,53.911699999999996,2.0,53.9137
2018-01-02 17:18:00,0.001,0.001,0.0,0.0,0.0,0.0,0.0,0.0,0.0,0,0.002,53.8488,2.0,53.8508
2018-01-02 17:19:00,0.001,0.001,0.0,0.0,0.0,0.0,0.0,0.0,0.0,0,0.002,53.7859,2.0,53.7879
2018-01-02 17:20:00,0.001,0.001,0.0,0.0,0.0,0.0,0.0,0.0,0.0,0,0.002,53.723,2.0,53.725
2018-01-02 17:21:00,0.001,0.001,0.0,0.0,0.0,0.0,0.0,0.0,0.0,0,0.002,54.1381,2.0,54.140100000000004
2018-01-02 17:22:00,0.001,0.001,0.0,0.0,0.0,0.0,0.0,0.0,0.0,0,0.002,54.5532,2.0,54.5552
2018-01-02 17:23:00,0.001,0.001,0.0,0.0,0.0,0.0,0.0,0.0,0.0,0,0.002,54.9683,2.0,54.9703
2018-01-02 17:24:00,0.001,0.0,0.0,0.0,0.0,0.0,0.0,0.0,0.0,0,0.001,55.3834,1.0,55.3844
2018-01-02 17:25:00,0.001,0.0,0.0,0.0,0.0,0.0,0.0,0.0,0.0,0,0.001,55.798500000000004,1.0,55.7995
2018-01-02 17:26:00,0.001,0.0,0.0,0.0,0.0,0.0,0.0,0.0,0.0,0,0.001,56.2136,1.0,56.2146
2018-01-02 17:27:00,0.001,0.0,0.0,0.0,0.0,0.0,0.0,0.0,0.0,0,0.001,56.6287,1.0,56.6297
2018-01-02 17:28:00,0.001,0.0,0.0,0.0,0.0,0.0,0.0,0.0,0.0,0,0.001,57.043800000000005,1.0,57.0448
2018-01-02 17:29:00,0.001,0.0,0.0,0.0,0.0,0.0,0.0,0.0,0.0,0,0.001,57.4589,1.0,57.4599
2018-01-02 17:30:00,0.001,0.0,0.0,0.0,0.0,0.0,0.0,0.0,0.0,0,0.001,57.874,1.0,57.875
2018-01-02 17:31:00,0.001,0.0,0.0,0.0,0.0,0.0,0.0,0.0,0.0,0,0.001,57.8186,1.0,57.8196
2018-01-02 17:32:00,0.001,0.0,0.0,0.0,0.0,0.0,0.0,0.0,0.0,0,0.001,57.763200000000005,1.0,57.7642
2018-01-02 17:33:00,0.001,0.0,0.0,0.0,0.0,0.0,0.0,0.0,0.0,0,0.001,57.7078,1.0,57.7088
2018-01-02 17:34:00,0.001,0.0,0.0,0.0,0.0,0.0,0.0,0.0,0.0,0,0.001,57.6524,1.0,57.6534
2018-01-02 17:35:00,0.001,0.0,0.0,0.0,0.0,0.0,0.0,0.0,0.0,0,0.001,57.597,1.0,57.598
2018-01-02 17:36:00,0.001,0.0,0.0,0.0,0.0,0.0,0.0,0.0,0.0,0,0.001,57.5416,1.0,57.5426
2018-01-02 17:37:00,0.001,0.001,0.0,0.0,0.0,0.0,0.0,0.0,0.0,0,0.002,57.486200000000004,2.0,57.488200000000006
2018-01-02 17:38:00,0.001,0.001,0.0,0.0,0.0,0.0,0.0,0.0,0.0,0,0.002,57.4308,2.0,57.4328
2018-01-02 17:39:00,0.001,0.001,0.0,0.0,0.0,0.0,0.0,0.0,0.0,0,0.002,57.3754,2.0,57.3774
2018-01-02 17:40:00,0.001,0.001,0.0,0.0,0.0,0.0,0.0,0.0,0.0,0,0.002,57.32,2.0,57.322
2018-01-02 17:41:00,0.001,0.001,0.0,0.0,0.0,0.0,0.0,0.0,0.0,0,0.002,57.0456,2.0,57.0476
2018-01-02 17:42:00,0.001,0.001,0.0,0.0,0.0,0.0,0.0,0.0,0.0,0,0.002,56.7712,2.0,56.7732
2018-01-02 17:43:00,0.001,0.001,0.001,0.0,0.0,0.0,0.0,0.0,0.0,0,0.003,56.4968,3.0,56.4998
2018-01-02 17:44:00,0.001,0.001,0.001,0.0,0.0,0.0,0.0,0.0,0.0,0,0.003,56.2224,3.0,56.2254
2018-01-02 17:45:00,0.0,0.001,0.001,0.0,0.0,0.0,0.0,0.0,0.0,0,0.002,55.948,2.0,55.95
2018-01-02 17:46:00,0.0,0.001,0.001,0.0,0.0,0.0,0.0,0.0,0.0,0,0.002,55.6736,2.0,55.6756
2018-01-02 17:47:00,0.0,0.001,0.001,0.0,0.0,0.0,0.0,0.0,0.0,0,0.002,55.3992,2.0,55.4012
2018-01-02 17:48:00,0.0,0.001,0.001,0.0,0.0,0.0,0.0,0.0,0.0,0,0.002,55.1248,2.0,55.1268
2018-01-02 17:49:00,0.0,0.001,0.001,0.0,0.0,0.0,0.0,0.0,0.0,0,0.002,54.8504,2.0,54.8524
2018-01-02 17:50:00,0.0,0.001,0.001,0.0,0.0,0.0,0.0,0.0,0.0,0,0.002,54.576,2.0,54.578
2018-01-02 17:51:00,0.0,0.001,0.001,0.0,0.0,0.0,0.0,0.0,0.0,0,0.002,54.8198,2.0,54.8218
2018-01-02 17:52:00,0.0,0.001,0.001,0.0,0.0,0.0,0.0,0.0,0.0,0,0.002,55.0636,2.0,55.0656
2018-01-02 17:53:00,0.0,0.001,0.001,0.0,0.0,0.0,0.0,0.0,0.0,0,0.002,55.3074,2.0,55.309400000000004
2018-01-02 17:54:00,0.0,0.001,0.001,0.0,0.0,0.0,0.0,0.0,0.0,0,0.002,55.5512,2.0,55.553200000000004
2018-01-02 17:55:00,0.0,0.001,0.001,0.0,0.0,0.0,0.0,0.0,0.0,0,0.002,55.795,2.0,55.797000000000004
2018-01-02 17:56:00,0.0,0.001,0.001,0.0,0.0,0.0,0.0,0.0,0.0,0,0.002,56.0388,2.0,56.040800000000004
2018-01-02 17:57:00,0.0,0.001,0.001,0.0,0.0,0.0,0.0,0.0,0.0,0,0.002,56.2826,2.0,56.284600000000005
2018-01-02 17:58:00,0.0,0.001,0.001,0.0,0.0,0.0,0.0,0.0,0.0,0,0.002,56.5264,2.0,56.528400000000005
2018-01-02 17:59:00,0.0,0.001,0.001,0.0,0.0,0.0,0.0,0.0,0.0,0,0.002,56.7702,2.0,56.772200000000005
2018-01-02 18:00:00,0.0,0.001,0.001,0.0,0.0,0.0,0.0,0.0,0.0,0,0.002,57.014,2.0,57.016000000000005
2018-01-02 18:01:00,0.0,0.001,0.001,0.0,0.0,0.0,0.0,0.0,0.0,0,0.002,57.175200000000004,2.0,57.177200000000006
2018-01-02 18:02:00,0.0,0.001,0.001,0.0,0.0,0.0,0.0,0.0,0.0,0,0.002,57.336400000000005,2.0,57.33840000000001
2018-01-02 18:03:00,0.0,0.001,0.001,0.0,0.0,0.0,0.0,0.0,0.0,0,0.002,57.4976,2.0,57.4996
2018-01-02 18:04:00,0.0,0.001,0.001,0.0,0.0,0.0,0.0,0.0,0.0,0,0.002,57.6588,2.0,57.6608
2018-01-02 18:05:00,0.0,0.001,0.001,0.0,0.0,0.0,0.0,0.0,0.0,0,0.002,57.82,2.0,57.822
2018-01-02 18:06:00,0.0,0.001,0.001,0.0,0.0,0.0,0.0,0.0,0.0,0,0.002,57.9812,2.0,57.983200000000004
2018-01-02 18:07:00,0.0,0.001,0.001,0.0,0.0,0.0,0.0,0.0,0.0,0,0.002,58.1424,2.0,58.144400000000005
2018-01-02 18:08:00,0.0,0.001,0.001,0.0,0.0,0.0,0.0,0.0,0.0,0,0.002,58.303599999999996,2.0,58.3056
2018-01-02 18:09:00,0.0,0.001,0.001,0.0,0.0,0.0,0.0,0.0,0.0,0,0.002,58.4648,2.0,58.4668
2018-01-02 18:10:00,0.0,0.001,0.001,0.0,0.0,0.0,0.0,0.0,0.0,0,0.002,58.626,2.0,58.628
2018-01-02 18:11:00,0.0,0.001,0.001,0.0,0.0,0.0,0.0,0.0,0.0,0,0.002,58.1284,2.0,58.1304
2018-01-02 18:12:00,0.0,0.001,0.001,0.0,0.0,0.0,0.0,0.0,0.0,0,0.002,57.6308,2.0,57.6328
2018-01-02 18:13:00,0.0,0.001,0.001,0.0,0.0,0.0,0.0,0.0,0.0,0,0.002,57.133199999999995,2.0,57.1352
2018-01-02 18:14:00,0.0,0.001,0.001,0.0,0.0,0.0,0.0,0.0,0.0,0,0.002,56.6356,2.0,56.6376
2018-01-02 18:15:00,0.0,0.001,0.001,0.0,0.0,0.0,0.0,0.0,0.0,0,0.002,56.138,2.0,56.14
2018-01-02 18:16:00,0.0,0.001,0.001,0.0,0.0,0.0,0.0,0.0,0.0,0,0.002,55.6404,2.0,55.6424
2018-01-02 18:17:00,0.0,0.001,0.001,0.0,0.0,0.0,0.0,0.0,0.0,0,0.002,55.1428,2.0,55.144800000000004
2018-01-02 18:18:00,0.0,0.001,0.001,0.0,0.0,0.0,0.0,0.0,0.0,0,0.002,54.645199999999996,2.0,54.6472
2018-01-02 18:19:00,0.0,0.001,0.001,0.0,0.0,0.0,0.0,0.0,0.0,0,0.002,54.1476,2.0,54.1496
2018-01-02 18:20:00,0.0,0.001,0.001,0.0,0.0,0.0,0.0,0.0,0.0,0,0.002,53.65,2.0,53.652
2018-01-02 18:21:00,0.0,0.001,0.001,0.0,0.0,0.0,0.0,0.0,0.0,0,0.002,53.536899999999996,2.0,53.5389
2018-01-02 18:22:00,0.0,0.001,0.001,0.0,0.0,0.0,0.0,0.0,0.0,0,0.002,53.4238,2.0,53.4258
2018-01-02 18:23:00,0.0,0.001,0.001,0.0,0.0,0.0,0.0,0.0,0.0,0,0.002,53.3107,2.0,53.3127
2018-01-02 18:24:00,0.0,0.001,0.001,0.0,0.0,0.0,0.0,0.0,0.0,0,0.002,53.1976,2.0,53.199600000000004
2018-01-02 18:25:00,0.0,0.001,0.001,0.0,0.0,0.0,0.0,0.0,0.0,0,0.002,53.0845,2.0,53.0865
2018-01-02 18:26:00,0.0,0.001,0.001,0.0,0.0,0.0,0.0,0.0,0.0,0,0.002,52.971399999999996,2.0,52.9734
2018-01-02 18:27:00,0.0,0.001,0.001,0.0,0.0,0.0,0.0,0.0,0.0,0,0.002,52.8583,2.0,52.8603
2018-01-02 18:28:00,0.0,0.001,0.001,0.0,0.0,0.0,0.0,0.0,0.0,0,0.002,52.7452,2.0,52.7472
2018-01-02 18:29:00,0.0,0.001,0.001,0.0,0.0,0.0,0.0,0.0,0.0,0,0.002,52.6321,2.0,52.634100000000004
2018-01-02 18:30:00,0.0,0.001,0.001,0.0,0.0,0.0,0.0,0.0,0.0,0,0.002,52.519,2.0,52.521
2018-01-02 18:31:00,0.0,0.001,0.001,0.0,0.0,0.0,0.0,0.0,0.0,0,0.002,52.3538,2.0,52.3558
2018-01-02 18:32:00,0.0,0.001,0.001,0.0,0.0,0.0,0.0,0.0,0.0,0,0.002,52.1886,2.0,52.1906
2018-01-02 18:33:00,0.0,0.001,0.001,0.0,0.0,0.0,0.0,0.0,0.0,0,0.002,52.023399999999995,2.0,52.0254
2018-01-02 18:34:00,0.0,0.001,0.001,0.0,0.0,0.0,0.0,0.0,0.0,0,0.002,51.8582,2.0,51.8602
2018-01-02 18:35:00,0.0,0.001,0.001,0.0,0.0,0.0,0.0,0.0,0.0,0,0.002,51.693,2.0,51.695
2018-01-02 18:36:00,0.0,0.001,0.001,0.0,0.0,0.0,0.0,0.0,0.0,0,0.002,51.5278,2.0,51.5298
2018-01-02 18:37:00,0.0,0.001,0.001,0.0,0.0,0.0,0.0,0.0,0.0,0,0.002,51.3626,2.0,51.3646
2018-01-02 18:38:00,0.0,0.0,0.001,0.0,0.0,0.0,0.0,0.0,0.0,0,0.001,51.197399999999995,1.0,51.19839999999999
2018-01-02 18:39:00,0.0,0.0,0.001,0.0,0.0,0.0,0.0,0.0,0.0,0,0.001,51.032199999999996,1.0,51.033199999999994
2018-01-02 18:40:00,0.0,0.0,0.001,0.0,0.0,0.0,0.0,0.0,0.0,0,0.001,50.867,1.0,50.867999999999995
2018-01-02 18:41:00,0.0,0.0,0.001,0.0,0.0,0.0,0.0,0.0,0.0,0,0.001,51.0424,1.0,51.0434
2018-01-02 18:42:00,0.0,0.0,0.001,0.0,0.0,0.0,0.0,0.0,0.0,0,0.001,51.2178,1.0,51.218799999999995
2018-01-02 18:43:00,0.0,0.0,0.001,0.0,0.0,0.0,0.0,0.0,0.0,0,0.001,51.3932,1.0,51.3942
2018-01-02 18:44:00,0.0,0.0,0.0,0.0,0.0,0.0,0.0,0.0,0.0,0,0.0,51.568599999999996,0.0,51.568599999999996
2018-01-02 18:45:00,0.0,0.0,0.0,0.0,0.0,0.0,0.0,0.0,0.0,0,0.0,51.744,0.0,51.744
2018-01-02 18:46:00,0.0,0.0,0.0,0.0,0.0,0.0,0.0,0.0,0.0,0,0.0,51.9194,0.0,51.9194
2018-01-02 18:47:00,0.0,0.0,0.0,0.0,0.0,0.0,0.0,0.0,0.0,0,0.0,52.0948,0.0,52.0948
2018-01-02 18:48:00,0.0,0.0,0.0,0.0,0.0,0.0,0.0,0.0,0.0,0,0.0,52.2702,0.0,52.2702
2018-01-02 18:49:00,0.0,0.0,0.0,0.0,0.0,0.0,0.0,0.0,0.0,0,0.0,52.4456,0.0,52.4456
2018-01-02 18:50:00,0.0,0.0,0.0,0.0,0.0,0.0,0.0,0.0,0.0,0,0.0,52.621,0.0,52.621
2018-01-02 18:51:00,0.0,0.0,0.0,0.0,0.0,0.0,0.0,0.0,0.0,0,0.0,52.4292,0.0,52.4292
2018-01-02 18:52:00,0.0,0.0,0.0,0.0,0.0,0.0,0.0,0.0,0.0,0,0.0,52.2374,0.0,52.2374
2018-01-02 18:53:00,0.0,0.0,0.0,0.0,0.0,0.0,0.0,0.0,0.0,0,0.0,52.0456,0.0,52.0456
2018-01-02 18:54:00,0.0,0.0,0.0,0.0,0.0,0.0,0.0,0.0,0.0,0,0.0,51.8538,0.0,51.8538
2018-01-02 18:55:00,0.0,0.0,0.0,0.0,0.0,0.0,0.0,0.0,0.0,0,0.0,51.662000000000006,0.0,51.662000000000006
2018-01-02 18:56:00,0.0,0.0,0.0,0.0,0.0,0.0,0.0,0.0,0.0,0,0.0,51.470200000000006,0.0,51.470200000000006
2018-01-02 18:57:00,0.0,0.0,0.0,0.0,0.0,0.0,0.0,0.0,0.0,0,0.0,51.278400000000005,0.0,51.278400000000005
2018-01-02 18:58:00,0.0,0.0,0.0,0.0,0.0,0.0,0.0,0.0,0.0,0,0.0,51.086600000000004,0.0,51.086600000000004
2018-01-02 18:59:00,0.0,0.0,0.0,0.0,0.0,0.0,0.0,0.0,0.0,0,0.0,50.894800000000004,0.0,50.894800000000004
2018-01-02 19:00:00,0.0,0.0,0.0,0.0,0.0,0.0,0.0,0.0,0.0,0,0.0,50.703,0.0,50.703
2018-01-02 19:01:00,0.0,0.0,0.0,0.0,0.0,0.0,0.0,0.0,0.0,0,0.0,50.5141,0.0,50.5141
2018-01-02 19:02:00,0.0,0.0,0.0,0.0,0.0,0.0,0.0,0.0,0.0,0,0.0,50.3252,0.0,50.3252
2018-01-02 19:03:00,0.0,0.0,0.0,0.0,0.0,0.0,0.0,0.0,0.0,0,0.0,50.136300000000006,0.0,50.136300000000006
2018-01-02 19:04:00,0.0,0.0,0.0,0.0,0.0,0.0,0.0,0.0,0.0,0,0.0,49.9474,0.0,49.9474
2018-01-02 19:05:00,0.0,0.0,0.0,0.0,0.0,0.0,0.0,0.0,0.0,0,0.0,49.7585,0.0,49.7585
2018-01-02 19:06:00,0.0,0.0,0.0,0.0,0.0,0.0,0.0,0.0,0.0,0,0.0,49.5696,0.0,49.5696
2018-01-02 19:07:00,0.0,0.0,0.0,0.0,0.0,0.0,0.0,0.0,0.0,0,0.0,49.380700000000004,0.0,49.380700000000004
2018-01-02 19:08:00,0.0,0.0,0.0,0.0,0.0,0.0,0.0,0.0,0.0,0,0.0,49.1918,0.0,49.1918
2018-01-02 19:09:00,0.0,0.0,0.0,0.0,0.0,0.0,0.0,0.0,0.0,0,0.0,49.0029,0.0,49.0029
2018-01-02 19:10:00,0.0,0.0,0.0,0.0,0.0,0.0,0.0,0.0,0.0,0,0.0,48.814,0.0,48.814
2018-01-02 19:11:00,0.0,0.0,0.0,0.0,0.0,0.0,0.0,0.0,0.0,0,0.0,48.9485,0.0,48.9485
2018-01-02 19:12:00,0.0,0.0,0.0,0.0,0.0,0.0,0.0,0.0,0.0,0,0.0,49.083,0.0,49.083
2018-01-02 19:13:00,0.0,0.0,0.0,0.0,0.0,0.0,0.0,0.0,0.0,0,0.0,49.2175,0.0,49.2175
2018-01-02 19:14:00,0.0,0.0,0.0,0.0,0.0,0.0,0.0,0.0,0.0,0,0.0,49.352,0.0,49.352
2018-01-02 19:15:00,0.0,0.0,0.0,0.0,0.0,0.0,0.0,0.0,0.0,0,0.0,49.4865,0.0,49.4865
2018-01-02 19:16:00,0.0,0.0,0.0,0.0,0.0,0.0,0.0,0.0,0.0,0,0.0,49.621,0.0,49.621
2018-01-02 19:17:00,0.0,0.0,0.0,0.0,0.0,0.0,0.0,0.0,0.0,0,0.0,49.7555,0.0,49.7555
2018-01-02 19:18:00,0.0,0.0,0.0,0.0,0.0,0.0,0.0,0.0,0.0,0,0.0,49.89,0.0,49.89
2018-01-02 19:19:00,0.0,0.0,0.0,0.0,0.0,0.0,0.0,0.0,0.0,0,0.0,50.024499999999996,0.0,50.024499999999996
2018-01-02 19:20:00,0.0,0.0,0.0,0.0,0.0,0.0,0.0,0.0,0.0,0,0.0,50.159,0.0,50.159
2018-01-02 19:21:00,0.0,0.0,0.0,0.0,0.0,0.0,0.0,0.0,0.0,0,0.0,49.7315,0.0,49.7315
2018-01-02 19:22:00,0.0,0.0,0.0,0.0,0.0,0.0,0.0,0.0,0.0,0,0.0,49.304,0.0,49.304
2018-01-02 19:23:00,0.0,0.0,0.0,0.0,0.0,0.0,0.0,0.0,0.0,0,0.0,48.8765,0.0,48.8765
2018-01-02 19:24:00,0.0,0.0,0.0,0.0,0.0,0.0,0.0,0.0,0.0,0,0.0,48.449,0.0,48.449
2018-01-02 19:25:00,0.0,0.0,0.0,0.0,0.0,0.0,0.0,0.0,0.0,0,0.0,48.0215,0.0,48.0215
2018-01-02 19:26:00,0.0,0.0,0.0,0.0,0.0,0.0,0.0,0.0,0.0,0,0.0,47.594,0.0,47.594
2018-01-02 19:27:00,0.0,0.0,0.0,0.0,0.0,0.0,0.0,0.0,0.0,0,0.0,47.1665,0.0,47.1665
2018-01-02 19:28:00,0.0,0.0,0.0,0.0,0.0,0.0,0.0,0.0,0.0,0,0.0,46.739,0.0,46.739
2018-01-02 19:29:00,0.0,0.0,0.0,0.0,0.0,0.0,0.0,0.0,0.0,0,0.0,46.3115,0.0,46.3115
2018-01-02 19:30:00,0.0,0.0,0.0,0.0,0.0,0.0,0.0,0.0,0.0,0,0.0,45.884,0.0,45.884
2018-01-02 19:31:00,0.0,0.0,0.0,0.0,0.0,0.0,0.0,0.0,0.0,0,0.0,45.4574,0.0,45.4574
2018-01-02 19:32:00,0.0,0.0,0.0,0.0,0.0,0.0,0.0,0.0,0.0,0,0.0,45.0308,0.0,45.0308
2018-01-02 19:33:00,0.0,0.0,0.0,0.0,0.0,0.0,0.0,0.0,0.0,0,0.0,44.6042,0.0,44.6042
2018-01-02 19:34:00,0.0,0.0,0.0,0.0,0.0,0.0,0.0,0.0,0.0,0,0.0,44.1776,0.0,44.1776
2018-01-02 19:35:00,0.0,0.0,0.0,0.0,0.0,0.0,0.0,0.0,0.0,0,0.0,43.751000000000005,0.0,43.751000000000005
2018-01-02 19:36:00,0.0,0.0,0.0,0.0,0.0,0.0,0.0,0.0,0.0,0,0.0,43.324400000000004,0.0,43.324400000000004
2018-01-02 19:37:00,0.0,0.0,0.0,0.0,0.0,0.0,0.0,0.0,0.0,0,0.0,42.897800000000004,0.0,42.897800000000004
2018-01-02 19:38:00,0.0,0.0,0.0,0.0,0.0,0.0,0.0,0.0,0.0,0,0.0,42.4712,0.0,42.4712
2018-01-02 19:39:00,0.0,0.0,0.0,0.0,0.0,0.0,0.0,0.0,0.0,0,0.0,42.0446,0.0,42.0446
2018-01-02 19:40:00,0.0,0.0,0.0,0.0,0.0,0.0,0.0,0.0,0.0,0,0.0,41.618,0.0,41.618
2018-01-02 19:41:00,0.0,0.0,0.0,0.0,0.0,0.0,0.0,0.0,0.0,0,0.0,41.6208,0.0,41.6208
2018-01-02 19:42:00,0.0,0.0,0.0,0.0,0.0,0.0,0.0,0.0,0.0,0,0.0,41.6236,0.0,41.6236
2018-01-02 19:43:00,0.001,0.0,0.0,0.0,0.0,0.0,0.0,0.0,0.0,0,0.001,41.626400000000004,1.0,41.6274
2018-01-02 19:44:00,0.001,0.001,0.0,0.0,0.0,0.0,0.0,0.0,0.0,0,0.002,41.629200000000004,2.0,41.63120000000001
2018-01-02 19:45:00,0.001,0.001,0.0,0.0,0.0,0.0,0.0,0.0,0.0,0,0.002,41.632000000000005,2.0,41.63400000000001
2018-01-02 19:46:00,0.001,0.001,0.0,0.0,0.0,0.0,0.0,0.0,0.0,0,0.002,41.6348,2.0,41.6368
2018-01-02 19:47:00,0.001,0.001,0.001,0.0,0.0,0.0,0.0,0.0,0.0,0,0.003,41.6376,3.0,41.6406
2018-01-02 19:48:00,0.001,0.001,0.001,0.0,0.0,0.0,0.0,0.0,0.0,0,0.003,41.6404,3.0,41.6434
2018-01-02 19:49:00,0.001,0.001,0.001,0.0,0.0,0.0,0.0,0.0,0.0,0,0.003,41.6432,3.0,41.6462
2018-01-02 19:50:00,0.001,0.001,0.001,0.0,0.0,0.0,0.0,0.0,0.0,0,0.003,41.646,3.0,41.649
2018-01-02 19:51:00,0.001,0.001,0.001,0.0,0.0,0.0,0.0,0.0,0.0,0,0.003,40.9347,3.0,40.9377
2018-01-02 19:52:00,0.001,0.001,0.001,0.0,0.0,0.0,0.0,0.0,0.0,0,0.003,40.2234,3.0,40.2264
2018-01-02 19:53:00,0.001,0.001,0.001,0.0,0.0,0.0,0.0,0.0,0.0,0,0.003,39.512100000000004,3.0,39.515100000000004
2018-01-02 19:54:00,0.001,0.001,0.001,0.0,0.0,0.0,0.0,0.0,0.0,0,0.003,38.8008,3.0,38.8038
2018-01-02 19:55:00,0.001,0.001,0.001,0.0,0.0,0.0,0.0,0.0,0.0,0,0.003,38.0895,3.0,38.0925
2018-01-02 19:56:00,0.001,0.001,0.001,0.0,0.0,0.0,0.0,0.0,0.0,0,0.003,37.3782,3.0,37.3812
2018-01-02 19:57:00,0.001,0.001,0.001,0.0,0.0,0.0,0.0,0.0,0.0,0,0.003,36.6669,3.0,36.6699
2018-01-02 19:58:00,0.001,0.001,0.001,0.0,0.0,0.0,0.0,0.0,0.0,0,0.003,35.955600000000004,3.0,35.958600000000004
2018-01-02 19:59:00,0.001,0.001,0.001,0.0,0.0,0.0,0.0,0.0,0.0,0,0.003,35.2443,3.0,35.2473
2018-01-02 20:00:00,50.0,50.0,50.0,0.0,0.0,0.0,0.0,0.0,0.0,0,150.0,34.533,3.0,184.53300000000002
2018-01-02 20:01:00,50.0,50.0,50.0,0.0,0.0,0.0,0.0,0.0,0.0,0,150.0,33.8433,3.0,183.8433
2018-01-02 20:02:00,50.0,50.0,50.0,0.0,0.0,0.0,0.0,0.0,0.0,0,150.0,33.1536,3.0,183.15359999999998
2018-01-02 20:03:00,50.0,50.0,50.0,0.0,0.0,0.0,0.0,0.0,0.0,0,150.0,32.4639,3.0,182.4639
2018-01-02 20:04:00,50.0,50.0,50.0,0.0,0.0,0.0,0.0,0.0,0.0,0,150.0,31.7742,3.0,181.7742
2018-01-02 20:05:00,50.0,50.0,50.0,0.0,0.0,0.0,0.0,0.0,0.0,0,150.0,31.0845,3.0,181.0845
2018-01-02 20:06:00,50.0,50.0,50.0,0.0,0.0,0.0,0.0,0.0,0.0,0,150.0,30.3948,3.0,180.3948
2018-01-02 20:07:00,50.0,50.0,50.0,0.0,0.0,0.0,0.0,0.0,0.0,0,150.0,29.7051,3.0,179.70510000000002
2018-01-02 20:08:00,50.0,50.0,50.0,0.0,0.0,0.0,0.0,0.0,0.0,0,150.0,29.0154,3.0,179.0154
2018-01-02 20:09:00,50.0,50.0,50.0,0.0,0.0,0.0,0.0,0.0,0.0,0,150.0,28.325699999999998,3.0,178.32569999999998
2018-01-02 20:10:00,50.0,50.0,50.0,0.0,0.0,0.0,0.0,0.0,0.0,0,150.0,27.636,3.0,177.636
2018-01-02 20:11:00,50.0,50.0,50.0,0.0,0.0,0.0,0.0,0.0,0.0,0,150.0,27.8991,3.0,177.8991
2018-01-02 20:12:00,50.0,50.0,50.0,0.0,0.0,0.0,0.0,0.0,0.0,0,150.0,28.1622,3.0,178.16219999999998
2018-01-02 20:13:00,50.0,50.0,50.0,0.0,0.0,0.0,0.0,0.0,0.0,0,150.0,28.4253,3.0,178.4253
2018-01-02 20:14:00,50.0,50.0,50.0,0.0,0.0,0.0,0.0,0.0,0.0,0,150.0,28.688399999999998,3.0,178.6884
2018-01-02 20:15:00,50.0,50.0,50.0,0.0,0.0,0.0,0.0,0.0,0.0,0,150.0,28.9515,3.0,178.9515
2018-01-02 20:16:00,50.0,50.0,50.0,0.0,0.0,0.0,0.0,0.0,0.0,0,150.0,29.2146,3.0,179.2146
2018-01-02 20:17:00,50.0,50.0,50.0,0.0,0.0,0.0,0.0,0.0,0.0,0,150.0,29.4777,3.0,179.4777
2018-01-02 20:18:00,50.0,50.0,50.0,0.0,0.0,0.0,0.0,0.0,0.0,0,150.0,29.7408,3.0,179.7408
2018-01-02 20:19:00,50.0,50.0,50.0,0.0,0.0,0.0,0.0,0.0,0.0,0,150.0,30.003899999999998,3.0,180.0039
2018-01-02 20:20:00,50.0,50.0,50.0,0.0,0.0,0.0,0.0,0.0,0.0,0,150.0,30.267,3.0,180.267
2018-01-02 20:21:00,50.0,50.0,50.0,0.0,0.0,0.0,0.0,0.0,0.0,0,150.0,30.08,3.0,180.07999999999998
2018-01-02 20:22:00,50.0,50.0,50.0,0.0,0.0,0.0,0.0,0.0,0.0,0,150.0,29.893,3.0,179.893
2018-01-02 20:23:00,50.0,50.0,50.0,0.0,0.0,0.0,0.0,0.0,0.0,0,150.0,29.706,3.0,179.706
2018-01-02 20:24:00,0.0,50.0,50.0,0.0,0.0,0.0,0.0,0.0,0.0,0,100.0,29.519,2.0,129.519
2018-01-02 20:25:00,0.0,0.0,50.0,0.0,0.0,0.0,0.0,0.0,0.0,0,50.0,29.332,1.0,79.332
2018-01-02 20:26:00,0.0,0.0,0.0,0.0,0.0,0.0,0.0,0.0,0.0,0,0.0,29.145,0.0,29.145
2018-01-02 20:27:00,0.0,0.0,0.0,0.0,0.0,0.0,0.0,0.0,0.0,0,0.0,28.958,0.0,28.958
2018-01-02 20:28:00,0.0,0.0,0.0,0.0,0.0,0.0,0.0,0.0,0.0,0,0.0,28.770999999999997,0.0,28.770999999999997
2018-01-02 20:29:00,0.0,0.0,0.0,0.0,0.0,0.0,0.0,0.0,0.0,0,0.0,28.584,0.0,28.584
2018-01-02 20:30:00,0.0,0.0,0.0,0.0,0.0,0.0,0.0,0.0,0.0,0,0.0,28.397,0.0,28.397
2018-01-02 20:31:00,0.0,0.0,0.0,0.0,0.0,0.0,0.0,0.0,0.0,0,0.0,28.1331,0.0,28.1331
2018-01-02 20:32:00,0.0,0.0,0.0,0.0,0.0,0.0,0.0,0.0,0.0,0,0.0,27.8692,0.0,27.8692
2018-01-02 20:33:00,0.0,0.0,0.0,0.0,0.0,0.0,0.0,0.0,0.0,0,0.0,27.6053,0.0,27.6053
2018-01-02 20:34:00,0.0,0.0,0.0,0.0,0.0,0.0,0.0,0.0,0.0,0,0.0,27.3414,0.0,27.3414
2018-01-02 20:35:00,50.0,0.0,0.0,0.0,0.0,0.0,0.0,0.0,0.0,0,50.0,27.0775,1.0,77.0775
2018-01-02 20:36:00,50.0,0.0,0.0,0.0,0.0,0.0,0.0,0.0,0.0,0,50.0,26.813599999999997,1.0,76.8136
2018-01-02 20:37:00,50.0,0.0,0.0,0.0,0.0,0.0,0.0,0.0,0.0,0,50.0,26.549699999999998,1.0,76.5497
2018-01-02 20:38:00,50.0,0.0,0.0,0.0,0.0,0.0,0.0,0.0,0.0,0,50.0,26.2858,1.0,76.2858
2018-01-02 20:39:00,50.0,0.0,0.0,0.0,0.0,0.0,0.0,0.0,0.0,0,50.0,26.0219,1.0,76.0219
2018-01-02 20:40:00,50.0,0.0,0.0,0.0,0.0,0.0,0.0,0.0,0.0,0,50.0,25.758,1.0,75.758
2018-01-02 20:41:00,50.0,0.0,0.0,0.0,0.0,0.0,0.0,0.0,0.0,0,50.0,25.7455,1.0,75.74549999999999
2018-01-02 20:42:00,50.0,0.0,0.0,0.0,0.0,0.0,0.0,0.0,0.0,0,50.0,25.733,1.0,75.733
2018-01-02 20:43:00,50.0,0.0,0.0,0.0,0.0,0.0,0.0,0.0,0.0,0,50.0,25.720499999999998,1.0,75.7205
2018-01-02 20:44:00,50.0,0.0,0.0,0.0,0.0,0.0,0.0,0.0,0.0,0,50.0,25.708,1.0,75.708
2018-01-02 20:45:00,50.0,0.0,0.0,0.0,0.0,0.0,0.0,0.0,0.0,0,50.0,25.6955,1.0,75.6955
2018-01-02 20:46:00,50.0,0.0,0.0,0.0,0.0,0.0,0.0,0.0,0.0,0,50.0,25.683,1.0,75.68299999999999
2018-01-02 20:47:00,50.0,0.0,0.0,0.0,0.0,0.0,0.0,0.0,0.0,0,50.0,25.6705,1.0,75.6705
2018-01-02 20:48:00,50.0,0.0,0.0,0.0,0.0,0.0,0.0,0.0,0.0,0,50.0,25.657999999999998,1.0,75.658
2018-01-02 20:49:00,50.0,0.0,0.0,0.0,0.0,0.0,0.0,0.0,0.0,0,50.0,25.6455,1.0,75.6455
2018-01-02 20:50:00,50.0,0.0,0.0,0.0,0.0,0.0,0.0,0.0,0.0,0,50.0,25.633,1.0,75.633
2018-01-02 20:51:00,50.0,0.0,0.0,0.0,0.0,0.0,0.0,0.0,0.0,0,50.0,25.2804,1.0,75.2804
2018-01-02 20:52:00,50.0,0.0,0.0,0.0,0.0,0.0,0.0,0.0,0.0,0,50.0,24.927799999999998,1.0,74.92779999999999
2018-01-02 20:53:00,50.0,0.0,0.0,0.0,0.0,0.0,0.0,0.0,0.0,0,50.0,24.5752,1.0,74.5752
2018-01-02 20:54:00,50.0,0.0,0.0,0.0,0.0,0.0,0.0,0.0,0.0,0,50.0,24.2226,1.0,74.2226
2018-01-02 20:55:00,50.0,0.0,0.0,0.0,0.0,0.0,0.0,0.0,0.0,0,50.0,23.869999999999997,1.0,73.87
2018-01-02 20:56:00,50.0,0.0,0.0,0.0,0.0,0.0,0.0,0.0,0.0,0,50.0,23.5174,1.0,73.5174
2018-01-02 20:57:00,50.0,0.0,0.0,0.0,0.0,0.0,0.0,0.0,0.0,0,50.0,23.1648,1.0,73.1648
2018-01-02 20:58:00,50.0,0.0,0.0,0.0,0.0,0.0,0.0,0.0,0.0,0,50.0,22.8122,1.0,72.8122
2018-01-02 20:59:00,50.0,0.0,0.0,0.0,0.0,0.0,0.0,0.0,0.0,0,50.0,22.4596,1.0,72.4596
2018-01-02 21:00:00,0.0,0.0,0.0,0.0,0.0,0.0,0.0,0.0,0.0,0,0.0,22.107,0.0,22.107
2018-01-02 21:01:00,0.0,0.0,0.0,0.0,0.0,0.0,0.0,0.0,0.0,0,0.0,22.235,0.0,22.235
2018-01-02 21:02:00,0.0,0.0,0.0,0.0,0.0,0.0,0.0,0.0,0.0,0,0.0,22.363,0.0,22.363
2018-01-02 21:03:00,0.0,0.0,0.0,0.0,0.0,0.0,0.0,0.0,0.0,0,0.0,22.491,0.0,22.491
2018-01-02 21:04:00,0.0,0.0,0.0,0.0,0.0,0.0,0.0,0.0,0.0,0,0.0,22.619,0.0,22.619
2018-01-02 21:05:00,0.0,0.0,0.0,0.0,0.0,0.0,0.0,0.0,0.0,0,0.0,22.747,0.0,22.747
2018-01-02 21:06:00,0.0,0.0,0.0,0.0,0.0,0.0,0.0,0.0,0.0,0,0.0,22.875,0.0,22.875
2018-01-02 21:07:00,0.0,0.0,0.0,0.0,0.0,0.0,0.0,0.0,0.0,0,0.0,23.003,0.0,23.003
2018-01-02 21:08:00,0.0,0.0,0.0,0.0,0.0,0.0,0.0,0.0,0.0,0,0.0,23.131,0.0,23.131
2018-01-02 21:09:00,0.0,0.0,0.0,0.0,0.0,0.0,0.0,0.0,0.0,0,0.0,23.259,0.0,23.259
2018-01-02 21:10:00,0.0,0.0,0.0,0.0,0.0,0.0,0.0,0.0,0.0,0,0.0,23.387,0.0,23.387
2018-01-02 21:11:00,0.0,0.0,0.0,0.0,0.0,0.0,0.0,0.0,0.0,0,0.0,23.355800000000002,0.0,23.355800000000002
2018-01-02 21:12:00,0.0,0.0,0.0,0.0,0.0,0.0,0.0,0.0,0.0,0,0.0,23.3246,0.0,23.3246
2018-01-02 21:13:00,0.0,0.0,0.0,0.0,0.0,0.0,0.0,0.0,0.0,0,0.0,23.2934,0.0,23.2934
2018-01-02 21:14:00,0.0,0.0,0.0,0.0,0.0,0.0,0.0,0.0,0.0,0,0.0,23.2622,0.0,23.2622
2018-01-02 21:15:00,0.0,0.0,0.0,0.0,0.0,0.0,0.0,0.0,0.0,0,0.0,23.231,0.0,23.231
2018-01-02 21:16:00,0.0,0.0,0.0,0.0,0.0,0.0,0.0,0.0,0.0,0,0.0,23.1998,0.0,23.1998
2018-01-02 21:17:00,0.0,0.0,0.0,0.0,0.0,0.0,0.0,0.0,0.0,0,0.0,23.168599999999998,0.0,23.168599999999998
2018-01-02 21:18:00,0.0,0.0,0.0,0.0,0.0,0.0,0.0,0.0,0.0,0,0.0,23.1374,0.0,23.1374
2018-01-02 21:19:00,0.0,0.0,0.0,0.0,0.0,0.0,0.0,0.0,0.0,0,0.0,23.1062,0.0,23.1062
2018-01-02 21:20:00,0.0,0.0,0.0,0.0,0.0,0.0,0.0,0.0,0.0,0,0.0,23.075,0.0,23.075
2018-01-02 21:21:00,0.0,0.0,0.0,0.0,0.0,0.0,0.0,0.0,0.0,0,0.0,23.0168,0.0,23.0168
2018-01-02 21:22:00,0.0,0.0,0.0,0.0,0.0,0.0,0.0,0.0,0.0,0,0.0,22.9586,0.0,22.9586
2018-01-02 21:23:00,0.0,0.0,0.0,0.0,0.0,0.0,0.0,0.0,0.0,0,0.0,22.900399999999998,0.0,22.900399999999998
2018-01-02 21:24:00,0.0,0.0,0.0,0.0,0.0,0.0,0.0,0.0,0.0,0,0.0,22.8422,0.0,22.8422
2018-01-02 21:25:00,0.0,0.0,0.0,0.0,0.0,0.0,0.0,0.0,0.0,0,0.0,22.784,0.0,22.784
2018-01-02 21:26:00,0.0,0.0,0.0,0.0,0.0,0.0,0.0,0.0,0.0,0,0.0,22.7258,0.0,22.7258
2018-01-02 21:27:00,0.0,0.0,0.0,0.0,0.0,0.0,0.0,0.0,0.0,0,0.0,22.6676,0.0,22.6676
2018-01-02 21:28:00,0.0,0.0,0.0,0.0,0.0,0.0,0.0,0.0,0.0,0,0.0,22.609399999999997,0.0,22.609399999999997
2018-01-02 21:29:00,0.0,0.0,0.0,0.0,0.0,0.0,0.0,0.0,0.0,0,0.0,22.551199999999998,0.0,22.551199999999998
2018-01-02 21:30:00,0.0,0.0,0.0,0.0,0.0,0.0,0.0,0.0,0.0,0,0.0,22.493,0.0,22.493
2018-01-02 21:31:00,0.0,0.0,0.0,0.0,0.0,0.0,0.0,0.0,0.0,0,0.0,22.603499999999997,0.0,22.603499999999997
2018-01-02 21:32:00,0.0,0.0,0.0,0.0,0.0,0.0,0.0,0.0,0.0,0,0.0,22.714,0.0,22.714
2018-01-02 21:33:00,0.0,0.0,0.0,0.0,0.0,0.0,0.0,0.0,0.0,0,0.0,22.8245,0.0,22.8245
2018-01-02 21:34:00,0.0,0.0,0.0,0.0,0.0,0.0,0.0,0.0,0.0,0,0.0,22.935,0.0,22.935
2018-01-02 21:35:00,0.0,0.0,0.0,0.0,0.0,0.0,0.0,0.0,0.0,0,0.0,23.045499999999997,0.0,23.045499999999997
2018-01-02 21:36:00,0.0,0.0,0.0,0.0,0.0,0.0,0.0,0.0,0.0,0,0.0,23.156,0.0,23.156
2018-01-02 21:37:00,0.0,0.0,0.0,0.0,0.0,0.0,0.0,0.0,0.0,0,0.0,23.2665,0.0,23.2665
2018-01-02 21:38:00,0.0,0.0,0.0,0.0,0.0,0.0,0.0,0.0,0.0,0,0.0,23.377,0.0,23.377
2018-01-02 21:39:00,0.0,0.0,0.0,0.0,0.0,0.0,0.0,0.0,0.0,0,0.0,23.487499999999997,0.0,23.487499999999997
2018-01-02 21:40:00,0.0,0.0,0.0,0.0,0.0,0.0,0.0,0.0,0.0,0,0.0,23.598,0.0,23.598
2018-01-02 21:41:00,0.0,0.0,0.0,0.0,0.0,0.0,0.0,0.0,0.0,0,0.0,23.5675,0.0,23.5675
2018-01-02 21:42:00,0.0,0.0,0.0,0.0,0.0,0.0,0.0,0.0,0.0,0,0.0,23.537,0.0,23.537
2018-01-02 21:43:00,0.0,0.0,0.0,0.0,0.0,0.0,0.0,0.0,0.0,0,0.0,23.5065,0.0,23.5065
2018-01-02 21:44:00,0.0,0.0,0.0,0.0,0.0,0.0,0.0,0.0,0.0,0,0.0,23.476,0.0,23.476
2018-01-02 21:45:00,0.0,0.0,0.0,0.0,0.0,0.0,0.0,0.0,0.0,0,0.0,23.4455,0.0,23.4455
2018-01-02 21:46:00,0.0,0.0,0.0,0.0,0.0,0.0,0.0,0.0,0.0,0,0.0,23.415,0.0,23.415
2018-01-02 21:47:00,0.0,0.0,0.0,0.0,0.0,0.0,0.0,0.0,0.0,0,0.0,23.3845,0.0,23.3845
2018-01-02 21:48:00,0.0,0.0,0.0,0.0,0.0,0.0,0.0,0.0,0.0,0,0.0,23.354,0.0,23.354
2018-01-02 21:49:00,0.0,0.0,0.0,0.0,0.0,0.0,0.0,0.0,0.0,0,0.0,23.3235,0.0,23.3235
2018-01-02 21:50:00,0.0,0.0,0.0,0.0,0.0,0.0,0.0,0.0,0.0,0,0.0,23.293,0.0,23.293
2018-01-02 21:51:00,0.0,0.0,0.0,0.0,0.0,0.0,0.0,0.0,0.0,0,0.0,23.3416,0.0,23.3416
2018-01-02 21:52:00,0.0,0.0,0.0,0.0,0.0,0.0,0.0,0.0,0.0,0,0.0,23.3902,0.0,23.3902
2018-01-02 21:53:00,0.0,0.0,0.0,0.0,0.0,0.0,0.0,0.0,0.0,0,0.0,23.4388,0.0,23.4388
2018-01-02 21:54:00,0.0,0.0,0.0,0.0,0.0,0.0,0.0,0.0,0.0,0,0.0,23.4874,0.0,23.4874
2018-01-02 21:55:00,0.0,0.0,0.0,0.0,0.0,0.0,0.0,0.0,0.0,0,0.0,23.536,0.0,23.536
2018-01-02 21:56:00,0.0,0.0,0.0,0.0,0.0,0.0,0.0,0.0,0.0,0,0.0,23.5846,0.0,23.5846
2018-01-02 21:57:00,0.0,0.0,0.0,0.0,0.0,0.0,0.0,0.0,0.0,0,0.0,23.6332,0.0,23.6332
2018-01-02 21:58:00,0.0,0.0,0.0,0.0,0.0,0.0,0.0,0.0,0.0,0,0.0,23.6818,0.0,23.6818
2018-01-02 21:59:00,0.0,0.0,0.0,0.0,0.0,0.0,0.0,0.0,0.0,0,0.0,23.7304,0.0,23.7304
2018-01-02 22:00:00,0.0,0.0,0.0,0.0,0.0,0.0,0.0,0.0,0.0,0,0.0,23.779,0.0,23.779
2018-01-02 22:01:00,0.0,0.0,0.0,0.0,0.0,0.0,0.0,0.0,0.0,0,0.0,23.772199999999998,0.0,23.772199999999998
2018-01-02 22:02:00,0.0,0.0,0.0,0.0,0.0,0.0,0.0,0.0,0.0,0,0.0,23.7654,0.0,23.7654
2018-01-02 22:03:00,0.0,0.0,0.0,0.0,0.0,0.0,0.0,0.0,0.0,0,0.0,23.7586,0.0,23.7586
2018-01-02 22:04:00,0.0,0.0,0.0,0.0,0.0,0.0,0.0,0.0,0.0,0,0.0,23.7518,0.0,23.7518
2018-01-02 22:05:00,0.0,0.0,0.0,0.0,0.0,0.0,0.0,0.0,0.0,0,0.0,23.744999999999997,0.0,23.744999999999997
2018-01-02 22:06:00,0.0,0.0,0.0,0.0,0.0,0.0,0.0,0.0,0.0,0,0.0,23.7382,0.0,23.7382
2018-01-02 22:07:00,0.0,0.0,0.0,0.0,0.0,0.0,0.0,0.0,0.0,0,0.0,23.7314,0.0,23.7314
2018-01-02 22:08:00,0.0,0.0,0.0,0.0,0.0,0.0,0.0,0.0,0.0,0,0.0,23.7246,0.0,23.7246
2018-01-02 22:09:00,0.0,0.0,0.0,0.0,0.0,0.0,0.0,0.0,0.0,0,0.0,23.717799999999997,0.0,23.717799999999997
2018-01-02 22:10:00,0.0,0.0,0.0,0.0,0.0,0.0,0.0,0.0,0.0,0,0.0,23.711,0.0,23.711
2018-01-02 22:11:00,0.0,0.0,0.0,0.0,0.0,0.0,0.0,0.0,0.0,0,0.0,23.7549,0.0,23.7549
2018-01-02 22:12:00,0.0,0.0,0.0,0.0,0.0,0.0,0.0,0.0,0.0,0,0.0,23.7988,0.0,23.7988
2018-01-02 22:13:00,0.0,0.0,0.0,0.0,0.0,0.0,0.0,0.0,0.0,0,0.0,23.842699999999997,0.0,23.842699999999997
2018-01-02 22:14:00,0.0,0.0,0.0,0.0,0.0,0.0,0.0,0.0,0.0,0,0.0,23.886599999999998,0.0,23.886599999999998
2018-01-02 22:15:00,0.0,0.0,0.0,0.0,0.0,0.0,0.0,0.0,0.0,0,0.0,23.9305,0.0,23.9305
2018-01-02 22:16:00,0.0,0.0,0.0,0.0,0.0,0.0,0.0,0.0,0.0,0,0.0,23.9744,0.0,23.9744
2018-01-02 22:17:00,0.0,0.0,0.0,0.0,0.0,0.0,0.0,0.0,0.0,0,0.0,24.0183,0.0,24.0183
2018-01-02 22:18:00,0.0,0.0,0.0,0.0,0.0,0.0,0.0,0.0,0.0,0,0.0,24.062199999999997,0.0,24.062199999999997
2018-01-02 22:19:00,0.0,0.0,0.0,0.0,0.0,0.0,0.0,0.0,0.0,0,0.0,24.106099999999998,0.0,24.106099999999998
2018-01-02 22:20:00,0.0,0.0,0.0,0.0,0.0,0.0,0.0,0.0,0.0,0,0.0,24.15,0.0,24.15
2018-01-02 22:21:00,0.0,0.0,0.0,0.0,0.0,0.0,0.0,0.0,0.0,0,0.0,24.1558,0.0,24.1558
2018-01-02 22:22:00,0.0,0.0,0.0,0.0,0.0,0.0,0.0,0.0,0.0,0,0.0,24.1616,0.0,24.1616
2018-01-02 22:23:00,0.0,0.0,0.0,0.0,0.0,0.0,0.0,0.0,0.0,0,0.0,24.167399999999997,0.0,24.167399999999997
2018-01-02 22:24:00,0.0,0.0,0.0,0.0,0.0,0.0,0.0,0.0,0.0,0,0.0,24.173199999999998,0.0,24.173199999999998
2018-01-02 22:25:00,0.0,0.0,0.0,0.0,0.0,0.0,0.0,0.0,0.0,0,0.0,24.179,0.0,24.179
2018-01-02 22:26:00,0.0,0.0,0.0,0.0,0.0,0.0,0.0,0.0,0.0,0,0.0,24.1848,0.0,24.1848
2018-01-02 22:27:00,0.0,0.0,0.0,0.0,0.0,0.0,0.0,0.0,0.0,0,0.0,24.1906,0.0,24.1906
2018-01-02 22:28:00,0.0,0.0,0.0,0.0,0.0,0.0,0.0,0.0,0.0,0,0.0,24.196399999999997,0.0,24.196399999999997
2018-01-02 22:29:00,0.0,0.0,0.0,0.0,0.0,0.0,0.0,0.0,0.0,0,0.0,24.202199999999998,0.0,24.202199999999998
2018-01-02 22:30:00,0.0,0.0,0.0,0.0,0.0,0.0,0.0,0.0,0.0,0,0.0,24.208,0.0,24.208
2018-01-02 22:31:00,0.0,0.0,0.0,0.0,0.0,0.0,0.0,0.0,0.0,0,0.0,23.9909,0.0,23.9909
2018-01-02 22:32:00,0.0,0.0,0.0,0.0,0.0,0.0,0.0,0.0,0.0,0,0.0,23.773799999999998,0.0,23.773799999999998
2018-01-02 22:33:00,0.0,0.0,0.0,0.0,0.0,0.0,0.0,0.0,0.0,0,0.0,23.5567,0.0,23.5567
2018-01-02 22:34:00,0.0,0.0,0.0,0.0,0.0,0.0,0.0,0.0,0.0,0,0.0,23.339599999999997,0.0,23.339599999999997
2018-01-02 22:35:00,0.0,0.0,0.0,0.0,0.0,0.0,0.0,0.0,0.0,0,0.0,23.1225,0.0,23.1225
2018-01-02 22:36:00,0.0,0.0,0.0,0.0,0.0,0.0,0.0,0.0,0.0,0,0.0,22.9054,0.0,22.9054
2018-01-02 22:37:00,0.0,0.0,0.0,0.0,0.0,0.0,0.0,0.0,0.0,0,0.0,22.688299999999998,0.0,22.688299999999998
2018-01-02 22:38:00,0.0,0.0,0.0,0.0,0.0,0.0,0.0,0.0,0.0,0,0.0,22.4712,0.0,22.4712
2018-01-02 22:39:00,0.0,0.0,0.0,0.0,0.0,0.0,0.0,0.0,0.0,0,0.0,22.254099999999998,0.0,22.254099999999998
2018-01-02 22:40:00,0.0,0.0,0.0,0.0,0.0,0.0,0.0,0.0,0.0,0,0.0,22.037,0.0,22.037
2018-01-02 22:41:00,0.0,0.0,0.0,0.0,0.0,0.0,0.0,0.0,0.0,0,0.0,22.0814,0.0,22.0814
2018-01-02 22:42:00,0.0,0.0,0.0,0.0,0.0,0.0,0.0,0.0,0.0,0,0.0,22.125799999999998,0.0,22.125799999999998
2018-01-02 22:43:00,0.0,0.0,0.0,0.0,0.0,0.0,0.0,0.0,0.0,0,0.0,22.1702,0.0,22.1702
2018-01-02 22:44:00,0.0,0.0,0.0,0.0,0.0,0.0,0.0,0.0,0.0,0,0.0,22.2146,0.0,22.2146
2018-01-02 22:45:00,0.0,0.0,0.0,0.0,0.0,0.0,0.0,0.0,0.0,0,0.0,22.259,0.0,22.259
2018-01-02 22:46:00,0.0,0.0,0.0,0.0,0.0,0.0,0.0,0.0,0.0,0,0.0,22.3034,0.0,22.3034
2018-01-02 22:47:00,0.0,0.0,0.0,0.0,0.0,0.0,0.0,0.0,0.0,0,0.0,22.3478,0.0,22.3478
2018-01-02 22:48:00,0.0,0.0,0.0,0.0,0.0,0.0,0.0,0.0,0.0,0,0.0,22.392200000000003,0.0,22.392200000000003
2018-01-02 22:49:00,0.0,0.0,0.0,0.0,0.0,0.0,0.0,0.0,0.0,0,0.0,22.436600000000002,0.0,22.436600000000002
2018-01-02 22:50:00,0.0,0.0,0.0,0.0,0.0,0.0,0.0,0.0,0.0,0,0.0,22.481,0.0,22.481
2018-01-02 22:51:00,0.0,0.0,0.0,0.0,0.0,0.0,0.0,0.0,0.0,0,0.0,22.483500000000003,0.0,22.483500000000003
2018-01-02 22:52:00,0.0,0.0,0.0,0.0,0.0,0.0,0.0,0.0,0.0,0,0.0,22.486,0.0,22.486
2018-01-02 22:53:00,0.0,0.0,0.0,0.0,0.0,0.0,0.0,0.0,0.0,0,0.0,22.488500000000002,0.0,22.488500000000002
2018-01-02 22:54:00,0.0,0.0,0.0,0.0,0.0,0.0,0.0,0.0,0.0,0,0.0,22.491,0.0,22.491
2018-01-02 22:55:00,0.0,0.0,0.0,0.0,0.0,0.0,0.0,0.0,0.0,0,0.0,22.4935,0.0,22.4935
2018-01-02 22:56:00,0.0,0.0,0.0,0.0,0.0,0.0,0.0,0.0,0.0,0,0.0,22.496000000000002,0.0,22.496000000000002
2018-01-02 22:57:00,0.0,0.0,0.0,0.0,0.0,0.0,0.0,0.0,0.0,0,0.0,22.4985,0.0,22.4985
2018-01-02 22:58:00,0.0,0.0,0.0,0.0,0.0,0.0,0.0,0.0,0.0,0,0.0,22.501,0.0,22.501
2018-01-02 22:59:00,0.0,0.0,0.0,0.0,0.0,0.0,0.0,0.0,0.0,0,0.0,22.5035,0.0,22.5035
2018-01-02 23:00:00,0.0,0.0,0.0,0.0,0.0,0.0,0.0,0.0,0.0,0,0.0,22.506,0.0,22.506
2018-01-02 23:01:00,0.0,0.0,0.0,0.0,0.0,0.0,0.0,0.0,0.0,0,0.0,22.3618,0.0,22.3618
2018-01-02 23:02:00,0.0,0.0,0.0,0.0,0.0,0.0,0.0,0.0,0.0,0,0.0,22.2176,0.0,22.2176
2018-01-02 23:03:00,0.0,0.0,0.0,0.0,0.0,0.0,0.0,0.0,0.0,0,0.0,22.0734,0.0,22.0734
2018-01-02 23:04:00,0.0,0.0,0.0,0.0,0.0,0.0,0.0,0.0,0.0,0,0.0,21.9292,0.0,21.9292
2018-01-02 23:05:00,0.0,0.0,0.0,0.0,0.0,0.0,0.0,0.0,0.0,0,0.0,21.785,0.0,21.785
2018-01-02 23:06:00,0.0,0.0,0.0,0.0,0.0,0.0,0.0,0.0,0.0,0,0.0,21.6408,0.0,21.6408
2018-01-02 23:07:00,0.0,0.0,0.0,0.0,0.0,0.0,0.0,0.0,0.0,0,0.0,21.4966,0.0,21.4966
2018-01-02 23:08:00,0.0,0.0,0.0,0.0,0.0,0.0,0.0,0.0,0.0,0,0.0,21.3524,0.0,21.3524
2018-01-02 23:09:00,0.0,0.0,0.0,0.0,0.0,0.0,0.0,0.0,0.0,0,0.0,21.2082,0.0,21.2082
2018-01-02 23:10:00,0.0,0.0,0.0,0.0,0.0,0.0,0.0,0.0,0.0,0,0.0,21.064,0.0,21.064
2018-01-02 23:11:00,0.0,0.0,0.0,0.0,0.0,0.0,0.0,0.0,0.0,0,0.0,21.1829,0.0,21.1829
2018-01-02 23:12:00,0.0,0.0,0.0,0.0,0.0,0.0,0.0,0.0,0.0,0,0.0,21.3018,0.0,21.3018
2018-01-02 23:13:00,0.0,0.0,0.0,0.0,0.0,0.0,0.0,0.0,0.0,0,0.0,21.4207,0.0,21.4207
2018-01-02 23:14:00,0.0,0.0,0.0,0.0,0.0,0.0,0.0,0.0,0.0,0,0.0,21.5396,0.0,21.5396
2018-01-02 23:15:00,0.0,0.0,0.0,0.0,0.0,0.0,0.0,0.0,0.0,0,0.0,21.6585,0.0,21.6585
2018-01-02 23:16:00,0.0,0.0,0.0,0.0,0.0,0.0,0.0,0.0,0.0,0,0.0,21.7774,0.0,21.7774
2018-01-02 23:17:00,0.0,0.0,0.0,0.0,0.0,0.0,0.0,0.0,0.0,0,0.0,21.8963,0.0,21.8963
2018-01-02 23:18:00,0.0,0.0,0.0,0.0,0.0,0.0,0.0,0.0,0.0,0,0.0,22.0152,0.0,22.0152
2018-01-02 23:19:00,0.0,0.0,0.0,0.0,0.0,0.0,0.0,0.0,0.0,0,0.0,22.1341,0.0,22.1341
2018-01-02 23:20:00,0.0,0.0,0.0,0.0,0.0,0.0,0.0,0.0,0.0,0,0.0,22.253,0.0,22.253
2018-01-02 23:21:00,0.0,0.0,0.0,0.0,0.0,0.0,0.0,0.0,0.0,0,0.0,22.2371,0.0,22.2371
2018-01-02 23:22:00,0.0,0.0,0.0,0.0,0.0,0.0,0.0,0.0,0.0,0,0.0,22.2212,0.0,22.2212
2018-01-02 23:23:00,0.0,0.0,0.0,0.0,0.0,0.0,0.0,0.0,0.0,0,0.0,22.2053,0.0,22.2053
2018-01-02 23:24:00,0.0,0.0,0.0,0.0,0.0,0.0,0.0,0.0,0.0,0,0.0,22.1894,0.0,22.1894
2018-01-02 23:25:00,0.0,0.0,0.0,0.0,0.0,0.0,0.0,0.0,0.0,0,0.0,22.1735,0.0,22.1735
2018-01-02 23:26:00,0.0,0.0,0.0,0.0,0.0,0.0,0.0,0.0,0.0,0,0.0,22.157600000000002,0.0,22.157600000000002
2018-01-02 23:27:00,0.0,0.0,0.0,0.0,0.0,0.0,0.0,0.0,0.0,0,0.0,22.1417,0.0,22.1417
2018-01-02 23:28:00,0.0,0.0,0.0,0.0,0.0,0.0,0.0,0.0,0.0,0,0.0,22.1258,0.0,22.1258
2018-01-02 23:29:00,0.0,0.0,0.0,0.0,0.0,0.0,0.0,0.0,0.0,0,0.0,22.1099,0.0,22.1099
2018-01-02 23:30:00,0.0,0.0,0.0,0.0,0.0,0.0,0.0,0.0,0.0,0,0.0,22.094,0.0,22.094
2018-01-02 23:31:00,0.0,0.0,0.0,0.0,0.0,0.0,0.0,0.0,0.0,0,0.0,21.971400000000003,0.0,21.971400000000003
2018-01-02 23:32:00,0.0,0.0,0.0,0.0,0.0,0.0,0.0,0.0,0.0,0,0.0,21.8488,0.0,21.8488
2018-01-02 23:33:00,0.0,0.0,0.0,0.0,0.0,0.0,0.0,0.0,0.0,0,0.0,21.7262,0.0,21.7262
2018-01-02 23:34:00,0.0,0.0,0.0,0.0,0.0,0.0,0.0,0.0,0.0,0,0.0,21.6036,0.0,21.6036
2018-01-02 23:35:00,0.0,0.0,0.0,0.0,0.0,0.0,0.0,0.0,0.0,0,0.0,21.481,0.0,21.481
2018-01-02 23:36:00,0.0,0.0,0.0,0.0,0.0,0.0,0.0,0.0,0.0,0,0.0,21.3584,0.0,21.3584
2018-01-02 23:37:00,0.0,0.0,0.0,0.0,0.0,0.0,0.0,0.0,0.0,0,0.0,21.235799999999998,0.0,21.235799999999998
2018-01-02 23:38:00,0.0,0.0,0.0,0.0,0.0,0.0,0.0,0.0,0.0,0,0.0,21.1132,0.0,21.1132
2018-01-02 23:39:00,0.0,0.0,0.0,0.0,0.0,0.0,0.0,0.0,0.0,0,0.0,20.9906,0.0,20.9906
2018-01-02 23:40:00,0.0,0.0,0.0,0.0,0.0,0.0,0.0,0.0,0.0,0,0.0,20.868,0.0,20.868
2018-01-02 23:41:00,0.0,0.0,0.0,0.0,0.0,0.0,0.0,0.0,0.0,0,0.0,20.8993,0.0,20.8993
2018-01-02 23:42:00,0.0,0.0,0.0,0.0,0.0,0.0,0.0,0.0,0.0,0,0.0,20.9306,0.0,20.9306
2018-01-02 23:43:00,0.0,0.0,0.0,0.0,0.0,0.0,0.0,0.0,0.0,0,0.0,20.9619,0.0,20.9619
2018-01-02 23:44:00,0.0,0.0,0.0,0.0,0.0,0.0,0.0,0.0,0.0,0,0.0,20.993199999999998,0.0,20.993199999999998
2018-01-02 23:45:00,0.0,0.0,0.0,0.0,0.0,0.0,0.0,0.0,0.0,0,0.0,21.0245,0.0,21.0245
2018-01-02 23:46:00,0.0,0.0,0.0,0.0,0.0,0.0,0.0,0.0,0.0,0,0.0,21.0558,0.0,21.0558
2018-01-02 23:47:00,0.0,0.0,0.0,0.0,0.0,0.0,0.0,0.0,0.0,0,0.0,21.0871,0.0,21.0871
2018-01-02 23:48:00,0.0,0.0,0.0,0.0,0.0,0.0,0.0,0.0,0.0,0,0.0,21.1184,0.0,21.1184
2018-01-02 23:49:00,0.0,0.0,0.0,0.0,0.0,0.0,0.0,0.0,0.0,0,0.0,21.1497,0.0,21.1497
2018-01-02 23:50:00,0.0,0.0,0.0,0.0,0.0,0.0,0.0,0.0,0.0,0,0.0,21.181,0.0,21.181
2018-01-02 23:51:00,0.0,0.0,0.0,0.0,0.0,0.0,0.0,0.0,0.0,0,0.0,20.999200000000002,0.0,20.999200000000002
2018-01-02 23:52:00,0.0,0.0,0.0,0.0,0.0,0.0,0.0,0.0,0.0,0,0.0,20.8174,0.0,20.8174
2018-01-02 23:53:00,0.0,0.0,0.0,0.0,0.0,0.0,0.0,0.0,0.0,0,0.0,20.6356,0.0,20.6356
2018-01-02 23:54:00,0.0,0.0,0.0,0.0,0.0,0.0,0.0,0.0,0.0,0,0.0,20.4538,0.0,20.4538
2018-01-02 23:55:00,0.0,0.0,0.0,0.0,0.0,0.0,0.0,0.0,0.0,0,0.0,20.272,0.0,20.272
2018-01-02 23:56:00,0.0,0.0,0.0,0.0,0.0,0.0,0.0,0.0,0.0,0,0.0,20.0902,0.0,20.0902
2018-01-02 23:57:00,0.0,0.0,0.0,0.0,0.0,0.0,0.0,0.0,0.0,0,0.0,19.9084,0.0,19.9084
2018-01-02 23:58:00,0.0,0.0,0.0,0.0,0.0,0.0,0.0,0.0,0.0,0,0.0,19.7266,0.0,19.7266
2018-01-02 23:59:00,0.0,0.0,0.0,0.0,0.0,0.0,0.0,0.0,0.0,0,0.0,19.5448,0.0,19.5448
2018-01-03 00:00:00,0.0,0.0,0.0,0.0,0.0,0.0,0.0,0.0,0.0,0,0.0,19.363,0.0,19.363
2018-01-03 00:01:00,0.0,0.0,0.0,0.0,0.0,0.0,0.0,0.0,0.0,0,0.0,19.2083,0.0,19.2083
2018-01-03 00:02:00,0.0,0.0,0.0,0.0,0.0,0.0,0.0,0.0,0.0,0,0.0,19.0536,0.0,19.0536
2018-01-03 00:03:00,0.0,0.0,0.0,0.0,0.0,0.0,0.0,0.0,0.0,0,0.0,18.898899999999998,0.0,18.898899999999998
2018-01-03 00:04:00,0.0,0.0,0.0,0.0,0.0,0.0,0.0,0.0,0.0,0,0.0,18.7442,0.0,18.7442
2018-01-03 00:05:00,0.0,0.0,0.0,0.0,0.0,0.0,0.0,0.0,0.0,0,0.0,18.5895,0.0,18.5895
2018-01-03 00:06:00,0.0,0.0,0.0,0.0,0.0,0.0,0.0,0.0,0.0,0,0.0,18.4348,0.0,18.4348
2018-01-03 00:07:00,0.0,0.0,0.0,0.0,0.0,0.0,0.0,0.0,0.0,0,0.0,18.280099999999997,0.0,18.280099999999997
2018-01-03 00:08:00,0.0,0.0,0.0,0.0,0.0,0.0,0.0,0.0,0.0,0,0.0,18.1254,0.0,18.1254
2018-01-03 00:09:00,0.0,0.0,0.0,0.0,0.0,0.0,0.0,0.0,0.0,0,0.0,17.9707,0.0,17.9707
2018-01-03 00:10:00,0.0,0.0,0.0,0.0,0.0,0.0,0.0,0.0,0.0,0,0.0,17.816,0.0,17.816
2018-01-03 00:11:00,0.0,0.0,0.0,0.0,0.0,0.0,0.0,0.0,0.0,0,0.0,17.789199999999997,0.0,17.789199999999997
2018-01-03 00:12:00,0.0,0.0,0.0,0.0,0.0,0.0,0.0,0.0,0.0,0,0.0,17.7624,0.0,17.7624
2018-01-03 00:13:00,0.0,0.0,0.0,0.0,0.0,0.0,0.0,0.0,0.0,0,0.0,17.735599999999998,0.0,17.735599999999998
2018-01-03 00:14:00,0.0,0.0,0.0,0.0,0.0,0.0,0.0,0.0,0.0,0,0.0,17.7088,0.0,17.7088
2018-01-03 00:15:00,0.0,0.0,0.0,0.0,0.0,0.0,0.0,0.0,0.0,0,0.0,17.682,0.0,17.682
2018-01-03 00:16:00,0.0,0.0,0.0,0.0,0.0,0.0,0.0,0.0,0.0,0,0.0,17.655199999999997,0.0,17.655199999999997
2018-01-03 00:17:00,0.0,0.0,0.0,0.0,0.0,0.0,0.0,0.0,0.0,0,0.0,17.6284,0.0,17.6284
2018-01-03 00:18:00,0.0,0.0,0.0,0.0,0.0,0.0,0.0,0.0,0.0,0,0.0,17.601599999999998,0.0,17.601599999999998
2018-01-03 00:19:00,0.0,0.0,0.0,0.0,0.0,0.0,0.0,0.0,0.0,0,0.0,17.5748,0.0,17.5748
2018-01-03 00:20:00,0.0,0.0,0.0,0.0,0.0,0.0,0.0,0.0,0.0,0,0.0,17.548,0.0,17.548
2018-01-03 00:21:00,0.0,0.0,0.0,0.0,0.0,0.0,0.0,0.0,0.0,0,0.0,17.706799999999998,0.0,17.706799999999998
2018-01-03 00:22:00,0.0,0.0,0.0,0.0,0.0,0.0,0.0,0.0,0.0,0,0.0,17.865599999999997,0.0,17.865599999999997
2018-01-03 00:23:00,0.0,0.0,0.0,0.0,0.0,0.0,0.0,0.0,0.0,0,0.0,18.0244,0.0,18.0244
2018-01-03 00:24:00,0.0,0.0,0.0,0.0,0.0,0.0,0.0,0.0,0.0,0,0.0,18.1832,0.0,18.1832
2018-01-03 00:25:00,0.0,0.0,0.0,0.0,0.0,0.0,0.0,0.0,0.0,0,0.0,18.342,0.0,18.342
2018-01-03 00:26:00,0.0,0.0,0.0,0.0,0.0,0.0,0.0,0.0,0.0,0,0.0,18.500799999999998,0.0,18.500799999999998
2018-01-03 00:27:00,0.0,0.0,0.0,0.0,0.0,0.0,0.0,0.0,0.0,0,0.0,18.659599999999998,0.0,18.659599999999998
2018-01-03 00:28:00,0.0,0.0,0.0,0.0,0.0,0.0,0.0,0.0,0.0,0,0.0,18.8184,0.0,18.8184
2018-01-03 00:29:00,0.0,0.0,0.0,0.0,0.0,0.0,0.0,0.0,0.0,0,0.0,18.9772,0.0,18.9772
2018-01-03 00:30:00,0.0,0.0,0.0,0.0,0.0,0.0,0.0,0.0,0.0,0,0.0,19.136,0.0,19.136
2018-01-03 00:31:00,0.0,0.0,0.0,0.0,0.0,0.0,0.0,0.0,0.0,0,0.0,19.2485,0.0,19.2485
2018-01-03 00:32:00,0.0,0.0,0.0,0.0,0.0,0.0,0.0,0.0,0.0,0,0.0,19.361,0.0,19.361
2018-01-03 00:33:00,0.0,0.0,0.0,0.0,0.0,0.0,0.0,0.0,0.0,0,0.0,19.473499999999998,0.0,19.473499999999998
2018-01-03 00:34:00,0.0,0.0,0.0,0.0,0.0,0.0,0.0,0.0,0.0,0,0.0,19.586,0.0,19.586
2018-01-03 00:35:00,0.0,0.0,0.0,0.0,0.0,0.0,0.0,0.0,0.0,0,0.0,19.6985,0.0,19.6985
2018-01-03 00:36:00,0.0,0.0,0.0,0.0,0.0,0.0,0.0,0.0,0.0,0,0.0,19.811,0.0,19.811
2018-01-03 00:37:00,0.0,0.0,0.0,0.0,0.0,0.0,0.0,0.0,0.0,0,0.0,19.9235,0.0,19.9235
2018-01-03 00:38:00,0.0,0.0,0.0,0.0,0.0,0.0,0.0,0.0,0.0,0,0.0,20.035999999999998,0.0,20.035999999999998
2018-01-03 00:39:00,0.0,0.0,0.0,0.0,0.0,0.0,0.0,0.0,0.0,0,0.0,20.1485,0.0,20.1485
2018-01-03 00:40:00,0.0,0.0,0.0,0.0,0.0,0.0,0.0,0.0,0.0,0,0.0,20.261,0.0,20.261
2018-01-03 00:41:00,0.0,0.0,0.0,0.0,0.0,0.0,0.0,0.0,0.0,0,0.0,20.273899999999998,0.0,20.273899999999998
2018-01-03 00:42:00,0.0,0.0,0.0,0.0,0.0,0.0,0.0,0.0,0.0,0,0.0,20.2868,0.0,20.2868
2018-01-03 00:43:00,0.0,0.0,0.0,0.0,0.0,0.0,0.0,0.0,0.0,0,0.0,20.2997,0.0,20.2997
2018-01-03 00:44:00,0.0,0.0,0.0,0.0,0.0,0.0,0.0,0.0,0.0,0,0.0,20.3126,0.0,20.3126
2018-01-03 00:45:00,0.0,0.0,0.0,0.0,0.0,0.0,0.0,0.0,0.0,0,0.0,20.325499999999998,0.0,20.325499999999998
2018-01-03 00:46:00,0.0,0.0,0.0,0.0,0.0,0.0,0.0,0.0,0.0,0,0.0,20.3384,0.0,20.3384
2018-01-03 00:47:00,0.0,0.0,0.0,0.0,0.0,0.0,0.0,0.0,0.0,0,0.0,20.351300000000002,0.0,20.351300000000002
2018-01-03 00:48:00,0.0,0.0,0.0,0.0,0.0,0.0,0.0,0.0,0.0,0,0.0,20.3642,0.0,20.3642
2018-01-03 00:49:00,0.0,0.0,0.0,0.0,0.0,0.0,0.0,0.0,0.0,0,0.0,20.3771,0.0,20.3771
2018-01-03 00:50:00,0.0,0.0,0.0,0.0,0.0,0.0,0.0,0.0,0.0,0,0.0,20.39,0.0,20.39
2018-01-03 00:51:00,0.0,0.0,0.0,0.0,0.0,0.0,0.0,0.0,0.0,0,0.0,20.3514,0.0,20.3514
2018-01-03 00:52:00,0.0,0.0,0.0,0.0,0.0,0.0,0.0,0.0,0.0,0,0.0,20.3128,0.0,20.3128
2018-01-03 00:53:00,0.0,0.0,0.0,0.0,0.0,0.0,0.0,0.0,0.0,0,0.0,20.2742,0.0,20.2742
2018-01-03 00:54:00,0.0,0.0,0.0,0.0,0.0,0.0,0.0,0.0,0.0,0,0.0,20.2356,0.0,20.2356
2018-01-03 00:55:00,0.0,0.0,0.0,0.0,0.0,0.0,0.0,0.0,0.0,0,0.0,20.197000000000003,0.0,20.197000000000003
2018-01-03 00:56:00,0.0,0.0,0.0,0.0,0.0,0.0,0.0,0.0,0.0,0,0.0,20.1584,0.0,20.1584
2018-01-03 00:57:00,0.0,0.0,0.0,0.0,0.0,0.0,0.0,0.0,0.0,0,0.0,20.1198,0.0,20.1198
2018-01-03 00:58:00,0.0,0.0,0.0,0.0,0.0,0.0,0.0,0.0,0.0,0,0.0,20.081200000000003,0.0,20.081200000000003
2018-01-03 00:59:00,0.0,0.0,0.0,0.0,0.0,0.0,0.0,0.0,0.0,0,0.0,20.0426,0.0,20.0426
2018-01-03 01:00:00,0.0,0.0,0.0,0.0,0.0,0.0,0.0,0.0,0.0,0,0.0,20.004,0.0,20.004
2018-01-03 01:01:00,0.0,0.0,0.0,0.0,0.0,0.0,0.0,0.0,0.0,0,0.0,19.9904,0.0,19.9904
2018-01-03 01:02:00,0.0,0.0,0.0,0.0,0.0,0.0,0.0,0.0,0.0,0,0.0,19.9768,0.0,19.9768
2018-01-03 01:03:00,0.0,0.0,0.0,0.0,0.0,0.0,0.0,0.0,0.0,0,0.0,19.9632,0.0,19.9632
2018-01-03 01:04:00,0.0,0.0,0.0,0.0,0.0,0.0,0.0,0.0,0.0,0,0.0,19.9496,0.0,19.9496
2018-01-03 01:05:00,0.0,0.0,0.0,0.0,0.0,0.0,0.0,0.0,0.0,0,0.0,19.936,0.0,19.936
2018-01-03 01:06:00,0.0,0.0,0.0,0.0,0.0,0.0,0.0,0.0,0.0,0,0.0,19.9224,0.0,19.9224
2018-01-03 01:07:00,0.0,0.0,0.0,0.0,0.0,0.0,0.0,0.0,0.0,0,0.0,19.9088,0.0,19.9088
2018-01-03 01:08:00,0.0,0.0,0.0,0.0,0.0,0.0,0.0,0.0,0.0,0,0.0,19.8952,0.0,19.8952
2018-01-03 01:09:00,0.0,0.0,0.0,0.0,0.0,0.0,0.0,0.0,0.0,0,0.0,19.8816,0.0,19.8816
2018-01-03 01:10:00,0.0,0.0,0.0,0.0,0.0,0.0,0.0,0.0,0.0,0,0.0,19.868,0.0,19.868
2018-01-03 01:11:00,0.0,0.0,0.0,0.0,0.0,0.0,0.0,0.0,0.0,0,0.0,19.9146,0.0,19.9146
2018-01-03 01:12:00,0.0,0.0,0.0,0.0,0.0,0.0,0.0,0.0,0.0,0,0.0,19.961199999999998,0.0,19.961199999999998
2018-01-03 01:13:00,0.0,0.0,0.0,0.0,0.0,0.0,0.0,0.0,0.0,0,0.0,20.0078,0.0,20.0078
2018-01-03 01:14:00,0.0,0.0,0.0,0.0,0.0,0.0,0.0,0.0,0.0,0,0.0,20.054399999999998,0.0,20.054399999999998
2018-01-03 01:15:00,0.0,0.0,0.0,0.0,0.0,0.0,0.0,0.0,0.0,0,0.0,20.101,0.0,20.101
2018-01-03 01:16:00,0.0,0.0,0.0,0.0,0.0,0.0,0.0,0.0,0.0,0,0.0,20.1476,0.0,20.1476
2018-01-03 01:17:00,0.0,0.0,0.0,0.0,0.0,0.0,0.0,0.0,0.0,0,0.0,20.1942,0.0,20.1942
2018-01-03 01:18:00,0.0,0.0,0.0,0.0,0.0,0.0,0.0,0.0,0.0,0,0.0,20.2408,0.0,20.2408
2018-01-03 01:19:00,0.0,0.0,0.0,0.0,0.0,0.0,0.0,0.0,0.0,0,0.0,20.287399999999998,0.0,20.287399999999998
2018-01-03 01:20:00,0.0,0.0,0.0,0.0,0.0,0.0,0.0,0.0,0.0,0,0.0,20.334,0.0,20.334
2018-01-03 01:21:00,0.0,0.0,0.0,0.0,0.0,0.0,0.0,0.0,0.0,0,0.0,20.1899,0.0,20.1899
2018-01-03 01:22:00,0.0,0.0,0.0,0.0,0.0,0.0,0.0,0.0,0.0,0,0.0,20.0458,0.0,20.0458
2018-01-03 01:23:00,0.0,0.0,0.0,0.0,0.0,0.0,0.0,0.0,0.0,0,0.0,19.901699999999998,0.0,19.901699999999998
2018-01-03 01:24:00,0.0,0.0,0.0,0.0,0.0,0.0,0.0,0.0,0.0,0,0.0,19.7576,0.0,19.7576
2018-01-03 01:25:00,0.0,0.0,0.0,0.0,0.0,0.0,0.0,0.0,0.0,0,0.0,19.613500000000002,0.0,19.613500000000002
2018-01-03 01:26:00,0.0,0.0,0.0,0.0,0.0,0.0,0.0,0.0,0.0,0,0.0,19.4694,0.0,19.4694
2018-01-03 01:27:00,0.0,0.0,0.0,0.0,0.0,0.0,0.0,0.0,0.0,0,0.0,19.3253,0.0,19.3253
2018-01-03 01:28:00,0.0,0.0,0.0,0.0,0.0,0.0,0.0,0.0,0.0,0,0.0,19.1812,0.0,19.1812
2018-01-03 01:29:00,0.0,0.0,0.0,0.0,0.0,0.0,0.0,0.0,0.0,0,0.0,19.037100000000002,0.0,19.037100000000002
2018-01-03 01:30:00,0.0,0.0,0.0,0.0,0.0,0.0,0.0,0.0,0.0,0,0.0,18.893,0.0,18.893
2018-01-03 01:31:00,0.0,0.0,0.0,0.0,0.0,0.0,0.0,0.0,0.0,0,0.0,18.7501,0.0,18.7501
2018-01-03 01:32:00,0.0,0.0,0.0,0.0,0.0,0.0,0.0,0.0,0.0,0,0.0,18.6072,0.0,18.6072
2018-01-03 01:33:00,0.0,0.0,0.0,0.0,0.0,0.0,0.0,0.0,0.0,0,0.0,18.4643,0.0,18.4643
2018-01-03 01:34:00,0.0,0.0,0.0,0.0,0.0,0.0,0.0,0.0,0.0,0,0.0,18.3214,0.0,18.3214
2018-01-03 01:35:00,0.0,0.0,0.0,0.0,0.0,0.0,0.0,0.0,0.0,0,0.0,18.1785,0.0,18.1785
2018-01-03 01:36:00,0.0,0.0,0.0,0.0,0.0,0.0,0.0,0.0,0.0,0,0.0,18.0356,0.0,18.0356
2018-01-03 01:37:00,0.0,0.0,0.0,0.0,0.0,0.0,0.0,0.0,0.0,0,0.0,17.892699999999998,0.0,17.892699999999998
2018-01-03 01:38:00,0.0,0.0,0.0,0.0,0.0,0.0,0.0,0.0,0.0,0,0.0,17.7498,0.0,17.7498
2018-01-03 01:39:00,0.0,0.0,0.0,0.0,0.0,0.0,0.0,0.0,0.0,0,0.0,17.6069,0.0,17.6069
2018-01-03 01:40:00,0.0,0.0,0.0,0.0,0.0,0.0,0.0,0.0,0.0,0,0.0,17.464,0.0,17.464
2018-01-03 01:41:00,0.0,0.0,0.0,0.0,0.0,0.0,0.0,0.0,0.0,0,0.0,17.508499999999998,0.0,17.508499999999998
2018-01-03 01:42:00,0.0,0.0,0.0,0.0,0.0,0.0,0.0,0.0,0.0,0,0.0,17.552999999999997,0.0,17.552999999999997
2018-01-03 01:43:00,0.0,0.0,0.0,0.0,0.0,0.0,0.0,0.0,0.0,0,0.0,17.5975,0.0,17.5975
2018-01-03 01:44:00,0.0,0.0,0.0,0.0,0.0,0.0,0.0,0.0,0.0,0,0.0,17.642,0.0,17.642
2018-01-03 01:45:00,0.0,0.0,0.0,0.0,0.0,0.0,0.0,0.0,0.0,0,0.0,17.6865,0.0,17.6865
2018-01-03 01:46:00,0.0,0.0,0.0,0.0,0.0,0.0,0.0,0.0,0.0,0,0.0,17.730999999999998,0.0,17.730999999999998
2018-01-03 01:47:00,0.0,0.0,0.0,0.0,0.0,0.0,0.0,0.0,0.0,0,0.0,17.775499999999997,0.0,17.775499999999997
2018-01-03 01:48:00,0.0,0.0,0.0,0.0,0.0,0.0,0.0,0.0,0.0,0,0.0,17.82,0.0,17.82
2018-01-03 01:49:00,0.0,0.0,0.0,0.0,0.0,0.0,0.0,0.0,0.0,0,0.0,17.8645,0.0,17.8645
2018-01-03 01:50:00,0.0,0.0,0.0,0.0,0.0,0.0,0.0,0.0,0.0,0,0.0,17.909,0.0,17.909
2018-01-03 01:51:00,0.0,0.0,0.0,0.0,0.0,0.0,0.0,0.0,0.0,0,0.0,17.945999999999998,0.0,17.945999999999998
2018-01-03 01:52:00,0.0,0.0,0.0,0.0,0.0,0.0,0.0,0.0,0.0,0,0.0,17.983,0.0,17.983
2018-01-03 01:53:00,0.0,0.0,0.0,0.0,0.0,0.0,0.0,0.0,0.0,0,0.0,18.02,0.0,18.02
2018-01-03 01:54:00,0.0,0.0,0.0,0.0,0.0,0.0,0.0,0.0,0.0,0,0.0,18.057,0.0,18.057
2018-01-03 01:55:00,0.0,0.0,0.0,0.0,0.0,0.0,0.0,0.0,0.0,0,0.0,18.094,0.0,18.094
2018-01-03 01:56:00,0.0,0.0,0.0,0.0,0.0,0.0,0.0,0.0,0.0,0,0.0,18.131,0.0,18.131
2018-01-03 01:57:00,0.0,0.0,0.0,0.0,0.0,0.0,0.0,0.0,0.0,0,0.0,18.168,0.0,18.168
2018-01-03 01:58:00,0.0,0.0,0.0,0.0,0.0,0.0,0.0,0.0,0.0,0,0.0,18.205,0.0,18.205
2018-01-03 01:59:00,0.0,0.0,0.0,0.0,0.0,0.0,0.0,0.0,0.0,0,0.0,18.242,0.0,18.242
2018-01-03 02:00:00,0.0,0.0,0.0,0.0,0.0,0.0,0.0,0.0,0.0,0,0.0,18.279,0.0,18.279
2018-01-03 02:01:00,0.0,0.0,0.0,0.0,0.0,0.0,0.0,0.0,0.0,0,0.0,18.3541,0.0,18.3541
2018-01-03 02:02:00,0.0,0.0,0.0,0.0,0.0,0.0,0.0,0.0,0.0,0,0.0,18.4292,0.0,18.4292
2018-01-03 02:03:00,0.0,0.0,0.0,0.0,0.0,0.0,0.0,0.0,0.0,0,0.0,18.5043,0.0,18.5043
2018-01-03 02:04:00,0.0,0.0,0.0,0.0,0.0,0.0,0.0,0.0,0.0,0,0.0,18.5794,0.0,18.5794
2018-01-03 02:05:00,0.0,0.0,0.0,0.0,0.0,0.0,0.0,0.0,0.0,0,0.0,18.6545,0.0,18.6545
2018-01-03 02:06:00,0.0,0.0,0.0,0.0,0.0,0.0,0.0,0.0,0.0,0,0.0,18.7296,0.0,18.7296
2018-01-03 02:07:00,0.0,0.0,0.0,0.0,0.0,0.0,0.0,0.0,0.0,0,0.0,18.8047,0.0,18.8047
2018-01-03 02:08:00,0.0,0.0,0.0,0.0,0.0,0.0,0.0,0.0,0.0,0,0.0,18.8798,0.0,18.8798
2018-01-03 02:09:00,0.0,0.0,0.0,0.0,0.0,0.0,0.0,0.0,0.0,0,0.0,18.954900000000002,0.0,18.954900000000002
2018-01-03 02:10:00,0.0,0.0,0.0,0.0,0.0,0.0,0.0,0.0,0.0,0,0.0,19.03,0.0,19.03
2018-01-03 02:11:00,0.0,0.0,0.0,0.0,0.0,0.0,0.0,0.0,0.0,0,0.0,18.9955,0.0,18.9955
2018-01-03 02:12:00,0.0,0.0,0.0,0.0,0.0,0.0,0.0,0.0,0.0,0,0.0,18.961000000000002,0.0,18.961000000000002
2018-01-03 02:13:00,0.0,0.0,0.0,0.0,0.0,0.0,0.0,0.0,0.0,0,0.0,18.9265,0.0,18.9265
2018-01-03 02:14:00,0.0,0.0,0.0,0.0,0.0,0.0,0.0,0.0,0.0,0,0.0,18.892,0.0,18.892
2018-01-03 02:15:00,0.0,0.0,0.0,0.0,0.0,0.0,0.0,0.0,0.0,0,0.0,18.8575,0.0,18.8575
2018-01-03 02:16:00,0.0,0.0,0.0,0.0,0.0,0.0,0.0,0.0,0.0,0,0.0,18.823,0.0,18.823
2018-01-03 02:17:00,0.0,0.0,0.0,0.0,0.0,0.0,0.0,0.0,0.0,0,0.0,18.7885,0.0,18.7885
2018-01-03 02:18:00,0.0,0.0,0.0,0.0,0.0,0.0,0.0,0.0,0.0,0,0.0,18.753999999999998,0.0,18.753999999999998
2018-01-03 02:19:00,0.0,0.0,0.0,0.0,0.0,0.0,0.0,0.0,0.0,0,0.0,18.7195,0.0,18.7195
2018-01-03 02:20:00,0.0,0.0,0.0,0.0,0.0,0.0,0.0,0.0,0.0,0,0.0,18.685,0.0,18.685
2018-01-03 02:21:00,0.0,0.0,0.0,0.0,0.0,0.0,0.0,0.0,0.0,0,0.0,18.6622,0.0,18.6622
2018-01-03 02:22:00,0.0,0.0,0.0,0.0,0.0,0.0,0.0,0.0,0.0,0,0.0,18.6394,0.0,18.6394
2018-01-03 02:23:00,0.0,0.0,0.0,0.0,0.0,0.0,0.0,0.0,0.0,0,0.0,18.6166,0.0,18.6166
2018-01-03 02:24:00,0.0,0.0,0.0,0.0,0.0,0.0,0.0,0.0,0.0,0,0.0,18.593799999999998,0.0,18.593799999999998
2018-01-03 02:25:00,0.0,0.0,0.0,0.0,0.0,0.0,0.0,0.0,0.0,0,0.0,18.570999999999998,0.0,18.570999999999998
2018-01-03 02:26:00,0.0,0.0,0.0,0.0,0.0,0.0,0.0,0.0,0.0,0,0.0,18.5482,0.0,18.5482
2018-01-03 02:27:00,0.0,0.0,0.0,0.0,0.0,0.0,0.0,0.0,0.0,0,0.0,18.5254,0.0,18.5254
2018-01-03 02:28:00,0.0,0.0,0.0,0.0,0.0,0.0,0.0,0.0,0.0,0,0.0,18.5026,0.0,18.5026
2018-01-03 02:29:00,0.0,0.0,0.0,0.0,0.0,0.0,0.0,0.0,0.0,0,0.0,18.4798,0.0,18.4798
2018-01-03 02:30:00,0.0,0.0,0.0,0.0,0.0,0.0,0.0,0.0,0.0,0,0.0,18.457,0.0,18.457
2018-01-03 02:31:00,0.0,0.0,0.0,0.0,0.0,0.0,0.0,0.0,0.0,0,0.0,18.723,0.0,18.723
2018-01-03 02:32:00,0.0,0.0,0.0,0.0,0.0,0.0,0.0,0.0,0.0,0,0.0,18.989,0.0,18.989
2018-01-03 02:33:00,0.0,0.0,0.0,0.0,0.0,0.0,0.0,0.0,0.0,0,0.0,19.255000000000003,0.0,19.255000000000003
2018-01-03 02:34:00,0.0,0.0,0.0,0.0,0.0,0.0,0.0,0.0,0.0,0,0.0,19.521,0.0,19.521
2018-01-03 02:35:00,0.0,0.0,0.0,0.0,0.0,0.0,0.0,0.0,0.0,0,0.0,19.787,0.0,19.787
2018-01-03 02:36:00,0.0,0.0,0.0,0.0,0.0,0.0,0.0,0.0,0.0,0,0.0,20.053,0.0,20.053
2018-01-03 02:37:00,0.0,0.0,0.0,0.0,0.0,0.0,0.0,0.0,0.0,0,0.0,20.319000000000003,0.0,20.319000000000003
2018-01-03 02:38:00,0.0,0.0,0.0,0.0,0.0,0.0,0.0,0.0,0.0,0,0.0,20.585,0.0,20.585
2018-01-03 02:39:00,0.0,0.0,0.0,0.0,0.0,0.0,0.0,0.0,0.0,0,0.0,20.851,0.0,20.851
2018-01-03 02:40:00,0.0,0.0,0.0,0.0,0.0,0.0,0.0,0.0,0.0,0,0.0,21.117,0.0,21.117
2018-01-03 02:41:00,0.0,0.0,0.0,0.0,0.0,0.0,0.0,0.0,0.0,0,0.0,21.122500000000002,0.0,21.122500000000002
2018-01-03 02:42:00,0.0,0.0,0.0,0.0,0.0,0.0,0.0,0.0,0.0,0,0.0,21.128,0.0,21.128
2018-01-03 02:43:00,0.0,0.0,0.0,0.0,0.0,0.0,0.0,0.0,0.0,0,0.0,21.1335,0.0,21.1335
2018-01-03 02:44:00,0.0,0.0,0.0,0.0,0.0,0.0,0.0,0.0,0.0,0,0.0,21.139,0.0,21.139
2018-01-03 02:45:00,0.0,0.0,0.0,0.0,0.0,0.0,0.0,0.0,0.0,0,0.0,21.1445,0.0,21.1445
2018-01-03 02:46:00,0.0,0.0,0.0,0.0,0.0,0.0,0.0,0.0,0.0,0,0.0,21.150000000000002,0.0,21.150000000000002
2018-01-03 02:47:00,0.0,0.0,0.0,0.0,0.0,0.0,0.0,0.0,0.0,0,0.0,21.1555,0.0,21.1555
2018-01-03 02:48:00,0.0,0.0,0.0,0.0,0.0,0.0,0.0,0.0,0.0,0,0.0,21.161,0.0,21.161
2018-01-03 02:49:00,0.0,0.0,0.0,0.0,0.0,0.0,0.0,0.0,0.0,0,0.0,21.1665,0.0,21.1665
2018-01-03 02:50:00,0.0,0.0,0.0,0.0,0.0,0.0,0.0,0.0,0.0,0,0.0,21.172,0.0,21.172
2018-01-03 02:51:00,0.0,0.0,0.0,0.0,0.0,0.0,0.0,0.0,0.0,0,0.0,21.2938,0.0,21.2938
2018-01-03 02:52:00,0.0,0.0,0.0,0.0,0.0,0.0,0.0,0.0,0.0,0,0.0,21.4156,0.0,21.4156
2018-01-03 02:53:00,0.0,0.0,0.0,0.0,0.0,0.0,0.0,0.0,0.0,0,0.0,21.5374,0.0,21.5374
2018-01-03 02:54:00,0.0,0.0,0.0,0.0,0.0,0.0,0.0,0.0,0.0,0,0.0,21.659200000000002,0.0,21.659200000000002
2018-01-03 02:55:00,0.0,0.0,0.0,0.0,0.0,0.0,0.0,0.0,0.0,0,0.0,21.781,0.0,21.781
2018-01-03 02:56:00,0.0,0.0,0.0,0.0,0.0,0.0,0.0,0.0,0.0,0,0.0,21.9028,0.0,21.9028
2018-01-03 02:57:00,0.0,0.0,0.0,0.0,0.0,0.0,0.0,0.0,0.0,0,0.0,22.0246,0.0,22.0246
2018-01-03 02:58:00,0.0,0.0,0.0,0.0,0.0,0.0,0.0,0.0,0.0,0,0.0,22.1464,0.0,22.1464
2018-01-03 02:59:00,0.0,0.0,0.0,0.0,0.0,0.0,0.0,0.0,0.0,0,0.0,22.2682,0.0,22.2682
2018-01-03 03:00:00,0.0,0.0,0.0,0.0,0.0,0.0,0.0,0.0,0.0,0,0.0,22.39,0.0,22.39
2018-01-03 03:01:00,0.0,0.0,0.0,0.0,0.0,0.0,0.0,0.0,0.0,0,0.0,22.3644,0.0,22.3644
2018-01-03 03:02:00,0.0,0.0,0.0,0.0,0.0,0.0,0.0,0.0,0.0,0,0.0,22.3388,0.0,22.3388
2018-01-03 03:03:00,0.0,0.0,0.0,0.0,0.0,0.0,0.0,0.0,0.0,0,0.0,22.313200000000002,0.0,22.313200000000002
2018-01-03 03:04:00,0.0,0.0,0.0,0.0,0.0,0.0,0.0,0.0,0.0,0,0.0,22.2876,0.0,22.2876
2018-01-03 03:05:00,0.0,0.0,0.0,0.0,0.0,0.0,0.0,0.0,0.0,0,0.0,22.262,0.0,22.262
2018-01-03 03:06:00,0.0,0.0,0.0,0.0,0.0,0.0,0.0,0.0,0.0,0,0.0,22.2364,0.0,22.2364
2018-01-03 03:07:00,0.0,0.0,0.0,0.0,0.0,0.0,0.0,0.0,0.0,0,0.0,22.2108,0.0,22.2108
2018-01-03 03:08:00,0.0,0.0,0.0,0.0,0.0,0.0,0.0,0.0,0.0,0,0.0,22.185200000000002,0.0,22.185200000000002
2018-01-03 03:09:00,0.0,0.0,0.0,0.0,0.0,0.0,0.0,0.0,0.0,0,0.0,22.1596,0.0,22.1596
2018-01-03 03:10:00,0.0,0.0,0.0,0.0,0.0,0.0,0.0,0.0,0.0,0,0.0,22.134,0.0,22.134
2018-01-03 03:11:00,0.0,0.0,0.0,0.0,0.0,0.0,0.0,0.0,0.0,0,0.0,22.3053,0.0,22.3053
2018-01-03 03:12:00,0.0,0.0,0.0,0.0,0.0,0.0,0.0,0.0,0.0,0,0.0,22.4766,0.0,22.4766
2018-01-03 03:13:00,0.0,0.0,0.0,0.0,0.0,0.0,0.0,0.0,0.0,0,0.0,22.6479,0.0,22.6479
2018-01-03 03:14:00,0.0,0.0,0.0,0.0,0.0,0.0,0.0,0.0,0.0,0,0.0,22.819200000000002,0.0,22.819200000000002
2018-01-03 03:15:00,0.0,0.0,0.0,0.0,0.0,0.0,0.0,0.0,0.0,0,0.0,22.9905,0.0,22.9905
2018-01-03 03:16:00,0.0,0.0,0.0,0.0,0.0,0.0,0.0,0.0,0.0,0,0.0,23.1618,0.0,23.1618
2018-01-03 03:17:00,0.0,0.0,0.0,0.0,0.0,0.0,0.0,0.0,0.0,0,0.0,23.3331,0.0,23.3331
2018-01-03 03:18:00,0.0,0.0,0.0,0.0,0.0,0.0,0.0,0.0,0.0,0,0.0,23.5044,0.0,23.5044
2018-01-03 03:19:00,0.0,0.0,0.0,0.0,0.0,0.0,0.0,0.0,0.0,0,0.0,23.675700000000003,0.0,23.675700000000003
2018-01-03 03:20:00,0.0,0.0,0.0,0.0,0.0,0.0,0.0,0.0,0.0,0,0.0,23.847,0.0,23.847
2018-01-03 03:21:00,0.0,0.0,0.0,0.0,0.0,0.0,0.0,0.0,0.0,0,0.0,23.5532,0.0,23.5532
2018-01-03 03:22:00,0.0,0.0,0.0,0.0,0.0,0.0,0.0,0.0,0.0,0,0.0,23.2594,0.0,23.2594
2018-01-03 03:23:00,0.0,0.0,0.0,0.0,0.0,0.0,0.0,0.0,0.0,0,0.0,22.965600000000002,0.0,22.965600000000002
2018-01-03 03:24:00,0.0,0.0,0.0,0.0,0.0,0.0,0.0,0.0,0.0,0,0.0,22.6718,0.0,22.6718
2018-01-03 03:25:00,0.0,0.0,0.0,0.0,0.0,0.0,0.0,0.0,0.0,0,0.0,22.378,0.0,22.378
2018-01-03 03:26:00,0.0,0.0,0.0,0.0,0.0,0.0,0.0,0.0,0.0,0,0.0,22.0842,0.0,22.0842
2018-01-03 03:27:00,0.0,0.0,0.0,0.0,0.0,0.0,0.0,0.0,0.0,0,0.0,21.790399999999998,0.0,21.790399999999998
2018-01-03 03:28:00,0.0,0.0,0.0,0.0,0.0,0.0,0.0,0.0,0.0,0,0.0,21.4966,0.0,21.4966
2018-01-03 03:29:00,0.0,0.0,0.0,0.0,0.0,0.0,0.0,0.0,0.0,0,0.0,21.2028,0.0,21.2028
2018-01-03 03:30:00,0.0,0.0,0.0,0.0,0.0,0.0,0.0,0.0,0.0,0,0.0,20.909,0.0,20.909
2018-01-03 03:31:00,0.0,0.0,0.0,0.0,0.0,0.0,0.0,0.0,0.0,0,0.0,20.905099999999997,0.0,20.905099999999997
2018-01-03 03:32:00,0.0,0.0,0.0,0.0,0.0,0.0,0.0,0.0,0.0,0,0.0,20.9012,0.0,20.9012
2018-01-03 03:33:00,0.0,0.0,0.0,0.0,0.0,0.0,0.0,0.0,0.0,0,0.0,20.8973,0.0,20.8973
2018-01-03 03:34:00,0.0,0.0,0.0,0.0,0.0,0.0,0.0,0.0,0.0,0,0.0,20.8934,0.0,20.8934
2018-01-03 03:35:00,0.0,0.0,0.0,0.0,0.0,0.0,0.0,0.0,0.0,0,0.0,20.889499999999998,0.0,20.889499999999998
2018-01-03 03:36:00,0.0,0.0,0.0,0.0,0.0,0.0,0.0,0.0,0.0,0,0.0,20.8856,0.0,20.8856
2018-01-03 03:37:00,0.0,0.0,0.0,0.0,0.0,0.0,0.0,0.0,0.0,0,0.0,20.881700000000002,0.0,20.881700000000002
2018-01-03 03:38:00,0.0,0.0,0.0,0.0,0.0,0.0,0.0,0.0,0.0,0,0.0,20.8778,0.0,20.8778
2018-01-03 03:39:00,0.0,0.0,0.0,0.0,0.0,0.0,0.0,0.0,0.0,0,0.0,20.8739,0.0,20.8739
2018-01-03 03:40:00,0.0,0.0,0.0,0.0,0.0,0.0,0.0,0.0,0.0,0,0.0,20.87,0.0,20.87
2018-01-03 03:41:00,0.0,0.0,0.0,0.0,0.0,0.0,0.0,0.0,0.0,0,0.0,20.8292,0.0,20.8292
2018-01-03 03:42:00,0.0,0.0,0.0,0.0,0.0,0.0,0.0,0.0,0.0,0,0.0,20.7884,0.0,20.7884
2018-01-03 03:43:00,0.0,0.0,0.0,0.0,0.0,0.0,0.0,0.0,0.0,0,0.0,20.747600000000002,0.0,20.747600000000002
2018-01-03 03:44:00,0.0,0.0,0.0,0.0,0.0,0.0,0.0,0.0,0.0,0,0.0,20.7068,0.0,20.7068
2018-01-03 03:45:00,0.0,0.0,0.0,0.0,0.0,0.0,0.0,0.0,0.0,0,0.0,20.666,0.0,20.666
2018-01-03 03:46:00,0.0,0.0,0.0,0.0,0.0,0.0,0.0,0.0,0.0,0,0.0,20.6252,0.0,20.6252
2018-01-03 03:47:00,0.0,0.0,0.0,0.0,0.0,0.0,0.0,0.0,0.0,0,0.0,20.5844,0.0,20.5844
2018-01-03 03:48:00,0.0,0.0,0.0,0.0,0.0,0.0,0.0,0.0,0.0,0,0.0,20.5436,0.0,20.5436
2018-01-03 03:49:00,0.0,0.0,0.0,0.0,0.0,0.0,0.0,0.0,0.0,0,0.0,20.5028,0.0,20.5028
2018-01-03 03:50:00,0.0,0.0,0.0,0.0,0.0,0.0,0.0,0.0,0.0,0,0.0,20.462,0.0,20.462
2018-01-03 03:51:00,0.0,0.0,0.0,0.0,0.0,0.0,0.0,0.0,0.0,0,0.0,20.4727,0.0,20.4727
2018-01-03 03:52:00,0.0,0.0,0.0,0.0,0.0,0.0,0.0,0.0,0.0,0,0.0,20.4834,0.0,20.4834
2018-01-03 03:53:00,0.0,0.0,0.0,0.0,0.0,0.0,0.0,0.0,0.0,0,0.0,20.4941,0.0,20.4941
2018-01-03 03:54:00,0.0,0.0,0.0,0.0,0.0,0.0,0.0,0.0,0.0,0,0.0,20.5048,0.0,20.5048
2018-01-03 03:55:00,0.0,0.0,0.0,0.0,0.0,0.0,0.0,0.0,0.0,0,0.0,20.5155,0.0,20.5155
2018-01-03 03:56:00,0.0,0.0,0.0,0.0,0.0,0.0,0.0,0.0,0.0,0,0.0,20.5262,0.0,20.5262
2018-01-03 03:57:00,0.0,0.0,0.0,0.0,0.0,0.0,0.0,0.0,0.0,0,0.0,20.5369,0.0,20.5369
2018-01-03 03:58:00,0.0,0.0,0.0,0.0,0.0,0.0,0.0,0.0,0.0,0,0.0,20.5476,0.0,20.5476
2018-01-03 03:59:00,0.0,0.0,0.0,0.0,0.0,0.0,0.0,0.0,0.0,0,0.0,20.5583,0.0,20.5583
2018-01-03 04:00:00,0.0,0.0,0.0,0.0,0.0,0.0,0.0,0.0,0.0,0,0.0,20.569,0.0,20.569
2018-01-03 04:01:00,0.0,0.0,0.0,0.0,0.0,0.0,0.0,0.0,0.0,0,0.0,20.3037,0.0,20.3037
2018-01-03 04:02:00,0.0,0.0,0.0,0.0,0.0,0.0,0.0,0.0,0.0,0,0.0,20.0384,0.0,20.0384
2018-01-03 04:03:00,0.0,0.0,0.0,0.0,0.0,0.0,0.0,0.0,0.0,0,0.0,19.7731,0.0,19.7731
2018-01-03 04:04:00,0.0,0.0,0.0,0.0,0.0,0.0,0.0,0.0,0.0,0,0.0,19.5078,0.0,19.5078
2018-01-03 04:05:00,0.0,0.0,0.0,0.0,0.0,0.0,0.0,0.0,0.0,0,0.0,19.2425,0.0,19.2425
2018-01-03 04:06:00,0.0,0.0,0.0,0.0,0.0,0.0,0.0,0.0,0.0,0,0.0,18.9772,0.0,18.9772
2018-01-03 04:07:00,0.0,0.0,0.0,0.0,0.0,0.0,0.0,0.0,0.0,0,0.0,18.7119,0.0,18.7119
2018-01-03 04:08:00,0.0,0.0,0.0,0.0,0.0,0.0,0.0,0.0,0.0,0,0.0,18.4466,0.0,18.4466
2018-01-03 04:09:00,0.0,0.0,0.0,0.0,0.0,0.0,0.0,0.0,0.0,0,0.0,18.1813,0.0,18.1813
2018-01-03 04:10:00,0.0,0.0,0.0,0.0,0.0,0.0,0.0,0.0,0.0,0,0.0,17.916,0.0,17.916
2018-01-03 04:11:00,0.0,0.0,0.0,0.0,0.0,0.0,0.0,0.0,0.0,0,0.0,17.8988,0.0,17.8988
2018-01-03 04:12:00,0.0,0.0,0.0,0.0,0.0,0.0,0.0,0.0,0.0,0,0.0,17.8816,0.0,17.8816
2018-01-03 04:13:00,0.0,0.0,0.0,0.0,0.0,0.0,0.0,0.0,0.0,0,0.0,17.8644,0.0,17.8644
2018-01-03 04:14:00,0.0,0.0,0.0,0.0,0.0,0.0,0.0,0.0,0.0,0,0.0,17.8472,0.0,17.8472
2018-01-03 04:15:00,0.0,0.0,0.0,0.0,0.0,0.0,0.0,0.0,0.0,0,0.0,17.83,0.0,17.83
2018-01-03 04:16:00,0.0,0.0,0.0,0.0,0.0,0.0,0.0,0.0,0.0,0,0.0,17.8128,0.0,17.8128
2018-01-03 04:17:00,0.0,0.0,0.0,0.0,0.0,0.0,0.0,0.0,0.0,0,0.0,17.7956,0.0,17.7956
2018-01-03 04:18:00,0.0,0.0,0.0,0.0,0.0,0.0,0.0,0.0,0.0,0,0.0,17.7784,0.0,17.7784
2018-01-03 04:19:00,0.0,0.0,0.0,0.0,0.0,0.0,0.0,0.0,0.0,0,0.0,17.7612,0.0,17.7612
2018-01-03 04:20:00,0.0,0.0,0.0,0.0,0.0,0.0,0.0,0.0,0.0,0,0.0,17.744,0.0,17.744
2018-01-03 04:21:00,0.0,0.0,0.0,0.0,0.0,0.0,0.0,0.0,0.0,0,0.0,17.6334,0.0,17.6334
2018-01-03 04:22:00,0.0,0.0,0.0,0.0,0.0,0.0,0.0,0.0,0.0,0,0.0,17.5228,0.0,17.5228
2018-01-03 04:23:00,0.0,0.0,0.0,0.0,0.0,0.0,0.0,0.0,0.0,0,0.0,17.4122,0.0,17.4122
2018-01-03 04:24:00,0.0,0.0,0.0,0.0,0.0,0.0,0.0,0.0,0.0,0,0.0,17.3016,0.0,17.3016
2018-01-03 04:25:00,0.0,0.0,0.0,0.0,0.0,0.0,0.0,0.0,0.0,0,0.0,17.191000000000003,0.0,17.191000000000003
2018-01-03 04:26:00,0.0,0.0,0.0,0.0,0.0,0.0,0.0,0.0,0.0,0,0.0,17.0804,0.0,17.0804
2018-01-03 04:27:00,0.0,0.0,0.0,0.0,0.0,0.0,0.0,0.0,0.0,0,0.0,16.9698,0.0,16.9698
2018-01-03 04:28:00,0.0,0.0,0.0,0.0,0.0,0.0,0.0,0.0,0.0,0,0.0,16.8592,0.0,16.8592
2018-01-03 04:29:00,0.0,0.0,0.0,0.0,0.0,0.0,0.0,0.0,0.0,0,0.0,16.748600000000003,0.0,16.748600000000003
2018-01-03 04:30:00,0.0,0.0,0.0,0.0,0.0,0.0,0.0,0.0,0.0,0,0.0,16.638,0.0,16.638
2018-01-03 04:31:00,0.0,0.0,0.0,0.0,0.0,0.0,0.0,0.0,0.0,0,0.0,16.694200000000002,0.0,16.694200000000002
2018-01-03 04:32:00,0.0,0.0,0.0,0.0,0.0,0.0,0.0,0.0,0.0,0,0.0,16.750400000000003,0.0,16.750400000000003
2018-01-03 04:33:00,0.0,0.0,0.0,0.0,0.0,0.0,0.0,0.0,0.0,0,0.0,16.8066,0.0,16.8066
2018-01-03 04:34:00,0.0,0.0,0.0,0.0,0.0,0.0,0.0,0.0,0.0,0,0.0,16.8628,0.0,16.8628
2018-01-03 04:35:00,0.0,0.0,0.0,0.0,0.0,0.0,0.0,0.0,0.0,0,0.0,16.919,0.0,16.919
2018-01-03 04:36:00,0.0,0.0,0.0,0.0,0.0,0.0,0.0,0.0,0.0,0,0.0,16.9752,0.0,16.9752
2018-01-03 04:37:00,0.0,0.0,0.0,0.0,0.0,0.0,0.0,0.0,0.0,0,0.0,17.0314,0.0,17.0314
2018-01-03 04:38:00,0.0,0.0,0.0,0.0,0.0,0.0,0.0,0.0,0.0,0,0.0,17.0876,0.0,17.0876
2018-01-03 04:39:00,0.0,0.0,0.0,0.0,0.0,0.0,0.0,0.0,0.0,0,0.0,17.1438,0.0,17.1438
2018-01-03 04:40:00,0.0,0.0,0.0,0.0,0.0,0.0,0.0,0.0,0.0,0,0.0,17.2,0.0,17.2
2018-01-03 04:41:00,0.0,0.0,0.0,0.0,0.0,0.0,0.0,0.0,0.0,0,0.0,18.0217,0.0,18.0217
2018-01-03 04:42:00,0.0,0.0,0.0,0.0,0.0,0.0,0.0,0.0,0.0,0,0.0,18.8434,0.0,18.8434
2018-01-03 04:43:00,0.0,0.0,0.0,0.0,0.0,0.0,0.0,0.0,0.0,0,0.0,19.6651,0.0,19.6651
2018-01-03 04:44:00,0.0,0.0,0.0,0.0,0.0,0.0,0.0,0.0,0.0,0,0.0,20.4868,0.0,20.4868
2018-01-03 04:45:00,0.0,0.0,0.0,0.0,0.0,0.0,0.0,0.0,0.0,0,0.0,21.308500000000002,0.0,21.308500000000002
2018-01-03 04:46:00,0.0,0.0,0.0,0.0,0.0,0.0,0.0,0.0,0.0,0,0.0,22.130200000000002,0.0,22.130200000000002
2018-01-03 04:47:00,0.0,0.0,0.0,0.0,0.0,0.0,0.0,0.0,0.0,0,0.0,22.951900000000002,0.0,22.951900000000002
2018-01-03 04:48:00,0.0,0.0,0.0,0.0,0.0,0.0,0.0,0.0,0.0,0,0.0,23.773600000000002,0.0,23.773600000000002
2018-01-03 04:49:00,0.0,0.0,0.0,0.0,0.0,0.0,0.0,0.0,0.0,0,0.0,24.5953,0.0,24.5953
2018-01-03 04:50:00,0.0,0.0,0.0,0.0,0.0,0.0,0.0,0.0,0.0,0,0.0,25.417,0.0,25.417
2018-01-03 04:51:00,0.0,0.0,0.0,0.0,0.0,0.0,0.0,0.0,0.0,0,0.0,25.5744,0.0,25.5744
2018-01-03 04:52:00,0.0,0.0,0.0,0.0,0.0,0.0,0.0,0.0,0.0,0,0.0,25.7318,0.0,25.7318
2018-01-03 04:53:00,0.0,0.0,0.0,0.0,0.0,0.0,0.0,0.0,0.0,0,0.0,25.889200000000002,0.0,25.889200000000002
2018-01-03 04:54:00,0.0,0.0,0.0,0.0,0.0,0.0,0.0,0.0,0.0,0,0.0,26.0466,0.0,26.0466
2018-01-03 04:55:00,0.0,0.0,0.0,0.0,0.0,0.0,0.0,0.0,0.0,0,0.0,26.204,0.0,26.204
2018-01-03 04:56:00,0.0,0.0,0.0,0.0,0.0,0.0,0.0,0.0,0.0,0,0.0,26.3614,0.0,26.3614
2018-01-03 04:57:00,0.0,0.0,0.0,0.0,0.0,0.0,0.0,0.0,0.0,0,0.0,26.5188,0.0,26.5188
2018-01-03 04:58:00,0.0,0.0,0.0,0.0,0.0,0.0,0.0,0.0,0.0,0,0.0,26.6762,0.0,26.6762
2018-01-03 04:59:00,0.0,0.0,0.0,0.0,0.0,0.0,0.0,0.0,0.0,0,0.0,26.8336,0.0,26.8336
2018-01-03 05:00:00,0.0,0.0,0.0,0.0,0.0,0.0,0.0,0.0,0.0,0,0.0,26.991,0.0,26.991
2018-01-03 05:01:00,0.0,0.0,0.0,0.0,0.0,0.0,0.0,0.0,0.0,0,0.0,27.4271,0.0,27.4271
2018-01-03 05:02:00,0.0,0.0,0.0,0.0,0.0,0.0,0.0,0.0,0.0,0,0.0,27.8632,0.0,27.8632
2018-01-03 05:03:00,0.0,0.0,0.0,0.0,0.0,0.0,0.0,0.0,0.0,0,0.0,28.2993,0.0,28.2993
2018-01-03 05:04:00,0.0,0.0,0.0,0.0,0.0,0.0,0.0,0.0,0.0,0,0.0,28.7354,0.0,28.7354
2018-01-03 05:05:00,0.0,0.0,0.0,0.0,0.0,0.0,0.0,0.0,0.0,0,0.0,29.1715,0.0,29.1715
2018-01-03 05:06:00,0.0,0.0,0.0,0.0,0.0,0.0,0.0,0.0,0.0,0,0.0,29.607599999999998,0.0,29.607599999999998
2018-01-03 05:07:00,0.0,0.0,0.0,0.0,0.0,0.0,0.0,0.0,0.0,0,0.0,30.0437,0.0,30.0437
2018-01-03 05:08:00,0.0,0.0,0.0,0.0,0.0,0.0,0.0,0.0,0.0,0,0.0,30.4798,0.0,30.4798
2018-01-03 05:09:00,0.0,0.0,0.0,0.0,0.0,0.0,0.0,0.0,0.0,0,0.0,30.9159,0.0,30.9159
2018-01-03 05:10:00,0.0,0.0,0.0,0.0,0.0,0.0,0.0,0.0,0.0,0,0.0,31.352,0.0,31.352
2018-01-03 05:11:00,0.0,0.0,0.0,0.0,0.0,0.0,0.0,0.0,0.0,0,0.0,31.9654,0.0,31.9654
2018-01-03 05:12:00,0.0,0.0,0.0,0.0,0.0,0.0,0.0,0.0,0.0,0,0.0,32.5788,0.0,32.5788
2018-01-03 05:13:00,0.0,0.0,0.0,0.0,0.0,0.0,0.0,0.0,0.0,0,0.0,33.1922,0.0,33.1922
2018-01-03 05:14:00,0.0,0.0,0.0,0.0,0.0,0.0,0.0,0.0,0.0,0,0.0,33.8056,0.0,33.8056
2018-01-03 05:15:00,0.0,0.0,0.0,0.0,0.0,0.0,0.0,0.0,0.0,0,0.0,34.419,0.0,34.419
2018-01-03 05:16:00,0.0,0.0,0.0,0.0,0.0,0.0,0.0,0.0,0.0,0,0.0,35.032399999999996,0.0,35.032399999999996
2018-01-03 05:17:00,0.0,0.0,0.0,0.0,0.0,0.0,0.0,0.0,0.0,0,0.0,35.6458,0.0,35.6458
2018-01-03 05:18:00,0.0,0.0,0.0,0.0,0.0,0.0,0.0,0.0,0.0,0,0.0,36.2592,0.0,36.2592
2018-01-03 05:19:00,0.0,0.0,0.0,0.0,0.0,0.0,0.0,0.0,0.0,0,0.0,36.8726,0.0,36.8726
2018-01-03 05:20:00,0.0,0.0,0.0,0.0,0.0,0.0,0.0,0.0,0.0,0,0.0,37.486,0.0,37.486
2018-01-03 05:21:00,0.0,0.0,0.0,0.0,0.0,0.0,0.0,0.0,0.0,0,0.0,37.477999999999994,0.0,37.477999999999994
2018-01-03 05:22:00,0.0,0.0,0.0,0.0,0.0,0.0,0.0,0.0,0.0,0,0.0,37.47,0.0,37.47
2018-01-03 05:23:00,0.0,0.0,0.0,0.0,0.0,0.0,0.0,0.0,0.0,0,0.0,37.461999999999996,0.0,37.461999999999996
2018-01-03 05:24:00,0.0,0.0,0.0,0.0,0.0,0.0,0.0,0.0,0.0,0,0.0,37.454,0.0,37.454
2018-01-03 05:25:00,0.0,0.0,0.0,0.0,0.0,0.0,0.0,0.0,0.0,0,0.0,37.446,0.0,37.446
2018-01-03 05:26:00,0.0,0.0,0.0,0.0,0.0,0.0,0.0,0.0,0.0,0,0.0,37.437999999999995,0.0,37.437999999999995
2018-01-03 05:27:00,0.0,0.0,0.0,0.0,0.0,0.0,0.0,0.0,0.0,0,0.0,37.43,0.0,37.43
2018-01-03 05:28:00,0.0,0.0,0.0,0.0,0.0,0.0,0.0,0.0,0.0,0,0.0,37.422,0.0,37.422
2018-01-03 05:29:00,0.0,0.0,0.0,0.0,0.0,0.0,0.0,0.0,0.0,0,0.0,37.414,0.0,37.414
2018-01-03 05:30:00,0.0,0.0,0.0,0.0,0.0,0.0,0.0,0.0,0.0,0,0.0,37.406,0.0,37.406
2018-01-03 05:31:00,0.0,0.0,0.0,0.0,0.0,0.0,0.0,0.0,0.0,0,0.0,37.1189,0.0,37.1189
2018-01-03 05:32:00,0.0,0.0,0.0,0.0,0.0,0.0,0.0,0.0,0.0,0,0.0,36.8318,0.0,36.8318
2018-01-03 05:33:00,0.0,0.0,0.0,0.0,0.0,0.0,0.0,0.0,0.0,0,0.0,36.5447,0.0,36.5447
2018-01-03 05:34:00,0.0,0.0,0.0,0.0,0.0,0.0,0.0,0.0,0.0,0,0.0,36.2576,0.0,36.2576
2018-01-03 05:35:00,0.0,0.0,0.0,0.0,0.0,0.0,0.0,0.0,0.0,0,0.0,35.9705,0.0,35.9705
2018-01-03 05:36:00,0.0,0.0,0.0,0.0,0.0,0.0,0.0,0.0,0.0,0,0.0,35.6834,0.0,35.6834
2018-01-03 05:37:00,0.0,0.0,0.0,0.0,0.0,0.0,0.0,0.0,0.0,0,0.0,35.3963,0.0,35.3963
2018-01-03 05:38:00,0.0,0.0,0.0,0.0,0.0,0.0,0.0,0.0,0.0,0,0.0,35.109199999999994,0.0,35.109199999999994
2018-01-03 05:39:00,0.0,0.0,0.0,0.0,0.0,0.0,0.0,0.0,0.0,0,0.0,34.8221,0.0,34.8221
2018-01-03 05:40:00,0.0,0.0,0.0,0.0,0.0,0.0,0.0,0.0,0.0,0,0.0,34.535,0.0,34.535
2018-01-03 05:41:00,0.0,0.0,0.0,0.0,0.0,0.0,0.0,0.0,0.0,0,0.0,34.1772,0.0,34.1772
2018-01-03 05:42:00,0.0,0.0,0.0,0.0,0.0,0.0,0.0,0.0,0.0,0,0.0,33.819399999999995,0.0,33.819399999999995
2018-01-03 05:43:00,0.0,0.0,0.0,0.0,0.0,0.0,0.0,0.0,0.0,0,0.0,33.4616,0.0,33.4616
2018-01-03 05:44:00,0.0,0.0,0.0,0.0,0.0,0.0,0.0,0.0,0.0,0,0.0,33.1038,0.0,33.1038
2018-01-03 05:45:00,0.0,0.0,0.0,0.0,0.0,0.0,0.0,0.0,0.0,0,0.0,32.745999999999995,0.0,32.745999999999995
2018-01-03 05:46:00,0.0,0.0,0.0,0.0,0.0,0.0,0.0,0.0,0.0,0,0.0,32.3882,0.0,32.3882
2018-01-03 05:47:00,0.0,0.0,0.0,0.0,0.0,0.0,0.0,0.0,0.0,0,0.0,32.0304,0.0,32.0304
2018-01-03 05:48:00,0.0,0.0,0.0,0.0,0.0,0.0,0.0,0.0,0.0,0,0.0,31.6726,0.0,31.6726
2018-01-03 05:49:00,0.0,0.0,0.0,0.0,0.0,0.0,0.0,0.0,0.0,0,0.0,31.3148,0.0,31.3148
2018-01-03 05:50:00,0.0,0.0,0.0,0.0,0.0,0.0,0.0,0.0,0.0,0,0.0,30.957,0.0,30.957
2018-01-03 05:51:00,0.0,0.0,0.0,0.0,0.0,0.0,0.0,0.0,0.0,0,0.0,30.814700000000002,0.0,30.814700000000002
2018-01-03 05:52:00,0.0,0.0,0.0,0.0,0.0,0.0,0.0,0.0,0.0,0,0.0,30.6724,0.0,30.6724
2018-01-03 05:53:00,0.0,0.0,0.0,0.0,0.0,0.0,0.0,0.0,0.0,0,0.0,30.5301,0.0,30.5301
2018-01-03 05:54:00,0.0,0.0,0.0,0.0,0.0,0.0,0.0,0.0,0.0,0,0.0,30.3878,0.0,30.3878
2018-01-03 05:55:00,0.0,0.0,0.0,0.0,0.0,0.0,0.0,0.0,0.0,0,0.0,30.2455,0.0,30.2455
2018-01-03 05:56:00,0.0,0.0,0.0,0.0,0.0,0.0,0.0,0.0,0.0,0,0.0,30.1032,0.0,30.1032
2018-01-03 05:57:00,0.0,0.0,0.0,0.0,0.0,0.0,0.0,0.0,0.0,0,0.0,29.9609,0.0,29.9609
2018-01-03 05:58:00,0.0,0.0,0.0,0.0,0.0,0.0,0.0,0.0,0.0,0,0.0,29.8186,0.0,29.8186
2018-01-03 05:59:00,0.0,0.0,0.0,0.0,0.0,0.0,0.0,0.0,0.0,0,0.0,29.676299999999998,0.0,29.676299999999998
2018-01-03 06:00:00,0.0,0.0,0.0,0.0,0.0,0.0,0.0,0.0,0.0,0,0.0,29.534,0.0,29.534
2018-01-03 06:01:00,0.0,0.0,0.0,0.0,0.0,0.0,0.0,0.0,0.0,0,0.0,29.261899999999997,0.0,29.261899999999997
2018-01-03 06:02:00,0.0,0.0,0.0,0.0,0.0,0.0,0.0,0.0,0.0,0,0.0,28.9898,0.0,28.9898
2018-01-03 06:03:00,0.0,0.0,0.0,0.0,0.0,0.0,0.0,0.0,0.0,0,0.0,28.7177,0.0,28.7177
2018-01-03 06:04:00,0.0,0.0,0.0,0.0,0.0,0.0,0.0,0.0,0.0,0,0.0,28.4456,0.0,28.4456
2018-01-03 06:05:00,0.0,0.0,0.0,0.0,0.0,0.0,0.0,0.0,0.0,0,0.0,28.173499999999997,0.0,28.173499999999997
2018-01-03 06:06:00,0.0,0.0,0.0,0.0,0.0,0.0,0.0,0.0,0.0,0,0.0,27.9014,0.0,27.9014
2018-01-03 06:07:00,0.0,0.0,0.0,0.0,0.0,0.0,0.0,0.0,0.0,0,0.0,27.6293,0.0,27.6293
2018-01-03 06:08:00,0.0,0.0,0.0,0.0,0.0,0.0,0.0,0.0,0.0,0,0.0,27.3572,0.0,27.3572
2018-01-03 06:09:00,0.0,0.0,0.0,0.0,0.0,0.0,0.0,0.0,0.0,0,0.0,27.085099999999997,0.0,27.085099999999997
2018-01-03 06:10:00,0.0,0.0,0.0,0.0,0.0,0.0,0.0,0.0,0.0,0,0.0,26.813,0.0,26.813
2018-01-03 06:11:00,0.0,0.0,0.0,0.0,0.0,0.0,0.0,0.0,0.0,0,0.0,26.9575,0.0,26.9575
2018-01-03 06:12:00,0.0,0.0,0.0,0.0,0.0,0.0,0.0,0.0,0.0,0,0.0,27.102,0.0,27.102
2018-01-03 06:13:00,0.0,0.0,0.0,0.0,0.0,0.0,0.0,0.0,0.0,0,0.0,27.246499999999997,0.0,27.246499999999997
2018-01-03 06:14:00,0.0,0.0,0.0,0.0,0.0,0.0,0.0,0.0,0.0,0,0.0,27.391,0.0,27.391
2018-01-03 06:15:00,0.0,0.0,0.0,0.0,0.0,0.0,0.0,0.0,0.0,0,0.0,27.5355,0.0,27.5355
2018-01-03 06:16:00,0.0,0.0,0.0,0.0,0.0,0.0,0.0,0.0,0.0,0,0.0,27.68,0.0,27.68
2018-01-03 06:17:00,0.0,0.0,0.0,0.0,0.0,0.0,0.0,0.0,0.0,0,0.0,27.8245,0.0,27.8245
2018-01-03 06:18:00,0.0,0.0,0.0,0.0,0.0,0.0,0.0,0.0,0.0,0,0.0,27.968999999999998,0.0,27.968999999999998
2018-01-03 06:19:00,0.0,0.0,0.0,0.0,0.0,0.0,0.0,0.0,0.0,0,0.0,28.1135,0.0,28.1135
2018-01-03 06:20:00,0.0,0.0,0.0,0.0,0.0,0.0,0.0,0.0,0.0,0,0.0,28.258,0.0,28.258
2018-01-03 06:21:00,0.0,0.0,0.0,0.0,0.0,0.0,0.0,0.0,0.0,0,0.0,28.6088,0.0,28.6088
2018-01-03 06:22:00,0.0,0.0,0.0,0.0,0.0,0.0,0.0,0.0,0.0,0,0.0,28.9596,0.0,28.9596
2018-01-03 06:23:00,0.0,0.0,0.0,0.0,0.0,0.0,0.0,0.0,0.0,0,0.0,29.310399999999998,0.0,29.310399999999998
2018-01-03 06:24:00,0.0,0.0,0.0,0.0,0.0,0.0,0.0,0.0,0.0,0,0.0,29.661199999999997,0.0,29.661199999999997
2018-01-03 06:25:00,0.0,0.0,0.0,0.0,0.0,0.0,0.0,0.0,0.0,0,0.0,30.012,0.0,30.012
2018-01-03 06:26:00,0.0,0.0,0.0,0.0,0.0,0.0,0.0,0.0,0.0,0,0.0,30.3628,0.0,30.3628
2018-01-03 06:27:00,0.0,0.0,0.0,0.0,0.0,0.0,0.0,0.0,0.0,0,0.0,30.7136,0.0,30.7136
2018-01-03 06:28:00,0.0,0.0,0.0,0.0,0.0,0.0,0.0,0.0,0.0,0,0.0,31.0644,0.0,31.0644
2018-01-03 06:29:00,0.0,0.0,0.0,0.0,0.0,0.0,0.0,0.0,0.0,0,0.0,31.4152,0.0,31.4152
2018-01-03 06:30:00,0.0,0.0,0.0,0.0,0.0,0.0,0.0,0.0,0.0,0,0.0,31.766,0.0,31.766
2018-01-03 06:31:00,0.0,0.0,0.0,0.0,0.0,0.0,0.0,0.0,0.0,0,0.0,31.7457,0.0,31.7457
2018-01-03 06:32:00,0.0,0.0,0.0,0.0,0.0,0.0,0.0,0.0,0.0,0,0.0,31.725399999999997,0.0,31.725399999999997
2018-01-03 06:33:00,0.0,0.0,0.0,0.0,0.0,0.0,0.0,0.0,0.0,0,0.0,31.705099999999998,0.0,31.705099999999998
2018-01-03 06:34:00,0.0,0.0,0.0,0.0,0.0,0.0,0.0,0.0,0.0,0,0.0,31.6848,0.0,31.6848
2018-01-03 06:35:00,0.0,0.0,0.0,0.0,0.0,0.0,0.0,0.0,0.0,0,0.0,31.664499999999997,0.0,31.664499999999997
2018-01-03 06:36:00,0.0,0.0,0.0,0.0,0.0,0.0,0.0,0.0,0.0,0,0.0,31.644199999999998,0.0,31.644199999999998
2018-01-03 06:37:00,0.0,0.0,0.0,0.0,0.0,0.0,0.0,0.0,0.0,0,0.0,31.6239,0.0,31.6239
2018-01-03 06:38:00,0.0,0.0,0.0,0.0,0.0,0.0,0.0,0.0,0.0,0,0.0,31.6036,0.0,31.6036
2018-01-03 06:39:00,0.0,0.0,0.0,0.0,0.0,0.0,0.0,0.0,0.0,0,0.0,31.583299999999998,0.0,31.583299999999998
2018-01-03 06:40:00,0.0,0.0,0.0,0.0,0.0,0.0,0.0,0.0,0.0,0,0.0,31.563,0.0,31.563
2018-01-03 06:41:00,0.0,0.0,0.0,0.0,0.0,0.0,0.0,0.0,0.0,0,0.0,31.5397,0.0,31.5397
2018-01-03 06:42:00,0.0,0.0,0.0,0.0,0.0,0.0,0.0,0.0,0.0,0,0.0,31.516399999999997,0.0,31.516399999999997
2018-01-03 06:43:00,0.0,0.0,0.0,0.0,0.0,0.0,0.0,0.0,0.0,0,0.0,31.4931,0.0,31.4931
2018-01-03 06:44:00,0.0,0.0,0.0,0.0,0.0,0.0,0.0,0.0,0.0,0,0.0,31.4698,0.0,31.4698
2018-01-03 06:45:00,0.0,0.0,0.0,0.0,0.0,0.0,0.0,0.0,0.0,0,0.0,31.4465,0.0,31.4465
2018-01-03 06:46:00,0.0,0.0,0.0,0.0,0.0,0.0,0.0,0.0,0.0,0,0.0,31.423199999999998,0.0,31.423199999999998
2018-01-03 06:47:00,0.0,0.0,0.0,0.0,0.0,0.0,0.0,0.0,0.0,0,0.0,31.3999,0.0,31.3999
2018-01-03 06:48:00,0.0,0.0,0.0,0.0,0.0,0.0,0.0,0.0,0.0,0,0.0,31.3766,0.0,31.3766
2018-01-03 06:49:00,0.0,0.0,0.0,0.0,0.0,0.0,0.0,0.0,0.0,0,0.0,31.353299999999997,0.0,31.353299999999997
2018-01-03 06:50:00,0.0,0.0,0.0,0.0,0.0,0.0,0.0,0.0,0.0,0,0.0,31.33,0.0,31.33
2018-01-03 06:51:00,0.0,0.0,0.0,0.0,0.0,0.0,0.0,0.0,0.0,0,0.0,31.486099999999997,0.0,31.486099999999997
2018-01-03 06:52:00,0.0,0.0,0.0,0.0,0.0,0.0,0.0,0.0,0.0,0,0.0,31.6422,0.0,31.6422
2018-01-03 06:53:00,0.0,0.0,0.0,0.0,0.0,0.0,0.0,0.0,0.0,0,0.0,31.798299999999998,0.0,31.798299999999998
2018-01-03 06:54:00,0.0,0.0,0.0,0.0,0.0,0.0,0.0,0.0,0.0,0,0.0,31.9544,0.0,31.9544
2018-01-03 06:55:00,0.0,0.0,0.0,0.0,0.0,0.0,0.0,0.0,0.0,0,0.0,32.1105,0.0,32.1105
2018-01-03 06:56:00,0.0,0.0,0.0,0.0,0.0,0.0,0.0,0.0,0.0,0,0.0,32.2666,0.0,32.2666
2018-01-03 06:57:00,0.0,0.0,0.0,0.0,0.0,0.0,0.0,0.0,0.0,0,0.0,32.4227,0.0,32.4227
2018-01-03 06:58:00,0.0,0.0,0.0,0.0,0.0,0.0,0.0,0.0,0.0,0,0.0,32.5788,0.0,32.5788
2018-01-03 06:59:00,0.0,0.0,0.0,0.0,0.0,0.0,0.0,0.0,0.0,0,0.0,32.734899999999996,0.0,32.734899999999996
2018-01-03 07:00:00,0.0,0.0,0.0,0.0,0.0,0.0,0.0,0.0,0.0,0,0.0,32.891,0.0,32.891
2018-01-03 07:01:00,0.001,0.0,0.0,0.0,0.0,0.0,0.0,0.0,0.0,0,0.001,32.9248,1.0,32.925799999999995
2018-01-03 07:02:00,0.001,0.0,0.0,0.0,0.0,0.0,0.0,0.0,0.0,0,0.001,32.9586,1.0,32.959599999999995
2018-01-03 07:03:00,0.001,0.0,0.0,0.0,0.0,0.0,0.0,0.0,0.0,0,0.001,32.992399999999996,1.0,32.993399999999994
2018-01-03 07:04:00,0.001,0.0,0.0,0.0,0.0,0.0,0.0,0.0,0.0,0,0.001,33.026199999999996,1.0,33.02719999999999
2018-01-03 07:05:00,0.001,0.0,0.0,0.0,0.0,0.0,0.0,0.0,0.0,0,0.001,33.06,1.0,33.061
2018-01-03 07:06:00,0.001,0.0,0.0,0.0,0.0,0.0,0.0,0.0,0.0,0,0.001,33.0938,1.0,33.0948
2018-01-03 07:07:00,0.001,0.0,0.0,0.0,0.0,0.0,0.0,0.0,0.0,0,0.001,33.1276,1.0,33.1286
2018-01-03 07:08:00,0.001,0.0,0.0,0.0,0.0,0.0,0.0,0.0,0.0,0,0.001,33.1614,1.0,33.1624
2018-01-03 07:09:00,0.001,0.0,0.0,0.0,0.0,0.0,0.0,0.0,0.0,0,0.001,33.1952,1.0,33.1962
2018-01-03 07:10:00,0.001,0.0,0.0,0.0,0.0,0.0,0.0,0.0,0.0,0,0.001,33.229,1.0,33.23
2018-01-03 07:11:00,0.001,0.0,0.0,0.0,0.0,0.0,0.0,0.0,0.0,0,0.001,34.0006,1.0,34.001599999999996
2018-01-03 07:12:00,0.001,0.0,0.0,0.0,0.0,0.0,0.0,0.0,0.0,0,0.001,34.7722,1.0,34.773199999999996
2018-01-03 07:13:00,0.001,0.0,0.0,0.0,0.0,0.0,0.0,0.0,0.0,0,0.001,35.5438,1.0,35.544799999999995
2018-01-03 07:14:00,0.001,0.0,0.0,0.0,0.0,0.0,0.0,0.0,0.0,0,0.001,36.3154,1.0,36.316399999999994
2018-01-03 07:15:00,0.001,0.0,0.0,0.0,0.0,0.0,0.0,0.0,0.0,0,0.001,37.087,1.0,37.088
2018-01-03 07:16:00,0.001,0.0,0.0,0.0,0.0,0.0,0.0,0.0,0.0,0,0.001,37.858599999999996,1.0,37.85959999999999
2018-01-03 07:17:00,0.001,0.0,0.0,0.0,0.0,0.0,0.0,0.0,0.0,0,0.001,38.6302,1.0,38.6312
2018-01-03 07:18:00,0.001,0.0,0.0,0.0,0.0,0.0,0.0,0.0,0.0,0,0.001,39.4018,1.0,39.4028
2018-01-03 07:19:00,0.001,0.0,0.0,0.0,0.0,0.0,0.0,0.0,0.0,0,0.001,40.1734,1.0,40.1744
2018-01-03 07:20:00,0.001,0.0,0.0,0.0,0.0,0.0,0.0,0.0,0.0,0,0.001,40.945,1.0,40.946
2018-01-03 07:21:00,0.001,0.0,0.0,0.0,0.0,0.0,0.0,0.0,0.0,0,0.001,40.9471,1.0,40.9481
2018-01-03 07:22:00,0.001,0.0,0.0,0.0,0.0,0.0,0.0,0.0,0.0,0,0.001,40.9492,1.0,40.950199999999995
2018-01-03 07:23:00,0.001,0.0,0.0,0.0,0.0,0.0,0.0,0.0,0.0,0,0.001,40.9513,1.0,40.9523
2018-01-03 07:24:00,0.001,0.0,0.0,0.0,0.0,0.0,0.0,0.0,0.0,0,0.001,40.9534,1.0,40.9544
2018-01-03 07:25:00,0.001,0.0,0.0,0.0,0.0,0.0,0.0,0.0,0.0,0,0.001,40.9555,1.0,40.9565
2018-01-03 07:26:00,0.001,0.0,0.0,0.0,0.0,0.0,0.0,0.0,0.0,0,0.001,40.9576,1.0,40.9586
2018-01-03 07:27:00,0.001,0.0,0.0,0.0,0.0,0.0,0.0,0.0,0.0,0,0.001,40.9597,1.0,40.960699999999996
2018-01-03 07:28:00,0.001,0.0,0.0,0.0,0.0,0.0,0.0,0.0,0.0,0,0.001,40.961800000000004,1.0,40.9628
2018-01-03 07:29:00,0.001,0.0,0.0,0.0,0.0,0.0,0.0,0.0,0.0,0,0.001,40.9639,1.0,40.9649
2018-01-03 07:30:00,0.001,0.0,0.0,0.0,0.0,0.0,0.0,0.0,0.0,0,0.001,40.966,1.0,40.967
2018-01-03 07:31:00,0.001,0.0,0.0,0.0,0.0,0.0,0.0,0.0,0.0,0,0.001,40.4561,1.0,40.4571
2018-01-03 07:32:00,0.001,0.0,0.0,0.0,0.0,0.0,0.0,0.0,0.0,0,0.001,39.9462,1.0,39.947199999999995
2018-01-03 07:33:00,0.001,0.0,0.0,0.0,0.0,0.0,0.0,0.0,0.0,0,0.001,39.4363,1.0,39.4373
2018-01-03 07:34:00,0.001,0.0,0.0,0.0,0.0,0.0,0.0,0.0,0.0,0,0.001,38.9264,1.0,38.9274
2018-01-03 07:35:00,0.001,0.0,0.0,0.0,0.0,0.0,0.0,0.0,0.0,0,0.001,38.4165,1.0,38.4175
2018-01-03 07:36:00,0.001,0.0,0.0,0.0,0.0,0.0,0.0,0.0,0.0,0,0.001,37.9066,1.0,37.907599999999995
2018-01-03 07:37:00,0.001,0.0,0.0,0.0,0.0,0.0,0.0,0.0,0.0,0,0.001,37.396699999999996,1.0,37.39769999999999
2018-01-03 07:38:00,0.001,0.0,0.0,0.0,0.0,0.0,0.0,0.0,0.0,0,0.001,36.8868,1.0,36.8878
2018-01-03 07:39:00,0.001,0.0,0.0,0.0,0.0,0.0,0.0,0.0,0.0,0,0.001,36.3769,1.0,36.3779
2018-01-03 07:40:00,0.001,0.0,0.0,0.0,0.0,0.0,0.0,0.0,0.0,0,0.001,35.867,1.0,35.867999999999995
2018-01-03 07:41:00,0.001,0.0,0.0,0.0,0.0,0.0,0.0,0.0,0.0,0,0.001,36.130399999999995,1.0,36.13139999999999
2018-01-03 07:42:00,0.001,0.0,0.0,0.0,0.0,0.0,0.0,0.0,0.0,0,0.001,36.3938,1.0,36.3948
2018-01-03 07:43:00,0.001,0.0,0.0,0.0,0.0,0.0,0.0,0.0,0.0,0,0.001,36.657199999999996,1.0,36.658199999999994
2018-01-03 07:44:00,0.001,0.0,0.0,0.0,0.0,0.0,0.0,0.0,0.0,0,0.001,36.9206,1.0,36.9216
2018-01-03 07:45:00,0.001,0.0,0.0,0.0,0.0,0.0,0.0,0.0,0.0,0,0.001,37.184,1.0,37.184999999999995
2018-01-03 07:46:00,0.001,0.0,0.0,0.0,0.0,0.0,0.0,0.0,0.0,0,0.001,37.447399999999995,1.0,37.44839999999999
2018-01-03 07:47:00,0.001,0.0,0.0,0.0,0.0,0.0,0.0,0.0,0.0,0,0.001,37.7108,1.0,37.7118
2018-01-03 07:48:00,0.001,0.0,0.0,0.0,0.0,0.0,0.0,0.0,0.0,0,0.001,37.974199999999996,1.0,37.975199999999994
2018-01-03 07:49:00,0.001,0.0,0.0,0.0,0.0,0.0,0.0,0.0,0.0,0,0.001,38.2376,1.0,38.2386
2018-01-03 07:50:00,0.001,0.0,0.0,0.0,0.0,0.0,0.0,0.0,0.0,0,0.001,38.501,1.0,38.501999999999995
2018-01-03 07:51:00,0.001,0.0,0.0,0.0,0.0,0.0,0.0,0.0,0.0,0,0.001,38.7847,1.0,38.7857
2018-01-03 07:52:00,0.001,0.0,0.0,0.0,0.0,0.0,0.0,0.0,0.0,0,0.001,39.0684,1.0,39.069399999999995
2018-01-03 07:53:00,0.001,0.0,0.0,0.0,0.0,0.0,0.0,0.0,0.0,0,0.001,39.3521,1.0,39.3531
2018-01-03 07:54:00,0.001,0.0,0.0,0.0,0.0,0.0,0.0,0.0,0.0,0,0.001,39.635799999999996,1.0,39.636799999999994
2018-01-03 07:55:00,0.001,0.0,0.0,0.0,0.0,0.0,0.0,0.0,0.0,0,0.001,39.9195,1.0,39.9205
2018-01-03 07:56:00,0.001,0.0,0.0,0.0,0.0,0.0,0.0,0.0,0.0,0,0.001,40.2032,1.0,40.2042
2018-01-03 07:57:00,0.001,0.0,0.0,0.0,0.0,0.0,0.0,0.0,0.0,0,0.001,40.4869,1.0,40.487899999999996
2018-01-03 07:58:00,0.001,0.0,0.0,0.0,0.0,0.0,0.0,0.0,0.0,0,0.001,40.7706,1.0,40.7716
2018-01-03 07:59:00,0.001,0.0,0.0,0.0,0.0,0.0,0.0,0.0,0.0,0,0.001,41.0543,1.0,41.055299999999995
2018-01-03 08:00:00,0.001,0.0,0.0,0.0,0.0,0.0,0.0,0.0,0.0,0,0.001,41.338,1.0,41.339
2018-01-03 08:01:00,0.001,0.0,0.0,0.0,0.0,0.0,0.0,0.0,0.0,0,0.001,41.7018,1.0,41.702799999999996
2018-01-03 08:02:00,0.0,0.0,0.0,0.0,0.0,0.0,0.0,0.0,0.0,0,0.0,42.0656,0.0,42.0656
2018-01-03 08:03:00,0.0,0.0,0.0,0.0,0.0,0.0,0.0,0.0,0.0,0,0.0,42.4294,0.0,42.4294
2018-01-03 08:04:00,0.0,0.0,0.0,0.0,0.0,0.0,0.0,0.0,0.0,0,0.0,42.7932,0.0,42.7932
2018-01-03 08:05:00,0.0,0.0,0.0,0.0,0.0,0.0,0.0,0.0,0.0,0,0.0,43.157,0.0,43.157
2018-01-03 08:06:00,0.0,0.0,0.0,0.0,0.0,0.0,0.0,0.0,0.0,0,0.0,43.5208,0.0,43.5208
2018-01-03 08:07:00,0.0,0.0,0.0,0.0,0.0,0.0,0.0,0.0,0.0,0,0.0,43.8846,0.0,43.8846
2018-01-03 08:08:00,0.0,0.0,0.0,0.0,0.0,0.0,0.0,0.0,0.0,0,0.0,44.2484,0.0,44.2484
2018-01-03 08:09:00,0.0,0.0,0.0,0.0,0.0,0.0,0.0,0.0,0.0,0,0.0,44.6122,0.0,44.6122
2018-01-03 08:10:00,0.0,0.0,0.0,0.0,0.0,0.0,0.0,0.0,0.0,0,0.0,44.976,0.0,44.976
2018-01-03 08:11:00,0.0,0.0,0.0,0.0,0.0,0.0,0.0,0.0,0.0,0,0.0,45.6157,0.0,45.6157
2018-01-03 08:12:00,0.0,0.0,0.0,0.0,0.0,0.0,0.0,0.0,0.0,0,0.0,46.2554,0.0,46.2554
2018-01-03 08:13:00,0.0,0.0,0.0,0.0,0.0,0.0,0.0,0.0,0.0,0,0.0,46.8951,0.0,46.8951
2018-01-03 08:14:00,0.0,0.0,0.0,0.0,0.0,0.0,0.0,0.0,0.0,0,0.0,47.5348,0.0,47.5348
2018-01-03 08:15:00,0.0,0.0,0.0,0.0,0.0,0.0,0.0,0.0,0.0,0,0.0,48.174499999999995,0.0,48.174499999999995
2018-01-03 08:16:00,0.0,0.0,0.0,0.0,0.0,0.0,0.0,0.0,0.0,0,0.0,48.8142,0.0,48.8142
2018-01-03 08:17:00,0.0,0.0,0.0,0.0,0.0,0.0,0.0,0.0,0.0,0,0.0,49.4539,0.0,49.4539
2018-01-03 08:18:00,0.0,0.0,0.0,0.0,0.0,0.0,0.0,0.0,0.0,0,0.0,50.093599999999995,0.0,50.093599999999995
2018-01-03 08:19:00,0.0,0.0,0.0,0.0,0.0,0.0,0.0,0.0,0.0,0,0.0,50.7333,0.0,50.7333
2018-01-03 08:20:00,0.0,0.0,0.0,0.0,0.0,0.0,0.0,0.0,0.0,0,0.0,51.373,0.0,51.373
2018-01-03 08:21:00,0.0,0.0,0.0,0.0,0.0,0.0,0.0,0.0,0.0,0,0.0,52.1622,0.0,52.1622
2018-01-03 08:22:00,0.0,0.0,0.0,0.0,0.0,0.0,0.0,0.0,0.0,0,0.0,52.9514,0.0,52.9514
2018-01-03 08:23:00,0.0,0.0,0.0,0.0,0.0,0.0,0.0,0.0,0.0,0,0.0,53.7406,0.0,53.7406
2018-01-03 08:24:00,0.0,0.0,0.0,0.0,0.0,0.0,0.0,0.0,0.0,0,0.0,54.5298,0.0,54.5298
2018-01-03 08:25:00,0.0,0.0,0.0,0.0,0.0,0.0,0.0,0.0,0.0,0,0.0,55.319,0.0,55.319
2018-01-03 08:26:00,0.0,0.0,0.0,0.0,0.0,0.0,0.0,0.0,0.0,0,0.0,56.1082,0.0,56.1082
2018-01-03 08:27:00,0.0,0.0,0.0,0.0,0.0,0.0,0.0,0.0,0.0,0,0.0,56.8974,0.0,56.8974
2018-01-03 08:28:00,0.0,0.0,0.0,0.0,0.0,0.0,0.0,0.0,0.0,0,0.0,57.6866,0.0,57.6866
2018-01-03 08:29:00,0.0,0.0,0.0,0.0,0.0,0.0,0.0,0.0,0.0,0,0.0,58.4758,0.0,58.4758
2018-01-03 08:30:00,0.0,0.0,0.0,0.0,0.0,0.0,0.0,0.0,0.0,0,0.0,59.265,0.0,59.265
2018-01-03 08:31:00,0.0,0.0,0.0,0.0,0.0,0.0,0.0,0.0,0.0,0,0.0,59.0177,0.0,59.0177
2018-01-03 08:32:00,0.0,0.0,0.0,0.0,0.0,0.0,0.0,0.0,0.0,0,0.0,58.7704,0.0,58.7704
2018-01-03 08:33:00,0.0,0.0,0.0,0.0,0.0,0.0,0.0,0.0,0.0,0,0.0,58.5231,0.0,58.5231
2018-01-03 08:34:00,0.0,0.0,0.0,0.0,0.0,0.0,0.0,0.0,0.0,0,0.0,58.275800000000004,0.0,58.275800000000004
2018-01-03 08:35:00,0.0,0.0,0.0,0.0,0.0,0.0,0.0,0.0,0.0,0,0.0,58.0285,0.0,58.0285
2018-01-03 08:36:00,0.0,0.0,0.0,0.0,0.0,0.0,0.0,0.0,0.0,0,0.0,57.7812,0.0,57.7812
2018-01-03 08:37:00,0.0,0.0,0.0,0.0,0.0,0.0,0.0,0.0,0.0,0,0.0,57.5339,0.0,57.5339
2018-01-03 08:38:00,0.0,0.0,0.0,0.0,0.0,0.0,0.0,0.0,0.0,0,0.0,57.2866,0.0,57.2866
2018-01-03 08:39:00,0.0,0.0,0.0,0.0,0.0,0.0,0.0,0.0,0.0,0,0.0,57.039300000000004,0.0,57.039300000000004
2018-01-03 08:40:00,0.0,0.0,0.0,0.0,0.0,0.0,0.0,0.0,0.0,0,0.0,56.792,0.0,56.792
2018-01-03 08:41:00,0.0,0.0,0.0,0.0,0.0,0.0,0.0,0.0,0.0,0,0.0,56.8705,0.0,56.8705
2018-01-03 08:42:00,0.0,0.0,0.0,0.0,0.0,0.0,0.0,0.0,0.0,0,0.0,56.949,0.0,56.949
2018-01-03 08:43:00,0.0,0.0,0.0,0.0,0.0,0.0,0.0,0.0,0.0,0,0.0,57.0275,0.0,57.0275
2018-01-03 08:44:00,0.0,0.0,0.0,0.0,0.0,0.0,0.0,0.0,0.0,0,0.0,57.106,0.0,57.106
2018-01-03 08:45:00,0.0,0.0,0.0,0.0,0.0,0.0,0.0,0.0,0.0,0,0.0,57.1845,0.0,57.1845
2018-01-03 08:46:00,0.0,0.0,0.0,0.0,0.0,0.0,0.0,0.0,0.0,0,0.0,57.263,0.0,57.263
2018-01-03 08:47:00,0.0,0.0,0.0,0.0,0.0,0.0,0.0,0.0,0.0,0,0.0,57.341499999999996,0.0,57.341499999999996
2018-01-03 08:48:00,0.0,0.0,0.0,0.0,0.0,0.0,0.0,0.0,0.0,0,0.0,57.42,0.0,57.42
2018-01-03 08:49:00,0.0,0.0,0.0,0.0,0.0,0.0,0.0,0.0,0.0,0,0.0,57.4985,0.0,57.4985
2018-01-03 08:50:00,0.0,0.0,0.0,0.0,0.0,0.0,0.0,0.0,0.0,0,0.0,57.577,0.0,57.577
2018-01-03 08:51:00,0.001,0.0,0.0,0.0,0.0,0.0,0.0,0.0,0.0,0,0.001,57.6204,1.0,57.621399999999994
2018-01-03 08:52:00,0.001,0.0,0.0,0.0,0.0,0.0,0.0,0.0,0.0,0,0.001,57.6638,1.0,57.6648
2018-01-03 08:53:00,0.001,0.0,0.0,0.0,0.0,0.0,0.0,0.0,0.0,0,0.001,57.7072,1.0,57.7082
2018-01-03 08:54:00,0.001,0.001,0.0,0.0,0.0,0.0,0.0,0.0,0.0,0,0.002,57.7506,2.0,57.7526
2018-01-03 08:55:00,0.001,0.001,0.0,0.0,0.0,0.0,0.0,0.0,0.0,0,0.002,57.794,2.0,57.796
2018-01-03 08:56:00,0.001,0.001,0.0,0.0,0.0,0.0,0.0,0.0,0.0,0,0.002,57.8374,2.0,57.839400000000005
2018-01-03 08:57:00,0.001,0.001,0.0,0.0,0.0,0.0,0.0,0.0,0.0,0,0.002,57.8808,2.0,57.8828
2018-01-03 08:58:00,0.001,0.001,0.0,0.0,0.0,0.0,0.0,0.0,0.0,0,0.002,57.9242,2.0,57.9262
2018-01-03 08:59:00,0.001,0.001,0.0,0.0,0.0,0.0,0.0,0.0,0.0,0,0.002,57.967600000000004,2.0,57.96960000000001
2018-01-03 09:00:00,0.001,0.001,0.0,0.0,0.0,0.0,0.0,0.0,0.0,0,0.002,58.011,2.0,58.013000000000005
2018-01-03 09:01:00,0.001,0.001,0.0,0.0,0.0,0.0,0.0,0.0,0.0,0,0.002,57.9589,2.0,57.9609
2018-01-03 09:02:00,0.001,0.001,0.0,0.0,0.0,0.0,0.0,0.0,0.0,0,0.002,57.906800000000004,2.0,57.90880000000001
2018-01-03 09:03:00,0.001,0.001,0.0,0.0,0.0,0.0,0.0,0.0,0.0,0,0.002,57.8547,2.0,57.856700000000004
2018-01-03 09:04:00,0.001,0.001,0.0,0.0,0.0,0.0,0.0,0.0,0.0,0,0.002,57.802600000000005,2.0,57.80460000000001
2018-01-03 09:05:00,0.001,0.001,0.0,0.0,0.0,0.0,0.0,0.0,0.0,0,0.002,57.7505,2.0,57.752500000000005
2018-01-03 09:06:00,0.001,0.001,0.0,0.0,0.0,0.0,0.0,0.0,0.0,0,0.002,57.6984,2.0,57.7004
2018-01-03 09:07:00,0.001,0.001,0.0,0.0,0.0,0.0,0.0,0.0,0.0,0,0.002,57.646300000000004,2.0,57.648300000000006
2018-01-03 09:08:00,0.001,0.001,0.0,0.0,0.0,0.0,0.0,0.0,0.0,0,0.002,57.5942,2.0,57.5962
2018-01-03 09:09:00,0.001,0.001,0.0,0.0,0.0,0.0,0.0,0.0,0.0,0,0.002,57.542100000000005,2.0,57.54410000000001
2018-01-03 09:10:00,0.001,0.001,0.0,0.0,0.0,0.0,0.0,0.0,0.0,0,0.002,57.49,2.0,57.492000000000004
2018-01-03 09:11:00,0.001,0.001,0.0,0.0,0.0,0.0,0.0,0.0,0.0,0,0.002,57.7059,2.0,57.7079
2018-01-03 09:12:00,0.001,0.001,0.0,0.0,0.0,0.0,0.0,0.0,0.0,0,0.002,57.921800000000005,2.0,57.92380000000001
2018-01-03 09:13:00,0.001,0.001,0.0,0.0,0.0,0.0,0.0,0.0,0.0,0,0.002,58.1377,2.0,58.139700000000005
2018-01-03 09:14:00,0.001,0.001,0.0,0.0,0.0,0.0,0.0,0.0,0.0,0,0.002,58.3536,2.0,58.3556
2018-01-03 09:15:00,0.001,0.001,0.0,0.0,0.0,0.0,0.0,0.0,0.0,0,0.002,58.569500000000005,2.0,58.57150000000001
2018-01-03 09:16:00,0.001,0.001,0.0,0.0,0.0,0.0,0.0,0.0,0.0,0,0.002,58.7854,2.0,58.787400000000005
2018-01-03 09:17:00,0.001,0.001,0.0,0.0,0.0,0.0,0.0,0.0,0.0,0,0.002,59.0013,2.0,59.0033
2018-01-03 09:18:00,0.001,0.001,0.0,0.0,0.0,0.0,0.0,0.0,0.0,0,0.002,59.2172,2.0,59.2192
2018-01-03 09:19:00,0.001,0.001,0.0,0.0,0.0,0.0,0.0,0.0,0.0,0,0.002,59.4331,2.0,59.435100000000006
2018-01-03 09:20:00,0.001,0.001,0.0,0.0,0.0,0.0,0.0,0.0,0.0,0,0.002,59.649,2.0,59.651
2018-01-03 09:21:00,0.001,0.001,0.0,0.0,0.0,0.0,0.0,0.0,0.0,0,0.002,59.929700000000004,2.0,59.931700000000006
2018-01-03 09:22:00,0.001,0.001,0.0,0.0,0.0,0.0,0.0,0.0,0.0,0,0.002,60.2104,2.0,60.2124
2018-01-03 09:23:00,0.001,0.001,0.0,0.0,0.0,0.0,0.0,0.0,0.0,0,0.002,60.4911,2.0,60.493100000000005
2018-01-03 09:24:00,0.001,0.001,0.0,0.0,0.0,0.0,0.0,0.0,0.0,0,0.002,60.7718,2.0,60.7738
2018-01-03 09:25:00,0.001,0.001,0.0,0.0,0.0,0.0,0.0,0.0,0.0,0,0.002,61.0525,2.0,61.054500000000004
2018-01-03 09:26:00,0.001,0.001,0.0,0.0,0.0,0.0,0.0,0.0,0.0,0,0.002,61.333200000000005,2.0,61.33520000000001
2018-01-03 09:27:00,0.001,0.001,0.0,0.0,0.0,0.0,0.0,0.0,0.0,0,0.002,61.6139,2.0,61.6159
2018-01-03 09:28:00,0.001,0.001,0.0,0.0,0.0,0.0,0.0,0.0,0.0,0,0.002,61.894600000000004,2.0,61.89660000000001
2018-01-03 09:29:00,0.001,0.001,0.0,0.0,0.0,0.0,0.0,0.0,0.0,0,0.002,62.1753,2.0,62.1773
2018-01-03 09:30:00,0.001,0.001,0.0,0.0,0.0,0.0,0.0,0.0,0.0,0,0.002,62.456,2.0,62.458000000000006
2018-01-03 09:31:00,0.001,0.001,0.0,0.0,0.0,0.0,0.0,0.0,0.0,0,0.002,62.1146,2.0,62.116600000000005
2018-01-03 09:32:00,0.001,0.001,0.0,0.0,0.0,0.0,0.0,0.0,0.0,0,0.002,61.7732,2.0,61.775200000000005
2018-01-03 09:33:00,0.001,0.001,0.0,0.0,0.0,0.0,0.0,0.0,0.0,0,0.002,61.4318,2.0,61.433800000000005
2018-01-03 09:34:00,0.001,0.001,0.0,0.0,0.0,0.0,0.0,0.0,0.0,0,0.002,61.0904,2.0,61.092400000000005
2018-01-03 09:35:00,0.001,0.001,0.0,0.0,0.0,0.0,0.0,0.0,0.0,0,0.002,60.749,2.0,60.751000000000005
2018-01-03 09:36:00,0.001,0.001,0.0,0.0,0.0,0.0,0.0,0.0,0.0,0,0.002,60.4076,2.0,60.409600000000005
2018-01-03 09:37:00,0.001,0.001,0.0,0.0,0.0,0.0,0.0,0.0,0.0,0,0.002,60.0662,2.0,60.068200000000004
2018-01-03 09:38:00,0.001,0.001,0.0,0.0,0.0,0.0,0.0,0.0,0.0,0,0.002,59.7248,2.0,59.726800000000004
2018-01-03 09:39:00,0.001,0.001,0.0,0.0,0.0,0.0,0.0,0.0,0.0,0,0.002,59.3834,2.0,59.385400000000004
2018-01-03 09:40:00,0.001,0.001,0.0,0.0,0.0,0.0,0.0,0.0,0.0,0,0.002,59.042,2.0,59.044000000000004
2018-01-03 09:41:00,0.001,0.001,0.0,0.0,0.0,0.0,0.0,0.0,0.0,0,0.002,59.2975,2.0,59.2995
2018-01-03 09:42:00,0.001,0.001,0.0,0.0,0.0,0.0,0.0,0.0,0.0,0,0.002,59.553000000000004,2.0,59.55500000000001
2018-01-03 09:43:00,0.001,0.001,0.0,0.0,0.0,0.0,0.0,0.0,0.0,0,0.002,59.8085,2.0,59.810500000000005
2018-01-03 09:44:00,0.001,0.001,0.0,0.0,0.0,0.0,0.0,0.0,0.0,0,0.002,60.064,2.0,60.066
2018-01-03 09:45:00,0.001,0.001,0.0,0.0,0.0,0.0,0.0,0.0,0.0,0,0.002,60.319500000000005,2.0,60.32150000000001
2018-01-03 09:46:00,0.001,0.001,0.0,0.0,0.0,0.0,0.0,0.0,0.0,0,0.002,60.575,2.0,60.577000000000005
2018-01-03 09:47:00,0.001,0.001,0.0,0.0,0.0,0.0,0.0,0.0,0.0,0,0.002,60.8305,2.0,60.8325
2018-01-03 09:48:00,0.001,0.001,0.0,0.0,0.0,0.0,0.0,0.0,0.0,0,0.002,61.086,2.0,61.088
2018-01-03 09:49:00,0.001,0.001,0.0,0.0,0.0,0.0,0.0,0.0,0.0,0,0.002,61.3415,2.0,61.343500000000006
2018-01-03 09:50:00,0.001,0.001,0.0,0.0,0.0,0.0,0.0,0.0,0.0,0,0.002,61.597,2.0,61.599000000000004
2018-01-03 09:51:00,0.001,0.001,0.0,0.0,0.0,0.0,0.0,0.0,0.0,0,0.002,61.9091,2.0,61.911100000000005
2018-01-03 09:52:00,0.0,0.001,0.0,0.0,0.0,0.0,0.0,0.0,0.0,0,0.001,62.2212,1.0,62.2222
2018-01-03 09:53:00,0.0,0.001,0.0,0.0,0.0,0.0,0.0,0.0,0.0,0,0.001,62.533300000000004,1.0,62.5343
2018-01-03 09:54:00,0.001,0.001,0.0,0.0,0.0,0.0,0.0,0.0,0.0,0,0.002,62.845400000000005,2.0,62.84740000000001
2018-01-03 09:55:00,0.001,0.0,0.0,0.0,0.0,0.0,0.0,0.0,0.0,0,0.001,63.1575,1.0,63.1585
2018-01-03 09:56:00,0.001,0.0,0.0,0.0,0.0,0.0,0.0,0.0,0.0,0,0.001,63.4696,1.0,63.4706
2018-01-03 09:57:00,0.001,0.0,0.0,0.0,0.0,0.0,0.0,0.0,0.0,0,0.001,63.7817,1.0,63.7827
2018-01-03 09:58:00,0.001,0.0,0.0,0.0,0.0,0.0,0.0,0.0,0.0,0,0.001,64.0938,1.0,64.0948
2018-01-03 09:59:00,0.001,0.0,0.0,0.0,0.0,0.0,0.0,0.0,0.0,0,0.001,64.4059,1.0,64.40690000000001
2018-01-03 10:00:00,0.001,0.0,0.0,0.0,0.0,0.0,0.0,0.0,0.0,0,0.001,64.718,1.0,64.71900000000001
2018-01-03 10:01:00,0.001,0.0,0.0,0.0,0.0,0.0,0.0,0.0,0.0,0,0.001,64.7108,1.0,64.71180000000001
2018-01-03 10:02:00,0.001,0.0,0.0,0.0,0.0,0.0,0.0,0.0,0.0,0,0.001,64.70360000000001,1.0,64.70460000000001
2018-01-03 10:03:00,0.001,0.0,0.0,0.0,0.0,0.0,0.0,0.0,0.0,0,0.001,64.6964,1.0,64.6974
2018-01-03 10:04:00,0.001,0.0,0.0,0.0,0.0,0.0,0.0,0.0,0.0,0,0.001,64.6892,1.0,64.6902
2018-01-03 10:05:00,0.001,0.0,0.0,0.0,0.0,0.0,0.0,0.0,0.0,0,0.001,64.682,1.0,64.683
2018-01-03 10:06:00,0.001,0.0,0.0,0.0,0.0,0.0,0.0,0.0,0.0,0,0.001,64.6748,1.0,64.67580000000001
2018-01-03 10:07:00,0.001,0.0,0.0,0.0,0.0,0.0,0.0,0.0,0.0,0,0.001,64.66760000000001,1.0,64.66860000000001
2018-01-03 10:08:00,0.001,0.0,0.0,0.0,0.0,0.0,0.0,0.0,0.0,0,0.001,64.6604,1.0,64.6614
2018-01-03 10:09:00,0.001,0.0,0.0,0.0,0.0,0.0,0.0,0.0,0.0,0,0.001,64.6532,1.0,64.6542
2018-01-03 10:10:00,0.001,0.0,0.0,0.0,0.0,0.0,0.0,0.0,0.0,0,0.001,64.646,1.0,64.647
2018-01-03 10:11:00,0.001,0.0,0.0,0.0,0.0,0.0,0.0,0.0,0.0,0,0.001,64.6147,1.0,64.6157
2018-01-03 10:12:00,0.001,0.0,0.0,0.0,0.0,0.0,0.0,0.0,0.0,0,0.001,64.5834,1.0,64.5844
2018-01-03 10:13:00,0.001,0.0,0.0,0.0,0.0,0.0,0.0,0.0,0.0,0,0.001,64.5521,1.0,64.5531
2018-01-03 10:14:00,0.001,0.0,0.0,0.0,0.0,0.0,0.0,0.0,0.0,0,0.001,64.5208,1.0,64.5218
2018-01-03 10:15:00,0.001,0.0,0.0,0.0,0.0,0.0,0.0,0.0,0.0,0,0.001,64.48949999999999,1.0,64.4905
2018-01-03 10:16:00,0.001,0.0,0.0,0.0,0.0,0.0,0.0,0.0,0.0,0,0.001,64.4582,1.0,64.45920000000001
2018-01-03 10:17:00,0.001,0.0,0.0,0.0,0.0,0.0,0.0,0.0,0.0,0,0.001,64.4269,1.0,64.42790000000001
2018-01-03 10:18:00,0.001,0.0,0.0,0.0,0.0,0.0,0.0,0.0,0.0,0,0.001,64.3956,1.0,64.3966
2018-01-03 10:19:00,0.001,0.0,0.0,0.0,0.0,0.0,0.0,0.0,0.0,0,0.001,64.3643,1.0,64.3653
2018-01-03 10:20:00,0.001,0.0,0.0,0.0,0.0,0.0,0.0,0.0,0.0,0,0.001,64.333,1.0,64.334
2018-01-03 10:21:00,0.001,0.0,0.0,0.0,0.0,0.0,0.0,0.0,0.0,0,0.001,64.2964,1.0,64.29740000000001
2018-01-03 10:22:00,0.001,0.0,0.0,0.0,0.0,0.0,0.0,0.0,0.0,0,0.001,64.2598,1.0,64.2608
2018-01-03 10:23:00,0.001,0.0,0.0,0.0,0.0,0.0,0.0,0.0,0.0,0,0.001,64.22319999999999,1.0,64.2242
2018-01-03 10:24:00,0.001,0.0,0.0,0.0,0.0,0.0,0.0,0.0,0.0,0,0.001,64.1866,1.0,64.1876
2018-01-03 10:25:00,0.001,0.0,0.0,0.0,0.0,0.0,0.0,0.0,0.0,0,0.001,64.15,1.0,64.15100000000001
2018-01-03 10:26:00,0.001,0.0,0.0,0.0,0.0,0.0,0.0,0.0,0.0,0,0.001,64.1134,1.0,64.1144
2018-01-03 10:27:00,0.001,0.0,0.0,0.0,0.0,0.0,0.0,0.0,0.0,0,0.001,64.07679999999999,1.0,64.0778
2018-01-03 10:28:00,0.001,0.0,0.0,0.0,0.0,0.0,0.0,0.0,0.0,0,0.001,64.0402,1.0,64.0412
2018-01-03 10:29:00,0.001,0.0,0.0,0.0,0.0,0.0,0.0,0.0,0.0,0,0.001,64.0036,1.0,64.00460000000001
2018-01-03 10:30:00,0.001,0.0,0.0,0.0,0.0,0.0,0.0,0.0,0.0,0,0.001,63.967,1.0,63.967999999999996
2018-01-03 10:31:00,0.001,0.0,0.0,0.0,0.0,0.0,0.0,0.0,0.0,0,0.001,63.9449,1.0,63.945899999999995
2018-01-03 10:32:00,0.001,0.0,0.0,0.0,0.0,0.0,0.0,0.0,0.0,0,0.001,63.9228,1.0,63.9238
2018-01-03 10:33:00,0.001,0.0,0.0,0.0,0.0,0.0,0.0,0.0,0.0,0,0.001,63.9007,1.0,63.9017
2018-01-03 10:34:00,0.001,0.0,0.0,0.0,0.0,0.0,0.0,0.0,0.0,0,0.001,63.8786,1.0,63.879599999999996
2018-01-03 10:35:00,0.001,0.0,0.0,0.0,0.0,0.0,0.0,0.0,0.0,0,0.001,63.8565,1.0,63.857499999999995
2018-01-03 10:36:00,0.001,0.0,0.0,0.0,0.0,0.0,0.0,0.0,0.0,0,0.001,63.8344,1.0,63.8354
2018-01-03 10:37:00,0.001,0.0,0.0,0.0,0.0,0.0,0.0,0.0,0.0,0,0.001,63.8123,1.0,63.8133
2018-01-03 10:38:00,0.001,0.0,0.0,0.0,0.0,0.0,0.0,0.0,0.0,0,0.001,63.7902,1.0,63.791199999999996
2018-01-03 10:39:00,0.001,0.0,0.0,0.0,0.0,0.0,0.0,0.0,0.0,0,0.001,63.768100000000004,1.0,63.7691
2018-01-03 10:40:00,0.001,0.0,0.0,0.0,0.0,0.0,0.0,0.0,0.0,0,0.001,63.746,1.0,63.747
2018-01-03 10:41:00,0.001,0.0,0.0,0.0,0.0,0.0,0.0,0.0,0.0,0,0.001,63.617900000000006,1.0,63.618900000000004
2018-01-03 10:42:00,0.001,0.0,0.0,0.0,0.0,0.0,0.0,0.0,0.0,0,0.001,63.4898,1.0,63.4908
2018-01-03 10:43:00,0.001,0.0,0.0,0.0,0.0,0.0,0.0,0.0,0.0,0,0.001,63.3617,1.0,63.3627
2018-01-03 10:44:00,0.001,0.0,0.0,0.0,0.0,0.0,0.0,0.0,0.0,0,0.001,63.2336,1.0,63.2346
2018-01-03 10:45:00,0.001,0.0,0.0,0.0,0.0,0.0,0.0,0.0,0.0,0,0.001,63.105500000000006,1.0,63.106500000000004
2018-01-03 10:46:00,0.001,0.0,0.0,0.0,0.0,0.0,0.0,0.0,0.0,0,0.001,62.9774,1.0,62.9784
2018-01-03 10:47:00,0.001,0.0,0.0,0.0,0.0,0.0,0.0,0.0,0.0,0,0.001,62.8493,1.0,62.8503
2018-01-03 10:48:00,0.001,0.0,0.0,0.0,0.0,0.0,0.0,0.0,0.0,0,0.001,62.7212,1.0,62.7222
2018-01-03 10:49:00,0.001,0.0,0.0,0.0,0.0,0.0,0.0,0.0,0.0,0,0.001,62.59310000000001,1.0,62.594100000000005
2018-01-03 10:50:00,0.001,0.0,0.0,0.0,0.0,0.0,0.0,0.0,0.0,0,0.001,62.465,1.0,62.466
2018-01-03 10:51:00,0.001,0.0,0.0,0.0,0.0,0.0,0.0,0.0,0.0,0,0.001,62.2721,1.0,62.2731
2018-01-03 10:52:00,0.001,0.0,0.0,0.0,0.0,0.0,0.0,0.0,0.0,0,0.001,62.0792,1.0,62.0802
2018-01-03 10:53:00,0.001,0.0,0.0,0.0,0.0,0.0,0.0,0.0,0.0,0,0.001,61.886300000000006,1.0,61.8873
2018-01-03 10:54:00,0.001,0.0,0.0,0.0,0.0,0.0,0.0,0.0,0.0,0,0.001,61.693400000000004,1.0,61.6944
2018-01-03 10:55:00,0.0,0.0,0.0,0.0,0.0,0.0,0.0,0.0,0.0,0,0.0,61.5005,0.0,61.5005
2018-01-03 10:56:00,0.0,0.0,0.0,0.0,0.0,0.0,0.0,0.0,0.0,0,0.0,61.3076,0.0,61.3076
2018-01-03 10:57:00,0.0,0.0,0.0,0.0,0.0,0.0,0.0,0.0,0.0,0,0.0,61.1147,0.0,61.1147
2018-01-03 10:58:00,0.0,0.0,0.0,0.0,0.0,0.0,0.0,0.0,0.0,0,0.0,60.921800000000005,0.0,60.921800000000005
2018-01-03 10:59:00,0.0,0.0,0.0,0.0,0.0,0.0,0.0,0.0,0.0,0,0.0,60.7289,0.0,60.7289
2018-01-03 11:00:00,0.0,0.0,0.0,0.0,0.0,0.0,0.0,0.0,0.0,0,0.0,60.536,0.0,60.536
2018-01-03 11:01:00,0.0,0.0,0.0,0.0,0.0,0.0,0.0,0.0,0.0,0,0.0,61.1666,0.0,61.1666
2018-01-03 11:02:00,0.0,0.0,0.0,0.0,0.0,0.0,0.0,0.0,0.0,0,0.0,61.797200000000004,0.0,61.797200000000004
2018-01-03 11:03:00,0.0,0.0,0.0,0.0,0.0,0.0,0.0,0.0,0.0,0,0.0,62.4278,0.0,62.4278
2018-01-03 11:04:00,0.0,0.0,0.0,0.0,0.0,0.0,0.0,0.0,0.0,0,0.0,63.0584,0.0,63.0584
2018-01-03 11:05:00,0.0,0.0,0.0,0.0,0.0,0.0,0.0,0.0,0.0,0,0.0,63.689,0.0,63.689
2018-01-03 11:06:00,0.0,0.0,0.0,0.0,0.0,0.0,0.0,0.0,0.0,0,0.0,64.3196,0.0,64.3196
2018-01-03 11:07:00,0.0,0.0,0.0,0.0,0.0,0.0,0.0,0.0,0.0,0,0.0,64.9502,0.0,64.9502
2018-01-03 11:08:00,0.0,0.0,0.0,0.0,0.0,0.0,0.0,0.0,0.0,0,0.0,65.5808,0.0,65.5808
2018-01-03 11:09:00,0.0,0.0,0.0,0.0,0.0,0.0,0.0,0.0,0.0,0,0.0,66.2114,0.0,66.2114
2018-01-03 11:10:00,0.0,0.0,0.0,0.0,0.0,0.0,0.0,0.0,0.0,0,0.0,66.842,0.0,66.842
2018-01-03 11:11:00,0.0,0.0,0.0,0.0,0.0,0.0,0.0,0.0,0.0,0,0.0,66.9859,0.0,66.9859
2018-01-03 11:12:00,0.0,0.0,0.0,0.0,0.0,0.0,0.0,0.0,0.0,0,0.0,67.1298,0.0,67.1298
2018-01-03 11:13:00,0.0,0.0,0.0,0.0,0.0,0.0,0.0,0.0,0.0,0,0.0,67.2737,0.0,67.2737
2018-01-03 11:14:00,0.0,0.0,0.0,0.0,0.0,0.0,0.0,0.0,0.0,0,0.0,67.41760000000001,0.0,67.41760000000001
2018-01-03 11:15:00,0.0,0.0,0.0,0.0,0.0,0.0,0.0,0.0,0.0,0,0.0,67.5615,0.0,67.5615
2018-01-03 11:16:00,0.001,0.0,0.0,0.0,0.0,0.0,0.0,0.0,0.0,0,0.001,67.7054,1.0,67.7064
2018-01-03 11:17:00,0.001,0.0,0.0,0.0,0.0,0.0,0.0,0.0,0.0,0,0.001,67.8493,1.0,67.8503
2018-01-03 11:18:00,0.001,0.0,0.0,0.0,0.0,0.0,0.0,0.0,0.0,0,0.001,67.9932,1.0,67.9942
2018-01-03 11:19:00,0.001,0.0,0.0,0.0,0.0,0.0,0.0,0.0,0.0,0,0.001,68.1371,1.0,68.13810000000001
2018-01-03 11:20:00,0.001,0.0,0.0,0.0,0.0,0.0,0.0,0.0,0.0,0,0.001,68.281,1.0,68.28200000000001
2018-01-03 11:21:00,0.001,0.0,0.0,0.0,0.0,0.0,0.0,0.0,0.0,0,0.001,68.1551,1.0,68.15610000000001
2018-01-03 11:22:00,0.001,0.0,0.0,0.0,0.0,0.0,0.0,0.0,0.0,0,0.001,68.0292,1.0,68.03020000000001
2018-01-03 11:23:00,0.001,0.0,0.0,0.0,0.0,0.0,0.0,0.0,0.0,0,0.001,67.9033,1.0,67.9043
2018-01-03 11:24:00,0.001,0.0,0.0,0.0,0.0,0.0,0.0,0.0,0.0,0,0.001,67.7774,1.0,67.7784
2018-01-03 11:25:00,0.001,0.0,0.0,0.0,0.0,0.0,0.0,0.0,0.0,0,0.001,67.6515,1.0,67.6525
2018-01-03 11:26:00,0.001,0.0,0.0,0.0,0.0,0.0,0.0,0.0,0.0,0,0.001,67.52560000000001,1.0,67.52660000000002
2018-01-03 11:27:00,0.001,0.0,0.0,0.0,0.0,0.0,0.0,0.0,0.0,0,0.001,67.39970000000001,1.0,67.40070000000001
2018-01-03 11:28:00,0.001,0.0,0.0,0.0,0.0,0.0,0.0,0.0,0.0,0,0.001,67.27380000000001,1.0,67.27480000000001
2018-01-03 11:29:00,0.001,0.0,0.0,0.0,0.0,0.0,0.0,0.0,0.0,0,0.001,67.1479,1.0,67.14890000000001
2018-01-03 11:30:00,0.001,0.001,0.0,0.0,0.0,0.0,0.0,0.0,0.0,0,0.002,67.022,2.0,67.024
2018-01-03 11:31:00,0.001,0.001,0.0,0.0,0.0,0.0,0.0,0.0,0.0,0,0.002,66.9499,2.0,66.9519
2018-01-03 11:32:00,0.001,0.001,0.0,0.0,0.0,0.0,0.0,0.0,0.0,0,0.002,66.87780000000001,2.0,66.8798
2018-01-03 11:33:00,0.001,0.001,0.001,0.0,0.0,0.0,0.0,0.0,0.0,0,0.003,66.8057,3.0,66.8087
2018-01-03 11:34:00,0.001,0.001,0.001,0.0,0.0,0.0,0.0,0.0,0.0,0,0.003,66.73360000000001,3.0,66.73660000000001
2018-01-03 11:35:00,0.001,0.001,0.001,0.0,0.0,0.0,0.0,0.0,0.0,0,0.003,66.6615,3.0,66.6645
2018-01-03 11:36:00,0.001,0.001,0.001,0.0,0.0,0.0,0.0,0.0,0.0,0,0.003,66.5894,3.0,66.5924
2018-01-03 11:37:00,0.001,0.001,0.001,0.0,0.0,0.0,0.0,0.0,0.0,0,0.003,66.5173,3.0,66.5203
2018-01-03 11:38:00,0.001,0.001,0.001,0.0,0.0,0.0,0.0,0.0,0.0,0,0.003,66.4452,3.0,66.4482
2018-01-03 11:39:00,0.001,0.001,0.001,0.0,0.0,0.0,0.0,0.0,0.0,0,0.003,66.37310000000001,3.0,66.37610000000001
2018-01-03 11:40:00,0.001,0.001,0.001,0.0,0.0,0.0,0.0,0.0,0.0,0,0.003,66.301,3.0,66.304
2018-01-03 11:41:00,0.001,0.001,0.001,0.0,0.0,0.0,0.0,0.0,0.0,0,0.003,65.9712,3.0,65.9742
2018-01-03 11:42:00,0.001,0.001,0.001,0.0,0.0,0.0,0.0,0.0,0.0,0,0.003,65.6414,3.0,65.6444
2018-01-03 11:43:00,0.001,0.001,0.001,0.0,0.0,0.0,0.0,0.0,0.0,0,0.003,65.3116,3.0,65.3146
2018-01-03 11:44:00,0.001,0.001,0.001,0.0,0.0,0.0,0.0,0.0,0.0,0,0.003,64.9818,3.0,64.9848
2018-01-03 11:45:00,0.001,0.001,0.001,0.0,0.0,0.0,0.0,0.0,0.0,0,0.003,64.652,3.0,64.655
2018-01-03 11:46:00,0.001,0.001,0.001,0.0,0.0,0.0,0.0,0.0,0.0,0,0.003,64.3222,3.0,64.3252
2018-01-03 11:47:00,0.001,0.001,0.001,0.0,0.0,0.0,0.0,0.0,0.0,0,0.003,63.9924,3.0,63.995400000000004
2018-01-03 11:48:00,0.001,0.001,0.001,0.001,0.0,0.0,0.0,0.0,0.0,0,0.004,63.6626,4.0,63.666599999999995
2018-01-03 11:49:00,0.001,0.001,0.001,0.001,0.0,0.0,0.0,0.0,0.0,0,0.004,63.3328,4.0,63.3368
2018-01-03 11:50:00,0.001,0.001,0.001,0.001,0.0,0.0,0.0,0.0,0.0,0,0.004,63.003,4.0,63.007
2018-01-03 11:51:00,0.001,0.001,0.001,0.001,0.0,0.0,0.0,0.0,0.0,0,0.004,63.2336,4.0,63.2376
2018-01-03 11:52:00,0.001,0.001,0.001,0.001,0.0,0.0,0.0,0.0,0.0,0,0.004,63.4642,4.0,63.468199999999996
2018-01-03 11:53:00,0.001,0.001,0.001,0.001,0.0,0.0,0.0,0.0,0.0,0,0.004,63.6948,4.0,63.6988
2018-01-03 11:54:00,0.001,0.001,0.001,0.001,0.0,0.0,0.0,0.0,0.0,0,0.004,63.925399999999996,4.0,63.929399999999994
2018-01-03 11:55:00,0.001,0.001,0.001,0.001,0.0,0.0,0.0,0.0,0.0,0,0.004,64.156,4.0,64.16000000000001
2018-01-03 11:56:00,0.001,0.001,0.001,0.001,0.0,0.0,0.0,0.0,0.0,0,0.004,64.3866,4.0,64.3906
2018-01-03 11:57:00,0.001,0.001,0.001,0.001,0.0,0.0,0.0,0.0,0.0,0,0.004,64.6172,4.0,64.6212
2018-01-03 11:58:00,0.001,0.001,0.001,0.001,0.0,0.0,0.0,0.0,0.0,0,0.004,64.84779999999999,4.0,64.8518
2018-01-03 11:59:00,0.001,0.001,0.001,0.001,0.0,0.0,0.0,0.0,0.0,0,0.004,65.0784,4.0,65.0824
2018-01-03 12:00:00,0.001,0.001,0.001,0.001,0.0,0.0,0.0,0.0,0.0,0,0.004,65.309,4.0,65.313
2018-01-03 12:01:00,0.001,0.001,0.001,0.001,0.0,0.0,0.0,0.0,0.0,0,0.004,65.23089999999999,4.0,65.2349
2018-01-03 12:02:00,0.001,0.001,0.001,0.001,0.0,0.0,0.0,0.0,0.0,0,0.004,65.1528,4.0,65.1568
2018-01-03 12:03:00,0.001,0.001,0.001,0.001,0.0,0.0,0.0,0.0,0.0,0,0.004,65.0747,4.0,65.07870000000001
2018-01-03 12:04:00,0.001,0.001,0.001,0.001,0.0,0.0,0.0,0.0,0.0,0,0.004,64.9966,4.0,65.0006
2018-01-03 12:05:00,0.001,0.001,0.001,0.001,0.0,0.0,0.0,0.0,0.0,0,0.004,64.9185,4.0,64.9225
2018-01-03 12:06:00,0.001,0.001,0.001,0.001,0.0,0.0,0.0,0.0,0.0,0,0.004,64.8404,4.0,64.84440000000001
2018-01-03 12:07:00,0.001,0.001,0.001,0.001,0.0,0.0,0.0,0.0,0.0,0,0.004,64.76230000000001,4.0,64.76630000000002
2018-01-03 12:08:00,0.001,0.001,0.001,0.001,0.0,0.0,0.0,0.0,0.0,0,0.004,64.6842,4.0,64.68820000000001
2018-01-03 12:09:00,0.001,0.001,0.001,0.001,0.0,0.0,0.0,0.0,0.0,0,0.004,64.6061,4.0,64.6101
2018-01-03 12:10:00,0.001,0.001,0.001,0.001,0.001,0.0,0.0,0.0,0.0,0,0.005,64.528,5.0,64.533
2018-01-03 12:11:00,0.001,0.001,0.001,0.001,0.001,0.0,0.0,0.0,0.0,0,0.005,64.66770000000001,5.0,64.6727
2018-01-03 12:12:00,0.001,0.001,0.001,0.001,0.001,0.0,0.0,0.0,0.0,0,0.005,64.8074,5.0,64.8124
2018-01-03 12:13:00,0.001,0.001,0.001,0.001,0.001,0.0,0.0,0.0,0.0,0,0.005,64.9471,5.0,64.9521
2018-01-03 12:14:00,0.001,0.001,0.001,0.001,0.001,0.001,0.0,0.0,0.0,0,0.006,65.0868,6.0,65.0928
2018-01-03 12:15:00,0.001,0.001,0.001,0.001,0.001,0.001,0.0,0.0,0.0,0,0.006,65.2265,6.0,65.2325
2018-01-03 12:16:00,0.001,0.001,0.001,0.001,0.001,0.001,0.0,0.0,0.0,0,0.006,65.3662,6.0,65.3722
2018-01-03 12:17:00,0.0,0.001,0.001,0.001,0.001,0.001,0.0,0.0,0.0,0,0.005,65.5059,5.0,65.51089999999999
2018-01-03 12:18:00,0.0,0.001,0.001,0.001,0.001,0.001,0.0,0.0,0.0,0,0.005,65.6456,5.0,65.6506
2018-01-03 12:19:00,0.0,0.001,0.001,0.001,0.001,0.001,0.0,0.0,0.0,0,0.005,65.78529999999999,5.0,65.79029999999999
2018-01-03 12:20:00,0.001,0.001,0.001,0.001,0.001,0.001,0.0,0.0,0.0,0,0.006,65.925,6.0,65.931
2018-01-03 12:21:00,0.001,0.001,0.001,0.001,0.001,0.001,0.0,0.0,0.0,0,0.006,66.0058,6.0,66.0118
2018-01-03 12:22:00,0.001,0.001,0.001,0.001,0.001,0.001,0.0,0.0,0.0,0,0.006,66.0866,6.0,66.0926
2018-01-03 12:23:00,0.001,0.001,0.001,0.001,0.001,0.001,0.0,0.0,0.0,0,0.006,66.1674,6.0,66.1734
2018-01-03 12:24:00,0.001,0.001,0.001,0.001,0.001,0.001,0.0,0.0,0.0,0,0.006,66.2482,6.0,66.2542
2018-01-03 12:25:00,0.001,0.001,0.001,0.001,0.001,0.001,0.0,0.0,0.0,0,0.006,66.32900000000001,6.0,66.33500000000001
2018-01-03 12:26:00,0.001,0.001,0.001,0.001,0.001,0.001,0.0,0.0,0.0,0,0.006,66.4098,6.0,66.4158
2018-01-03 12:27:00,0.001,0.001,0.001,0.001,0.001,0.001,0.0,0.0,0.0,0,0.006,66.4906,6.0,66.4966
2018-01-03 12:28:00,0.001,0.001,0.001,0.001,0.001,0.001,0.0,0.0,0.0,0,0.006,66.5714,6.0,66.5774
2018-01-03 12:29:00,0.001,0.001,0.001,0.001,0.001,0.001,0.0,0.0,0.0,0,0.006,66.65220000000001,6.0,66.65820000000001
2018-01-03 12:30:00,0.001,0.001,0.001,0.001,0.001,0.001,0.0,0.0,0.0,0,0.006,66.733,6.0,66.739
2018-01-03 12:31:00,0.001,0.0,0.001,0.001,0.001,0.001,0.0,0.0,0.0,0,0.005,66.4025,5.0,66.4075
2018-01-03 12:32:00,0.001,0.0,0.001,0.001,0.001,0.001,0.0,0.0,0.0,0,0.005,66.072,5.0,66.077
2018-01-03 12:33:00,0.001,0.0,0.001,0.001,0.001,0.001,0.0,0.0,0.0,0,0.005,65.7415,5.0,65.7465
2018-01-03 12:34:00,0.001,0.0,0.0,0.001,0.001,0.001,0.0,0.0,0.0,0,0.004,65.411,4.0,65.415
2018-01-03 12:35:00,0.001,0.0,0.0,0.001,0.001,0.001,0.0,0.0,0.0,0,0.004,65.0805,4.0,65.0845
2018-01-03 12:36:00,0.001,0.0,0.0,0.001,0.001,0.001,0.0,0.0,0.0,0,0.004,64.75,4.0,64.754
2018-01-03 12:37:00,0.001,0.0,0.0,0.001,0.001,0.001,0.0,0.0,0.0,0,0.004,64.4195,4.0,64.4235
2018-01-03 12:38:00,0.001,0.0,0.0,0.001,0.001,0.001,0.0,0.0,0.0,0,0.004,64.089,4.0,64.093
2018-01-03 12:39:00,0.001,0.0,0.0,0.001,0.001,0.001,0.0,0.0,0.0,0,0.004,63.7585,4.0,63.762499999999996
2018-01-03 12:40:00,0.001,0.0,0.0,0.001,0.001,0.001,0.0,0.0,0.0,0,0.004,63.428,4.0,63.431999999999995
2018-01-03 12:41:00,0.001,0.0,0.0,0.001,0.001,0.001,0.0,0.0,0.0,0,0.004,63.8153,4.0,63.8193
2018-01-03 12:42:00,0.001,0.0,0.0,0.001,0.001,0.001,0.0,0.0,0.0,0,0.004,64.2026,4.0,64.20660000000001
2018-01-03 12:43:00,0.001,0.0,0.0,0.001,0.001,0.001,0.0,0.0,0.0,0,0.004,64.5899,4.0,64.5939
2018-01-03 12:44:00,0.001,0.0,0.0,0.001,0.001,0.001,0.0,0.0,0.0,0,0.004,64.9772,4.0,64.9812
2018-01-03 12:45:00,0.001,0.0,0.0,0.001,0.001,0.001,0.0,0.0,0.0,0,0.004,65.36449999999999,4.0,65.3685
2018-01-03 12:46:00,0.001,0.0,0.0,0.001,0.001,0.001,0.0,0.0,0.0,0,0.004,65.7518,4.0,65.75580000000001
2018-01-03 12:47:00,0.001,0.001,0.0,0.001,0.001,0.001,0.0,0.0,0.0,0,0.005,66.1391,5.0,66.1441
2018-01-03 12:48:00,0.001,0.001,0.001,0.001,0.001,0.001,0.0,0.0,0.0,0,0.006,66.5264,6.0,66.5324
2018-01-03 12:49:00,0.001,0.001,0.001,0.0,0.001,0.001,0.0,0.0,0.0,0,0.005,66.9137,5.0,66.9187
2018-01-03 12:50:00,0.001,0.001,0.001,0.0,0.001,0.001,0.0,0.0,0.0,0,0.005,67.301,5.0,67.306
2018-01-03 12:51:00,0.001,0.001,0.001,0.0,0.001,0.001,0.0,0.0,0.0,0,0.005,67.30080000000001,5.0,67.3058
2018-01-03 12:52:00,0.001,0.001,0.001,0.0,0.001,0.001,0.0,0.0,0.0,0,0.005,67.3006,5.0,67.3056
2018-01-03 12:53:00,0.001,0.001,0.001,0.0,0.001,0.001,0.0,0.0,0.0,0,0.005,67.3004,5.0,67.30539999999999
2018-01-03 12:54:00,0.001,0.001,0.001,0.0,0.001,0.001,0.0,0.0,0.0,0,0.005,67.3002,5.0,67.3052
2018-01-03 12:55:00,0.001,0.001,0.001,0.0,0.001,0.001,0.0,0.0,0.0,0,0.005,67.30000000000001,5.0,67.305
2018-01-03 12:56:00,0.001,0.001,0.001,0.001,0.001,0.001,0.0,0.0,0.0,0,0.006,67.2998,6.0,67.3058
2018-01-03 12:57:00,0.001,0.001,0.001,0.001,0.001,0.001,0.0,0.0,0.0,0,0.006,67.2996,6.0,67.3056
2018-01-03 12:58:00,0.001,0.001,0.001,0.001,0.001,0.001,0.0,0.0,0.0,0,0.006,67.2994,6.0,67.3054
2018-01-03 12:59:00,0.001,0.001,0.001,0.001,0.001,0.001,0.0,0.0,0.0,0,0.006,67.29920000000001,6.0,67.30520000000001
2018-01-03 13:00:00,0.001,0.001,0.001,0.001,0.001,0.001,0.0,0.0,0.0,0,0.006,67.299,6.0,67.305
2018-01-03 13:01:00,0.001,0.001,0.001,0.001,0.001,0.001,0.0,0.0,0.0,0,0.006,67.1744,6.0,67.1804
2018-01-03 13:02:00,0.001,0.001,0.001,0.001,0.001,0.001,0.0,0.0,0.0,0,0.006,67.0498,6.0,67.0558
2018-01-03 13:03:00,0.001,0.001,0.001,0.001,0.001,0.001,0.0,0.0,0.0,0,0.006,66.9252,6.0,66.9312
2018-01-03 13:04:00,0.001,0.001,0.001,0.001,0.001,0.001,0.0,0.0,0.0,0,0.006,66.8006,6.0,66.8066
2018-01-03 13:05:00,0.001,0.001,0.001,0.001,0.001,0.001,0.0,0.0,0.0,0,0.006,66.676,6.0,66.682
2018-01-03 13:06:00,0.001,0.001,0.001,0.001,0.001,0.001,0.0,0.0,0.0,0,0.006,66.5514,6.0,66.5574
2018-01-03 13:07:00,0.001,0.001,0.001,0.001,0.001,0.001,0.0,0.0,0.0,0,0.006,66.4268,6.0,66.4328
2018-01-03 13:08:00,0.001,0.001,0.001,0.001,0.001,0.001,0.0,0.0,0.0,0,0.006,66.3022,6.0,66.3082
2018-01-03 13:09:00,0.001,0.001,0.001,0.001,0.001,0.001,0.0,0.0,0.0,0,0.006,66.1776,6.0,66.1836
2018-01-03 13:10:00,0.001,0.001,0.001,0.001,0.001,0.001,0.0,0.0,0.0,0,0.006,66.053,6.0,66.059
2018-01-03 13:11:00,0.001,0.001,0.001,0.001,0.0,0.001,0.0,0.0,0.0,0,0.005,66.47229999999999,5.0,66.47729999999999
2018-01-03 13:12:00,0.001,0.001,0.001,0.001,0.0,0.001,0.0,0.0,0.0,0,0.005,66.8916,5.0,66.89659999999999
2018-01-03 13:13:00,0.001,0.001,0.001,0.001,0.0,0.001,0.0,0.0,0.0,0,0.005,67.3109,5.0,67.3159
2018-01-03 13:14:00,0.001,0.001,0.001,0.001,0.0,0.001,0.0,0.0,0.0,0,0.005,67.7302,5.0,67.73519999999999
2018-01-03 13:15:00,0.001,0.001,0.001,0.001,0.0,0.0,0.0,0.0,0.0,0,0.004,68.14949999999999,4.0,68.1535
2018-01-03 13:16:00,0.001,0.001,0.001,0.001,0.0,0.0,0.0,0.0,0.0,0,0.004,68.5688,4.0,68.5728
2018-01-03 13:17:00,0.001,0.001,0.001,0.001,0.001,0.0,0.0,0.0,0.0,0,0.005,68.9881,5.0,68.9931
2018-01-03 13:18:00,0.001,0.001,0.001,0.001,0.001,0.0,0.0,0.0,0.0,0,0.005,69.4074,5.0,69.41239999999999
2018-01-03 13:19:00,0.001,0.001,0.001,0.001,0.001,0.0,0.0,0.0,0.0,0,0.005,69.82669999999999,5.0,69.83169999999998
2018-01-03 13:20:00,0.001,0.001,0.001,0.001,0.001,0.0,0.0,0.0,0.0,0,0.005,70.246,5.0,70.25099999999999
2018-01-03 13:21:00,0.0,0.001,0.001,0.001,0.001,0.0,0.0,0.0,0.0,0,0.004,69.9102,4.0,69.91420000000001
2018-01-03 13:22:00,0.0,0.001,0.001,0.001,0.001,0.0,0.0,0.0,0.0,0,0.004,69.5744,4.0,69.5784
2018-01-03 13:23:00,0.0,0.001,0.001,0.001,0.001,0.0,0.0,0.0,0.0,0,0.004,69.23859999999999,4.0,69.2426
2018-01-03 13:24:00,0.0,0.001,0.001,0.001,0.001,0.0,0.0,0.0,0.0,0,0.004,68.9028,4.0,68.9068
2018-01-03 13:25:00,0.001,0.001,0.001,0.001,0.001,0.0,0.0,0.0,0.0,0,0.005,68.56700000000001,5.0,68.572
2018-01-03 13:26:00,0.001,0.001,0.001,0.001,0.001,0.0,0.0,0.0,0.0,0,0.005,68.2312,5.0,68.2362
2018-01-03 13:27:00,0.001,0.001,0.001,0.001,0.001,0.0,0.0,0.0,0.0,0,0.005,67.8954,5.0,67.90039999999999
2018-01-03 13:28:00,0.001,0.001,0.001,0.001,0.001,0.0,0.0,0.0,0.0,0,0.005,67.5596,5.0,67.5646
2018-01-03 13:29:00,0.001,0.001,0.001,0.001,0.001,0.0,0.0,0.0,0.0,0,0.005,67.22380000000001,5.0,67.2288
2018-01-03 13:30:00,0.001,0.001,0.001,0.001,0.001,0.0,0.0,0.0,0.0,0,0.005,66.888,5.0,66.893
2018-01-03 13:31:00,0.001,0.001,0.001,0.001,0.001,0.0,0.0,0.0,0.0,0,0.005,67.0561,5.0,67.0611
2018-01-03 13:32:00,0.001,0.001,0.001,0.001,0.001,0.0,0.0,0.0,0.0,0,0.005,67.22420000000001,5.0,67.2292
2018-01-03 13:33:00,0.001,0.001,0.001,0.001,0.001,0.0,0.0,0.0,0.0,0,0.005,67.3923,5.0,67.3973
2018-01-03 13:34:00,0.001,0.001,0.001,0.001,0.001,0.0,0.0,0.0,0.0,0,0.005,67.5604,5.0,67.5654
2018-01-03 13:35:00,0.001,0.001,0.001,0.001,0.001,0.0,0.0,0.0,0.0,0,0.005,67.7285,5.0,67.73349999999999
2018-01-03 13:36:00,0.001,0.001,0.001,0.001,0.001,0.0,0.0,0.0,0.0,0,0.005,67.8966,5.0,67.9016
2018-01-03 13:37:00,0.001,0.001,0.001,0.001,0.001,0.0,0.0,0.0,0.0,0,0.005,68.0647,5.0,68.0697
2018-01-03 13:38:00,0.001,0.001,0.001,0.001,0.001,0.0,0.0,0.0,0.0,0,0.005,68.2328,5.0,68.2378
2018-01-03 13:39:00,0.001,0.001,0.001,0.001,0.001,0.0,0.0,0.0,0.0,0,0.005,68.40090000000001,5.0,68.4059
2018-01-03 13:40:00,0.001,0.001,0.001,0.001,0.001,0.0,0.0,0.0,0.0,0,0.005,68.569,5.0,68.574
2018-01-03 13:41:00,0.001,0.001,0.001,0.001,0.001,0.0,0.0,0.0,0.0,0,0.005,68.22840000000001,5.0,68.2334
2018-01-03 13:42:00,0.001,0.001,0.001,0.001,0.001,0.0,0.0,0.0,0.0,0,0.005,67.8878,5.0,67.8928
2018-01-03 13:43:00,0.001,0.001,0.001,0.001,0.001,0.001,0.0,0.0,0.0,0,0.006,67.5472,6.0,67.5532
2018-01-03 13:44:00,0.001,0.001,0.001,0.001,0.001,0.001,0.0,0.0,0.0,0,0.006,67.2066,6.0,67.2126
2018-01-03 13:45:00,0.001,0.001,0.001,0.001,0.001,0.001,0.0,0.0,0.0,0,0.006,66.866,6.0,66.872
2018-01-03 13:46:00,0.001,0.001,0.001,0.001,0.001,0.001,0.0,0.0,0.0,0,0.006,66.5254,6.0,66.5314
2018-01-03 13:47:00,0.001,0.001,0.001,0.001,0.001,0.001,0.0,0.0,0.0,0,0.006,66.1848,6.0,66.1908
2018-01-03 13:48:00,0.001,0.0,0.001,0.001,0.001,0.001,0.0,0.0,0.0,0,0.005,65.8442,5.0,65.8492
2018-01-03 13:49:00,0.001,0.0,0.0,0.001,0.001,0.001,0.0,0.0,0.0,0,0.004,65.50359999999999,4.0,65.5076
2018-01-03 13:50:00,0.001,0.0,0.0,0.001,0.001,0.001,0.0,0.0,0.0,0,0.004,65.163,4.0,65.167
2018-01-03 13:51:00,0.001,0.0,0.0,0.001,0.001,0.001,0.0,0.0,0.0,0,0.004,65.4736,4.0,65.47760000000001
2018-01-03 13:52:00,0.001,0.0,0.0,0.001,0.001,0.001,0.0,0.0,0.0,0,0.004,65.7842,4.0,65.7882
2018-01-03 13:53:00,0.001,0.0,0.0,0.001,0.001,0.001,0.0,0.0,0.0,0,0.004,66.09479999999999,4.0,66.0988
2018-01-03 13:54:00,0.001,0.0,0.0,0.001,0.001,0.001,0.0,0.0,0.0,0,0.004,66.4054,4.0,66.4094
2018-01-03 13:55:00,0.001,0.0,0.0,0.001,0.001,0.001,0.0,0.0,0.0,0,0.004,66.71600000000001,4.0,66.72000000000001
2018-01-03 13:56:00,0.001,0.0,0.0,0.001,0.001,0.001,0.0,0.0,0.0,0,0.004,67.0266,4.0,67.0306
2018-01-03 13:57:00,0.001,0.0,0.0,0.0,0.001,0.001,0.0,0.0,0.0,0,0.003,67.3372,3.0,67.3402
2018-01-03 13:58:00,0.001,0.001,0.0,0.0,0.001,0.001,0.0,0.0,0.0,0,0.004,67.6478,4.0,67.65180000000001
2018-01-03 13:59:00,0.001,0.001,0.0,0.0,0.001,0.001,0.0,0.0,0.0,0,0.004,67.95840000000001,4.0,67.96240000000002
2018-01-03 14:00:00,0.001,0.001,0.0,0.0,0.001,0.001,0.0,0.0,0.0,0,0.004,68.269,4.0,68.27300000000001
2018-01-03 14:01:00,0.001,0.001,0.001,0.0,0.001,0.001,0.0,0.0,0.0,0,0.005,67.8332,5.0,67.8382
2018-01-03 14:02:00,0.001,0.001,0.001,0.0,0.001,0.001,0.0,0.0,0.0,0,0.005,67.3974,5.0,67.4024
2018-01-03 14:03:00,0.001,0.001,0.001,0.0,0.001,0.001,0.0,0.0,0.0,0,0.005,66.9616,5.0,66.9666
2018-01-03 14:04:00,0.001,0.001,0.001,0.0,0.001,0.001,0.0,0.0,0.0,0,0.005,66.5258,5.0,66.5308
2018-01-03 14:05:00,0.001,0.001,0.001,0.0,0.001,0.001,0.0,0.0,0.0,0,0.005,66.09,5.0,66.095
2018-01-03 14:06:00,0.001,0.001,0.001,0.0,0.001,0.001,0.0,0.0,0.0,0,0.005,65.6542,5.0,65.6592
2018-01-03 14:07:00,0.001,0.001,0.001,0.0,0.001,0.001,0.0,0.0,0.0,0,0.005,65.2184,5.0,65.2234
2018-01-03 14:08:00,0.001,0.001,0.001,0.0,0.001,0.001,0.0,0.0,0.0,0,0.005,64.7826,5.0,64.7876
2018-01-03 14:09:00,0.001,0.001,0.001,0.0,0.001,0.001,0.0,0.0,0.0,0,0.005,64.3468,5.0,64.3518
2018-01-03 14:10:00,0.001,0.001,0.001,0.0,0.001,0.001,0.0,0.0,0.0,0,0.005,63.911,5.0,63.916000000000004
2018-01-03 14:11:00,0.001,0.001,0.001,0.0,0.001,0.001,0.0,0.0,0.0,0,0.005,63.9788,5.0,63.9838
2018-01-03 14:12:00,0.001,0.001,0.001,0.0,0.001,0.001,0.0,0.0,0.0,0,0.005,64.0466,5.0,64.0516
2018-01-03 14:13:00,0.001,0.001,0.001,0.0,0.001,0.001,0.0,0.0,0.0,0,0.005,64.1144,5.0,64.1194
2018-01-03 14:14:00,0.001,0.001,0.001,0.0,0.001,0.001,0.0,0.0,0.0,0,0.005,64.1822,5.0,64.18719999999999
2018-01-03 14:15:00,0.001,0.001,0.001,0.0,0.001,0.001,0.0,0.0,0.0,0,0.005,64.25,5.0,64.255
2018-01-03 14:16:00,0.001,0.001,0.001,0.0,0.001,0.001,0.0,0.0,0.0,0,0.005,64.3178,5.0,64.3228
2018-01-03 14:17:00,0.001,0.001,0.001,0.0,0.001,0.001,0.0,0.0,0.0,0,0.005,64.3856,5.0,64.39059999999999
2018-01-03 14:18:00,0.001,0.001,0.001,0.0,0.0,0.001,0.0,0.0,0.0,0,0.004,64.4534,4.0,64.4574
2018-01-03 14:19:00,0.001,0.001,0.001,0.001,0.0,0.001,0.0,0.0,0.0,0,0.005,64.5212,5.0,64.52619999999999
2018-01-03 14:20:00,0.001,0.001,0.001,0.001,0.0,0.001,0.0,0.0,0.0,0,0.005,64.589,5.0,64.594
2018-01-03 14:21:00,0.001,0.001,0.001,0.001,0.0,0.001,0.0,0.0,0.0,0,0.005,64.5728,5.0,64.5778
2018-01-03 14:22:00,0.001,0.001,0.001,0.001,0.0,0.001,0.0,0.0,0.0,0,0.005,64.5566,5.0,64.5616
2018-01-03 14:23:00,0.001,0.001,0.001,0.001,0.0,0.001,0.0,0.0,0.0,0,0.005,64.5404,5.0,64.5454
2018-01-03 14:24:00,0.001,0.001,0.001,0.001,0.0,0.001,0.0,0.0,0.0,0,0.005,64.52420000000001,5.0,64.5292
2018-01-03 14:25:00,0.001,0.001,0.001,0.001,0.0,0.001,0.0,0.0,0.0,0,0.005,64.50800000000001,5.0,64.513
2018-01-03 14:26:00,0.0,0.001,0.001,0.001,0.0,0.001,0.0,0.0,0.0,0,0.004,64.4918,4.0,64.4958
2018-01-03 14:27:00,0.0,0.001,0.001,0.001,0.0,0.001,0.0,0.0,0.0,0,0.004,64.4756,4.0,64.4796
2018-01-03 14:28:00,0.0,0.001,0.001,0.001,0.0,0.001,0.0,0.0,0.0,0,0.004,64.4594,4.0,64.46340000000001
2018-01-03 14:29:00,0.0,0.001,0.001,0.001,0.0,0.001,0.0,0.0,0.0,0,0.004,64.4432,4.0,64.44720000000001
2018-01-03 14:30:00,0.0,0.001,0.001,0.001,0.0,0.001,0.0,0.0,0.0,0,0.004,64.427,4.0,64.43100000000001
2018-01-03 14:31:00,0.0,0.001,0.001,0.001,0.0,0.001,0.0,0.0,0.0,0,0.004,64.11240000000001,4.0,64.11640000000001
2018-01-03 14:32:00,0.0,0.001,0.001,0.001,0.0,0.001,0.0,0.0,0.0,0,0.004,63.7978,4.0,63.8018
2018-01-03 14:33:00,0.0,0.001,0.001,0.001,0.0,0.001,0.0,0.0,0.0,0,0.004,63.483200000000004,4.0,63.4872
2018-01-03 14:34:00,0.0,0.001,0.001,0.001,0.0,0.001,0.0,0.0,0.0,0,0.004,63.168600000000005,4.0,63.1726
2018-01-03 14:35:00,0.0,0.001,0.001,0.001,0.0,0.001,0.0,0.0,0.0,0,0.004,62.854,4.0,62.858
2018-01-03 14:36:00,0.0,0.001,0.001,0.001,0.0,0.001,0.0,0.0,0.0,0,0.004,62.5394,4.0,62.5434
2018-01-03 14:37:00,0.0,0.001,0.001,0.001,0.0,0.001,0.0,0.0,0.0,0,0.004,62.2248,4.0,62.2288
2018-01-03 14:38:00,0.0,0.001,0.001,0.001,0.0,0.001,0.0,0.0,0.0,0,0.004,61.9102,4.0,61.9142
2018-01-03 14:39:00,0.0,0.001,0.001,0.001,0.0,0.001,0.0,0.0,0.0,0,0.004,61.5956,4.0,61.599599999999995
2018-01-03 14:40:00,0.0,0.001,0.001,0.001,0.0,0.001,0.0,0.0,0.0,0,0.004,61.281,4.0,61.285
2018-01-03 14:41:00,0.0,0.001,0.001,0.001,0.0,0.001,0.0,0.0,0.0,0,0.004,61.5822,4.0,61.5862
2018-01-03 14:42:00,0.0,0.001,0.001,0.001,0.0,0.001,0.0,0.0,0.0,0,0.004,61.8834,4.0,61.8874
2018-01-03 14:43:00,0.0,0.001,0.001,0.001,0.0,0.001,0.0,0.0,0.0,0,0.004,62.1846,4.0,62.1886
2018-01-03 14:44:00,0.0,0.001,0.001,0.001,0.0,0.0,0.0,0.0,0.0,0,0.003,62.485800000000005,3.0,62.488800000000005
2018-01-03 14:45:00,0.0,0.001,0.001,0.001,0.0,0.0,0.0,0.0,0.0,0,0.003,62.787000000000006,3.0,62.790000000000006
2018-01-03 14:46:00,0.0,0.001,0.001,0.001,0.0,0.0,0.0,0.0,0.0,0,0.003,63.0882,3.0,63.0912
2018-01-03 14:47:00,0.0,0.001,0.001,0.001,0.0,0.0,0.0,0.0,0.0,0,0.003,63.3894,3.0,63.3924
2018-01-03 14:48:00,0.0,0.001,0.001,0.001,0.0,0.0,0.0,0.0,0.0,0,0.003,63.6906,3.0,63.6936
2018-01-03 14:49:00,0.0,0.001,0.001,0.001,0.0,0.0,0.0,0.0,0.0,0,0.003,63.991800000000005,3.0,63.994800000000005
2018-01-03 14:50:00,0.0,0.001,0.001,0.001,0.0,0.0,0.0,0.0,0.0,0,0.003,64.293,3.0,64.296
2018-01-03 14:51:00,0.0,0.001,0.001,0.001,0.0,0.0,0.0,0.0,0.0,0,0.003,64.0365,3.0,64.0395
2018-01-03 14:52:00,0.001,0.001,0.001,0.001,0.0,0.0,0.0,0.0,0.0,0,0.004,63.78000000000001,4.0,63.784000000000006
2018-01-03 14:53:00,0.001,0.001,0.001,0.001,0.0,0.0,0.0,0.0,0.0,0,0.004,63.523500000000006,4.0,63.5275
2018-01-03 14:54:00,0.001,0.001,0.001,0.001,0.0,0.0,0.0,0.0,0.0,0,0.004,63.267,4.0,63.271
2018-01-03 14:55:00,0.001,0.001,0.001,0.001,0.0,0.0,0.0,0.0,0.0,0,0.004,63.01050000000001,4.0,63.014500000000005
2018-01-03 14:56:00,0.001,0.001,0.001,0.001,0.0,0.0,0.0,0.0,0.0,0,0.004,62.754000000000005,4.0,62.758
2018-01-03 14:57:00,0.001,0.001,0.001,0.001,0.0,0.0,0.0,0.0,0.0,0,0.004,62.4975,4.0,62.5015
2018-01-03 14:58:00,0.001,0.001,0.001,0.001,0.0,0.0,0.0,0.0,0.0,0,0.004,62.241,4.0,62.245
2018-01-03 14:59:00,0.001,0.0,0.001,0.001,0.0,0.0,0.0,0.0,0.0,0,0.003,61.984500000000004,3.0,61.987500000000004
2018-01-03 15:00:00,0.001,0.0,0.001,0.001,0.0,0.0,0.0,0.0,0.0,0,0.003,61.728,3.0,61.731
2018-01-03 15:01:00,0.001,0.0,0.001,0.001,0.0,0.0,0.0,0.0,0.0,0,0.003,61.245000000000005,3.0,61.248000000000005
2018-01-03 15:02:00,0.001,0.0,0.0,0.001,0.0,0.0,0.0,0.0,0.0,0,0.002,60.762,2.0,60.764
2018-01-03 15:03:00,0.001,0.0,0.0,0.001,0.0,0.0,0.0,0.0,0.0,0,0.002,60.279,2.0,60.281000000000006
2018-01-03 15:04:00,0.001,0.0,0.0,0.001,0.0,0.0,0.0,0.0,0.0,0,0.002,59.796,2.0,59.798
2018-01-03 15:05:00,0.001,0.0,0.0,0.001,0.0,0.0,0.0,0.0,0.0,0,0.002,59.313,2.0,59.315000000000005
2018-01-03 15:06:00,0.001,0.0,0.0,0.001,0.0,0.0,0.0,0.0,0.0,0,0.002,58.830000000000005,2.0,58.83200000000001
2018-01-03 15:07:00,0.001,0.0,0.0,0.001,0.0,0.0,0.0,0.0,0.0,0,0.002,58.347,2.0,58.349000000000004
2018-01-03 15:08:00,0.001,0.0,0.0,0.001,0.0,0.0,0.0,0.0,0.0,0,0.002,57.864000000000004,2.0,57.86600000000001
2018-01-03 15:09:00,0.001,0.0,0.0,0.001,0.0,0.0,0.0,0.0,0.0,0,0.002,57.381,2.0,57.383
2018-01-03 15:10:00,0.001,0.0,0.0,0.001,0.0,0.0,0.0,0.0,0.0,0,0.002,56.898,2.0,56.900000000000006
2018-01-03 15:11:00,0.001,0.0,0.0,0.001,0.0,0.0,0.0,0.0,0.0,0,0.002,57.1565,2.0,57.158500000000004
2018-01-03 15:12:00,0.001,0.0,0.0,0.001,0.0,0.0,0.0,0.0,0.0,0,0.002,57.415,2.0,57.417
2018-01-03 15:13:00,0.001,0.0,0.0,0.001,0.0,0.0,0.0,0.0,0.0,0,0.002,57.673500000000004,2.0,57.67550000000001
2018-01-03 15:14:00,0.001,0.0,0.0,0.001,0.0,0.0,0.0,0.0,0.0,0,0.002,57.932,2.0,57.934000000000005
2018-01-03 15:15:00,0.001,0.0,0.0,0.001,0.0,0.0,0.0,0.0,0.0,0,0.002,58.1905,2.0,58.1925
2018-01-03 15:16:00,0.001,0.0,0.0,0.001,0.0,0.0,0.0,0.0,0.0,0,0.002,58.449,2.0,58.451
2018-01-03 15:17:00,0.001,0.0,0.0,0.001,0.0,0.0,0.0,0.0,0.0,0,0.002,58.707499999999996,2.0,58.7095
2018-01-03 15:18:00,0.001,0.0,0.0,0.001,0.0,0.0,0.0,0.0,0.0,0,0.002,58.966,2.0,58.968
2018-01-03 15:19:00,0.001,0.0,0.0,0.001,0.0,0.0,0.0,0.0,0.0,0,0.002,59.2245,2.0,59.2265
2018-01-03 15:20:00,0.001,0.0,0.0,0.0,0.0,0.0,0.0,0.0,0.0,0,0.001,59.483,1.0,59.483999999999995
2018-01-03 15:21:00,0.001,0.0,0.0,0.0,0.0,0.0,0.0,0.0,0.0,0,0.001,59.5498,1.0,59.550799999999995
2018-01-03 15:22:00,0.001,0.0,0.0,0.0,0.0,0.0,0.0,0.0,0.0,0,0.001,59.6166,1.0,59.617599999999996
2018-01-03 15:23:00,0.001,0.0,0.0,0.0,0.0,0.0,0.0,0.0,0.0,0,0.001,59.6834,1.0,59.6844
2018-01-03 15:24:00,0.001,0.0,0.0,0.0,0.0,0.0,0.0,0.0,0.0,0,0.001,59.7502,1.0,59.7512
2018-01-03 15:25:00,0.001,0.0,0.0,0.0,0.0,0.0,0.0,0.0,0.0,0,0.001,59.817,1.0,59.818
2018-01-03 15:26:00,0.001,0.0,0.0,0.0,0.0,0.0,0.0,0.0,0.0,0,0.001,59.8838,1.0,59.8848
2018-01-03 15:27:00,0.001,0.0,0.0,0.0,0.0,0.0,0.0,0.0,0.0,0,0.001,59.9506,1.0,59.9516
2018-01-03 15:28:00,0.001,0.0,0.0,0.0,0.0,0.0,0.0,0.0,0.0,0,0.001,60.0174,1.0,60.0184
2018-01-03 15:29:00,0.001,0.0,0.0,0.0,0.0,0.0,0.0,0.0,0.0,0,0.001,60.0842,1.0,60.0852
2018-01-03 15:30:00,0.001,0.0,0.0,0.0,0.0,0.0,0.0,0.0,0.0,0,0.001,60.151,1.0,60.152
2018-01-03 15:31:00,0.001,0.0,0.0,0.0,0.0,0.0,0.0,0.0,0.0,0,0.001,59.9204,1.0,59.9214
2018-01-03 15:32:00,0.001,0.0,0.0,0.0,0.0,0.0,0.0,0.0,0.0,0,0.001,59.689800000000005,1.0,59.6908
2018-01-03 15:33:00,0.001,0.0,0.0,0.0,0.0,0.0,0.0,0.0,0.0,0,0.001,59.4592,1.0,59.4602
2018-01-03 15:34:00,0.001,0.0,0.0,0.0,0.0,0.0,0.0,0.0,0.0,0,0.001,59.2286,1.0,59.2296
2018-01-03 15:35:00,0.001,0.0,0.0,0.0,0.0,0.0,0.0,0.0,0.0,0,0.001,58.998000000000005,1.0,58.999
2018-01-03 15:36:00,0.001,0.0,0.0,0.0,0.0,0.0,0.0,0.0,0.0,0,0.001,58.7674,1.0,58.7684
2018-01-03 15:37:00,0.001,0.0,0.0,0.0,0.0,0.0,0.0,0.0,0.0,0,0.001,58.5368,1.0,58.5378
2018-01-03 15:38:00,0.001,0.0,0.0,0.0,0.0,0.0,0.0,0.0,0.0,0,0.001,58.3062,1.0,58.307199999999995
2018-01-03 15:39:00,0.001,0.0,0.0,0.0,0.0,0.0,0.0,0.0,0.0,0,0.001,58.0756,1.0,58.0766
2018-01-03 15:40:00,0.001,0.0,0.0,0.0,0.0,0.0,0.0,0.0,0.0,0,0.001,57.845,1.0,57.846
2018-01-03 15:41:00,0.001,0.0,0.0,0.0,0.0,0.0,0.0,0.0,0.0,0,0.001,57.917699999999996,1.0,57.918699999999994
2018-01-03 15:42:00,0.001,0.0,0.0,0.0,0.0,0.0,0.0,0.0,0.0,0,0.001,57.9904,1.0,57.9914
2018-01-03 15:43:00,0.001,0.0,0.0,0.0,0.0,0.0,0.0,0.0,0.0,0,0.001,58.0631,1.0,58.064099999999996
2018-01-03 15:44:00,0.001,0.0,0.0,0.0,0.0,0.0,0.0,0.0,0.0,0,0.001,58.1358,1.0,58.1368
2018-01-03 15:45:00,0.001,0.0,0.0,0.0,0.0,0.0,0.0,0.0,0.0,0,0.001,58.2085,1.0,58.2095
2018-01-03 15:46:00,0.001,0.0,0.0,0.0,0.0,0.0,0.0,0.0,0.0,0,0.001,58.2812,1.0,58.282199999999996
2018-01-03 15:47:00,0.001,0.0,0.0,0.0,0.0,0.0,0.0,0.0,0.0,0,0.001,58.3539,1.0,58.3549
2018-01-03 15:48:00,0.001,0.0,0.0,0.0,0.0,0.0,0.0,0.0,0.0,0,0.001,58.4266,1.0,58.4276
2018-01-03 15:49:00,0.001,0.0,0.0,0.0,0.0,0.0,0.0,0.0,0.0,0,0.001,58.499300000000005,1.0,58.5003
2018-01-03 15:50:00,0.001,0.0,0.0,0.0,0.0,0.0,0.0,0.0,0.0,0,0.001,58.572,1.0,58.573
2018-01-03 15:51:00,0.001,0.0,0.0,0.0,0.0,0.0,0.0,0.0,0.0,0,0.001,58.418800000000005,1.0,58.4198
2018-01-03 15:52:00,0.001,0.001,0.0,0.0,0.0,0.0,0.0,0.0,0.0,0,0.002,58.2656,2.0,58.2676
2018-01-03 15:53:00,0.0,0.001,0.0,0.0,0.0,0.0,0.0,0.0,0.0,0,0.001,58.1124,1.0,58.1134
2018-01-03 15:54:00,0.0,0.001,0.0,0.0,0.0,0.0,0.0,0.0,0.0,0,0.001,57.9592,1.0,57.9602
2018-01-03 15:55:00,0.0,0.001,0.0,0.0,0.0,0.0,0.0,0.0,0.0,0,0.001,57.806,1.0,57.806999999999995
2018-01-03 15:56:00,0.0,0.001,0.0,0.0,0.0,0.0,0.0,0.0,0.0,0,0.001,57.6528,1.0,57.6538
2018-01-03 15:57:00,0.0,0.001,0.0,0.0,0.0,0.0,0.0,0.0,0.0,0,0.001,57.4996,1.0,57.5006
2018-01-03 15:58:00,0.0,0.001,0.0,0.0,0.0,0.0,0.0,0.0,0.0,0,0.001,57.3464,1.0,57.3474
2018-01-03 15:59:00,0.0,0.001,0.0,0.0,0.0,0.0,0.0,0.0,0.0,0,0.001,57.1932,1.0,57.194199999999995
2018-01-03 16:00:00,0.0,0.001,0.0,0.0,0.0,0.0,0.0,0.0,0.0,0,0.001,57.04,1.0,57.041
2018-01-03 16:01:00,0.0,0.001,0.0,0.0,0.0,0.0,0.0,0.0,0.0,0,0.001,57.0099,1.0,57.0109
2018-01-03 16:02:00,0.0,0.001,0.0,0.0,0.0,0.0,0.0,0.0,0.0,0,0.001,56.9798,1.0,56.980799999999995
2018-01-03 16:03:00,0.0,0.001,0.0,0.0,0.0,0.0,0.0,0.0,0.0,0,0.001,56.9497,1.0,56.9507
2018-01-03 16:04:00,0.0,0.001,0.0,0.0,0.0,0.0,0.0,0.0,0.0,0,0.001,56.919599999999996,1.0,56.92059999999999
2018-01-03 16:05:00,0.001,0.001,0.0,0.0,0.0,0.0,0.0,0.0,0.0,0,0.002,56.8895,2.0,56.8915
2018-01-03 16:06:00,0.001,0.001,0.0,0.0,0.0,0.0,0.0,0.0,0.0,0,0.002,56.8594,2.0,56.8614
2018-01-03 16:07:00,0.001,0.001,0.0,0.0,0.0,0.0,0.0,0.0,0.0,0,0.002,56.829299999999996,2.0,56.8313
2018-01-03 16:08:00,0.001,0.001,0.0,0.0,0.0,0.0,0.0,0.0,0.0,0,0.002,56.7992,2.0,56.8012
2018-01-03 16:09:00,0.001,0.001,0.0,0.0,0.0,0.0,0.0,0.0,0.0,0,0.002,56.769099999999995,2.0,56.7711
2018-01-03 16:10:00,0.001,0.001,0.0,0.0,0.0,0.0,0.0,0.0,0.0,0,0.002,56.739,2.0,56.741
2018-01-03 16:11:00,0.001,0.001,0.0,0.0,0.0,0.0,0.0,0.0,0.0,0,0.002,56.4434,2.0,56.4454
2018-01-03 16:12:00,0.001,0.001,0.0,0.0,0.0,0.0,0.0,0.0,0.0,0,0.002,56.1478,2.0,56.1498
2018-01-03 16:13:00,0.001,0.001,0.0,0.0,0.0,0.0,0.0,0.0,0.0,0,0.002,55.852199999999996,2.0,55.8542
2018-01-03 16:14:00,0.001,0.001,0.0,0.0,0.0,0.0,0.0,0.0,0.0,0,0.002,55.556599999999996,2.0,55.5586
2018-01-03 16:15:00,0.001,0.001,0.0,0.0,0.0,0.0,0.0,0.0,0.0,0,0.002,55.260999999999996,2.0,55.263
2018-01-03 16:16:00,0.001,0.001,0.0,0.0,0.0,0.0,0.0,0.0,0.0,0,0.002,54.9654,2.0,54.967400000000005
2018-01-03 16:17:00,0.001,0.001,0.0,0.0,0.0,0.0,0.0,0.0,0.0,0,0.002,54.6698,2.0,54.671800000000005
2018-01-03 16:18:00,0.001,0.001,0.0,0.0,0.0,0.0,0.0,0.0,0.0,0,0.002,54.3742,2.0,54.376200000000004
2018-01-03 16:19:00,0.001,0.001,0.0,0.0,0.0,0.0,0.0,0.0,0.0,0,0.002,54.0786,2.0,54.080600000000004
2018-01-03 16:20:00,0.001,0.001,0.0,0.0,0.0,0.0,0.0,0.0,0.0,0,0.002,53.783,2.0,53.785000000000004
2018-01-03 16:21:00,0.001,0.001,0.0,0.0,0.0,0.0,0.0,0.0,0.0,0,0.002,53.6905,2.0,53.6925
2018-01-03 16:22:00,0.001,0.001,0.0,0.0,0.0,0.0,0.0,0.0,0.0,0,0.002,53.598,2.0,53.6
2018-01-03 16:23:00,0.001,0.001,0.0,0.0,0.0,0.0,0.0,0.0,0.0,0,0.002,53.5055,2.0,53.5075
2018-01-03 16:24:00,0.001,0.001,0.0,0.0,0.0,0.0,0.0,0.0,0.0,0,0.002,53.413,2.0,53.415
2018-01-03 16:25:00,0.001,0.001,0.0,0.0,0.0,0.0,0.0,0.0,0.0,0,0.002,53.320499999999996,2.0,53.3225
2018-01-03 16:26:00,0.001,0.001,0.0,0.0,0.0,0.0,0.0,0.0,0.0,0,0.002,53.228,2.0,53.230000000000004
2018-01-03 16:27:00,0.001,0.001,0.0,0.0,0.0,0.0,0.0,0.0,0.0,0,0.002,53.1355,2.0,53.1375
2018-01-03 16:28:00,0.001,0.001,0.0,0.0,0.0,0.0,0.0,0.0,0.0,0,0.002,53.043,2.0,53.045
2018-01-03 16:29:00,0.001,0.001,0.0,0.0,0.0,0.0,0.0,0.0,0.0,0,0.002,52.9505,2.0,52.9525
2018-01-03 16:30:00,0.001,0.001,0.0,0.0,0.0,0.0,0.0,0.0,0.0,0,0.002,52.858,2.0,52.86
2018-01-03 16:31:00,0.001,0.001,0.0,0.0,0.0,0.0,0.0,0.0,0.0,0,0.002,53.0591,2.0,53.0611
2018-01-03 16:32:00,0.001,0.001,0.0,0.0,0.0,0.0,0.0,0.0,0.0,0,0.002,53.2602,2.0,53.2622
2018-01-03 16:33:00,0.001,0.001,0.0,0.0,0.0,0.0,0.0,0.0,0.0,0,0.002,53.461299999999994,2.0,53.4633
2018-01-03 16:34:00,0.001,0.001,0.0,0.0,0.0,0.0,0.0,0.0,0.0,0,0.002,53.6624,2.0,53.6644
2018-01-03 16:35:00,0.001,0.001,0.0,0.0,0.0,0.0,0.0,0.0,0.0,0,0.002,53.8635,2.0,53.865500000000004
2018-01-03 16:36:00,0.001,0.001,0.0,0.0,0.0,0.0,0.0,0.0,0.0,0,0.002,54.0646,2.0,54.0666
2018-01-03 16:37:00,0.001,0.001,0.0,0.0,0.0,0.0,0.0,0.0,0.0,0,0.002,54.265699999999995,2.0,54.2677
2018-01-03 16:38:00,0.001,0.001,0.0,0.0,0.0,0.0,0.0,0.0,0.0,0,0.002,54.4668,2.0,54.4688
2018-01-03 16:39:00,0.001,0.001,0.0,0.0,0.0,0.0,0.0,0.0,0.0,0,0.002,54.6679,2.0,54.669900000000005
2018-01-03 16:40:00,0.001,0.001,0.0,0.0,0.0,0.0,0.0,0.0,0.0,0,0.002,54.869,2.0,54.871
2018-01-03 16:41:00,0.001,0.001,0.0,0.0,0.0,0.0,0.0,0.0,0.0,0,0.002,54.611,2.0,54.613
2018-01-03 16:42:00,0.001,0.001,0.0,0.0,0.0,0.0,0.0,0.0,0.0,0,0.002,54.353,2.0,54.355000000000004
2018-01-03 16:43:00,0.001,0.001,0.0,0.0,0.0,0.0,0.0,0.0,0.0,0,0.002,54.095,2.0,54.097
2018-01-03 16:44:00,0.001,0.001,0.0,0.0,0.0,0.0,0.0,0.0,0.0,0,0.002,53.837,2.0,53.839000000000006
2018-01-03 16:45:00,0.001,0.001,0.0,0.0,0.0,0.0,0.0,0.0,0.0,0,0.002,53.579,2.0,53.581
2018-01-03 16:46:00,0.001,0.001,0.001,0.0,0.0,0.0,0.0,0.0,0.0,0,0.003,53.321,3.0,53.324
2018-01-03 16:47:00,0.001,0.001,0.001,0.0,0.0,0.0,0.0,0.0,0.0,0,0.003,53.063,3.0,53.066
2018-01-03 16:48:00,0.001,0.001,0.001,0.0,0.0,0.0,0.0,0.0,0.0,0,0.003,52.805,3.0,52.808
2018-01-03 16:49:00,0.001,0.001,0.001,0.0,0.0,0.0,0.0,0.0,0.0,0,0.003,52.547000000000004,3.0,52.550000000000004
2018-01-03 16:50:00,0.001,0.001,0.001,0.0,0.0,0.0,0.0,0.0,0.0,0,0.003,52.289,3.0,52.292
2018-01-03 16:51:00,0.001,0.001,0.001,0.0,0.0,0.0,0.0,0.0,0.0,0,0.003,52.2318,3.0,52.2348
2018-01-03 16:52:00,0.001,0.001,0.001,0.0,0.0,0.0,0.0,0.0,0.0,0,0.003,52.1746,3.0,52.1776
2018-01-03 16:53:00,0.001,0.0,0.001,0.0,0.0,0.0,0.0,0.0,0.0,0,0.002,52.1174,2.0,52.119400000000006
2018-01-03 16:54:00,0.001,0.0,0.001,0.0,0.0,0.0,0.0,0.0,0.0,0,0.002,52.0602,2.0,52.062200000000004
2018-01-03 16:55:00,0.001,0.0,0.001,0.0,0.0,0.0,0.0,0.0,0.0,0,0.002,52.003,2.0,52.005
2018-01-03 16:56:00,0.001,0.0,0.001,0.0,0.0,0.0,0.0,0.0,0.0,0,0.002,51.9458,2.0,51.9478
2018-01-03 16:57:00,0.001,0.0,0.001,0.0,0.0,0.0,0.0,0.0,0.0,0,0.002,51.8886,2.0,51.8906
2018-01-03 16:58:00,0.001,0.0,0.001,0.0,0.0,0.0,0.0,0.0,0.0,0,0.002,51.8314,2.0,51.833400000000005
2018-01-03 16:59:00,0.001,0.0,0.001,0.0,0.0,0.0,0.0,0.0,0.0,0,0.002,51.7742,2.0,51.7762
2018-01-03 17:00:00,0.001,0.0,0.001,0.0,0.0,0.0,0.0,0.0,0.0,0,0.002,51.717,2.0,51.719
2018-01-03 17:01:00,0.001,0.0,0.001,0.0,0.0,0.0,0.0,0.0,0.0,0,0.002,51.851,2.0,51.853
2018-01-03 17:02:00,0.001,0.0,0.001,0.0,0.0,0.0,0.0,0.0,0.0,0,0.002,51.985,2.0,51.987
2018-01-03 17:03:00,0.001,0.0,0.001,0.0,0.0,0.0,0.0,0.0,0.0,0,0.002,52.119,2.0,52.121
2018-01-03 17:04:00,0.001,0.0,0.001,0.0,0.0,0.0,0.0,0.0,0.0,0,0.002,52.253,2.0,52.255
2018-01-03 17:05:00,0.001,0.0,0.001,0.0,0.0,0.0,0.0,0.0,0.0,0,0.002,52.387,2.0,52.389
2018-01-03 17:06:00,0.0,0.0,0.001,0.0,0.0,0.0,0.0,0.0,0.0,0,0.001,52.521,1.0,52.522
2018-01-03 17:07:00,0.0,0.0,0.001,0.0,0.0,0.0,0.0,0.0,0.0,0,0.001,52.655,1.0,52.656
2018-01-03 17:08:00,0.0,0.0,0.001,0.0,0.0,0.0,0.0,0.0,0.0,0,0.001,52.789,1.0,52.79
2018-01-03 17:09:00,0.0,0.0,0.001,0.0,0.0,0.0,0.0,0.0,0.0,0,0.001,52.923,1.0,52.924
2018-01-03 17:10:00,0.0,0.0,0.001,0.0,0.0,0.0,0.0,0.0,0.0,0,0.001,53.057,1.0,53.058
2018-01-03 17:11:00,0.0,0.0,0.001,0.0,0.0,0.0,0.0,0.0,0.0,0,0.001,53.049,1.0,53.05
2018-01-03 17:12:00,0.0,0.0,0.001,0.0,0.0,0.0,0.0,0.0,0.0,0,0.001,53.041000000000004,1.0,53.042
2018-01-03 17:13:00,0.0,0.0,0.001,0.0,0.0,0.0,0.0,0.0,0.0,0,0.001,53.033,1.0,53.034
2018-01-03 17:14:00,0.0,0.0,0.001,0.0,0.0,0.0,0.0,0.0,0.0,0,0.001,53.025,1.0,53.025999999999996
2018-01-03 17:15:00,0.0,0.0,0.001,0.0,0.0,0.0,0.0,0.0,0.0,0,0.001,53.016999999999996,1.0,53.017999999999994
2018-01-03 17:16:00,0.0,0.0,0.001,0.0,0.0,0.0,0.0,0.0,0.0,0,0.001,53.009,1.0,53.01
2018-01-03 17:17:00,0.0,0.0,0.001,0.0,0.0,0.0,0.0,0.0,0.0,0,0.001,53.001,1.0,53.001999999999995
2018-01-03 17:18:00,0.0,0.0,0.001,0.0,0.0,0.0,0.0,0.0,0.0,0,0.001,52.992999999999995,1.0,52.99399999999999
2018-01-03 17:19:00,0.0,0.0,0.001,0.0,0.0,0.0,0.0,0.0,0.0,0,0.001,52.985,1.0,52.986
2018-01-03 17:20:00,0.0,0.0,0.001,0.0,0.0,0.0,0.0,0.0,0.0,0,0.001,52.977,1.0,52.977999999999994
2018-01-03 17:21:00,0.0,0.0,0.001,0.0,0.0,0.0,0.0,0.0,0.0,0,0.001,52.763099999999994,1.0,52.76409999999999
2018-01-03 17:22:00,0.0,0.0,0.001,0.0,0.0,0.0,0.0,0.0,0.0,0,0.001,52.5492,1.0,52.5502
2018-01-03 17:23:00,0.0,0.0,0.001,0.0,0.0,0.0,0.0,0.0,0.0,0,0.001,52.3353,1.0,52.336299999999994
2018-01-03 17:24:00,0.0,0.0,0.001,0.0,0.0,0.0,0.0,0.0,0.0,0,0.001,52.1214,1.0,52.1224
2018-01-03 17:25:00,0.0,0.0,0.001,0.0,0.0,0.0,0.0,0.0,0.0,0,0.001,51.9075,1.0,51.9085
2018-01-03 17:26:00,0.0,0.0,0.001,0.0,0.0,0.0,0.0,0.0,0.0,0,0.001,51.693599999999996,1.0,51.694599999999994
2018-01-03 17:27:00,0.0,0.0,0.001,0.0,0.0,0.0,0.0,0.0,0.0,0,0.001,51.4797,1.0,51.4807
2018-01-03 17:28:00,0.0,0.0,0.001,0.0,0.0,0.0,0.0,0.0,0.0,0,0.001,51.2658,1.0,51.266799999999996
2018-01-03 17:29:00,0.0,0.0,0.001,0.0,0.0,0.0,0.0,0.0,0.0,0,0.001,51.0519,1.0,51.0529
2018-01-03 17:30:00,0.0,0.0,0.001,0.0,0.0,0.0,0.0,0.0,0.0,0,0.001,50.838,1.0,50.839
2018-01-03 17:31:00,0.0,0.0,0.001,0.0,0.0,0.0,0.0,0.0,0.0,0,0.001,50.756,1.0,50.757
2018-01-03 17:32:00,0.0,0.0,0.001,0.0,0.0,0.0,0.0,0.0,0.0,0,0.001,50.674,1.0,50.675
2018-01-03 17:33:00,0.0,0.0,0.001,0.0,0.0,0.0,0.0,0.0,0.0,0,0.001,50.592,1.0,50.592999999999996
2018-01-03 17:34:00,0.0,0.0,0.001,0.0,0.0,0.0,0.0,0.0,0.0,0,0.001,50.51,1.0,50.510999999999996
2018-01-03 17:35:00,0.001,0.0,0.001,0.0,0.0,0.0,0.0,0.0,0.0,0,0.002,50.428,2.0,50.43
2018-01-03 17:36:00,0.001,0.0,0.001,0.0,0.0,0.0,0.0,0.0,0.0,0,0.002,50.346000000000004,2.0,50.348000000000006
2018-01-03 17:37:00,0.001,0.0,0.001,0.0,0.0,0.0,0.0,0.0,0.0,0,0.002,50.264,2.0,50.266000000000005
2018-01-03 17:38:00,0.001,0.0,0.001,0.0,0.0,0.0,0.0,0.0,0.0,0,0.002,50.182,2.0,50.184000000000005
2018-01-03 17:39:00,0.001,0.0,0.001,0.0,0.0,0.0,0.0,0.0,0.0,0,0.002,50.1,2.0,50.102000000000004
2018-01-03 17:40:00,0.001,0.0,0.001,0.0,0.0,0.0,0.0,0.0,0.0,0,0.002,50.018,2.0,50.02
2018-01-03 17:41:00,0.001,0.0,0.001,0.0,0.0,0.0,0.0,0.0,0.0,0,0.002,49.9592,2.0,49.961200000000005
2018-01-03 17:42:00,0.001,0.0,0.001,0.0,0.0,0.0,0.0,0.0,0.0,0,0.002,49.9004,2.0,49.9024
2018-01-03 17:43:00,0.001,0.0,0.001,0.0,0.0,0.0,0.0,0.0,0.0,0,0.002,49.8416,2.0,49.8436
2018-01-03 17:44:00,0.001,0.0,0.001,0.0,0.0,0.0,0.0,0.0,0.0,0,0.002,49.7828,2.0,49.784800000000004
2018-01-03 17:45:00,0.001,0.0,0.001,0.0,0.0,0.0,0.0,0.0,0.0,0,0.002,49.724000000000004,2.0,49.726000000000006
2018-01-03 17:46:00,0.001,0.0,0.001,0.0,0.0,0.0,0.0,0.0,0.0,0,0.002,49.6652,2.0,49.6672
2018-01-03 17:47:00,0.001,0.0,0.0,0.0,0.0,0.0,0.0,0.0,0.0,0,0.001,49.6064,1.0,49.6074
2018-01-03 17:48:00,0.001,0.0,0.0,0.0,0.0,0.0,0.0,0.0,0.0,0,0.001,49.5476,1.0,49.5486
2018-01-03 17:49:00,0.001,0.0,0.0,0.0,0.0,0.0,0.0,0.0,0.0,0,0.001,49.4888,1.0,49.489799999999995
2018-01-03 17:50:00,0.001,0.0,0.0,0.0,0.0,0.0,0.0,0.0,0.0,0,0.001,49.43,1.0,49.431
2018-01-03 17:51:00,0.001,0.0,0.0,0.0,0.0,0.0,0.0,0.0,0.0,0,0.001,49.4171,1.0,49.418099999999995
2018-01-03 17:52:00,0.001,0.0,0.0,0.0,0.0,0.0,0.0,0.0,0.0,0,0.001,49.4042,1.0,49.4052
2018-01-03 17:53:00,0.001,0.0,0.0,0.0,0.0,0.0,0.0,0.0,0.0,0,0.001,49.3913,1.0,49.3923
2018-01-03 17:54:00,0.001,0.0,0.0,0.0,0.0,0.0,0.0,0.0,0.0,0,0.001,49.3784,1.0,49.3794
2018-01-03 17:55:00,0.001,0.0,0.0,0.0,0.0,0.0,0.0,0.0,0.0,0,0.001,49.3655,1.0,49.366499999999995
2018-01-03 17:56:00,0.001,0.0,0.0,0.0,0.0,0.0,0.0,0.0,0.0,0,0.001,49.3526,1.0,49.3536
2018-01-03 17:57:00,0.001,0.0,0.0,0.0,0.0,0.0,0.0,0.0,0.0,0,0.001,49.3397,1.0,49.3407
2018-01-03 17:58:00,0.001,0.0,0.0,0.0,0.0,0.0,0.0,0.0,0.0,0,0.001,49.3268,1.0,49.327799999999996
2018-01-03 17:59:00,0.001,0.0,0.0,0.0,0.0,0.0,0.0,0.0,0.0,0,0.001,49.313900000000004,1.0,49.3149
2018-01-03 18:00:00,50.0,50.0,0.0,0.0,0.0,0.0,0.0,0.0,0.0,0,100.0,49.301,2.0,149.301
2018-01-03 18:01:00,0.001,0.001,0.0,0.0,0.0,0.0,0.0,0.0,0.0,0,0.002,49.4208,2.0,49.4228
2018-01-03 18:02:00,50.0,50.0,0.0,0.0,0.0,0.0,0.0,0.0,0.0,0,100.0,49.540600000000005,2.0,149.5406
2018-01-03 18:03:00,50.0,50.0,0.0,0.0,0.0,0.0,0.0,0.0,0.0,0,100.0,49.6604,2.0,149.6604
2018-01-03 18:04:00,50.0,50.0,0.0,0.0,0.0,0.0,0.0,0.0,0.0,0,100.0,49.7802,2.0,149.7802
2018-01-03 18:05:00,50.0,50.0,0.0,0.0,0.0,0.0,0.0,0.0,0.0,0,100.0,49.900000000000006,2.0,149.9
2018-01-03 18:06:00,50.0,50.0,0.0,0.0,0.0,0.0,0.0,0.0,0.0,0,100.0,50.019800000000004,2.0,150.0198
2018-01-03 18:07:00,50.0,50.0,0.0,0.0,0.0,0.0,0.0,0.0,0.0,0,100.0,50.1396,2.0,150.1396
2018-01-03 18:08:00,50.0,50.0,0.0,0.0,0.0,0.0,0.0,0.0,0.0,0,100.0,50.2594,2.0,150.2594
2018-01-03 18:09:00,50.0,50.0,50.0,0.0,0.0,0.0,0.0,0.0,0.0,0,150.0,50.379200000000004,3.0,200.3792
2018-01-03 18:10:00,50.0,50.0,50.0,0.0,0.0,0.0,0.0,0.0,0.0,0,150.0,50.499,3.0,200.499
2018-01-03 18:11:00,50.0,50.0,50.0,0.0,0.0,0.0,0.0,0.0,0.0,0,150.0,50.0852,3.0,200.0852
2018-01-03 18:12:00,50.0,50.0,50.0,0.0,0.0,0.0,0.0,0.0,0.0,0,150.0,49.6714,3.0,199.6714
2018-01-03 18:13:00,50.0,50.0,50.0,50.0,0.0,0.0,0.0,0.0,0.0,0,200.0,49.257600000000004,4.0,249.2576
2018-01-03 18:14:00,50.0,50.0,50.0,50.0,0.0,0.0,0.0,0.0,0.0,0,200.0,48.8438,4.0,248.8438
2018-01-03 18:15:00,50.0,50.0,50.0,50.0,0.0,0.0,0.0,0.0,0.0,0,200.0,48.43,4.0,248.43
2018-01-03 18:16:00,50.0,50.0,50.0,50.0,0.0,0.0,0.0,0.0,0.0,0,200.0,48.0162,4.0,248.0162
2018-01-03 18:17:00,50.0,50.0,50.0,50.0,0.0,0.0,0.0,0.0,0.0,0,200.0,47.602399999999996,4.0,247.6024
2018-01-03 18:18:00,50.0,50.0,50.0,50.0,0.0,0.0,0.0,0.0,0.0,0,200.0,47.1886,4.0,247.1886
2018-01-03 18:19:00,50.0,50.0,50.0,50.0,0.0,0.0,0.0,0.0,0.0,0,200.0,46.7748,4.0,246.7748
2018-01-03 18:20:00,50.0,50.0,50.0,50.0,0.0,0.0,0.0,0.0,0.0,0,200.0,46.361,4.0,246.361
2018-01-03 18:21:00,0.0,50.0,50.0,50.0,0.0,0.0,0.0,0.0,0.0,0,150.0,46.2821,3.0,196.2821
2018-01-03 18:22:00,0.0,50.0,50.0,50.0,0.0,0.0,0.0,0.0,0.0,0,150.0,46.203199999999995,3.0,196.20319999999998
2018-01-03 18:23:00,0.0,50.0,50.0,50.0,0.0,0.0,0.0,0.0,0.0,0,150.0,46.1243,3.0,196.1243
2018-01-03 18:24:00,0.0,50.0,50.0,50.0,0.0,0.0,0.0,0.0,0.0,0,150.0,46.0454,3.0,196.0454
2018-01-03 18:25:00,0.0,50.0,50.0,50.0,0.0,0.0,0.0,0.0,0.0,0,150.0,45.966499999999996,3.0,195.9665
2018-01-03 18:26:00,0.0,50.0,50.0,50.0,0.0,0.0,0.0,0.0,0.0,0,150.0,45.8876,3.0,195.8876
2018-01-03 18:27:00,0.0,50.0,50.0,50.0,0.0,0.0,0.0,0.0,0.0,0,150.0,45.8087,3.0,195.8087
2018-01-03 18:28:00,0.0,50.0,50.0,50.0,0.0,0.0,0.0,0.0,0.0,0,150.0,45.729800000000004,3.0,195.7298
2018-01-03 18:29:00,0.0,50.0,50.0,50.0,0.0,0.0,0.0,0.0,0.0,0,150.0,45.6509,3.0,195.6509
2018-01-03 18:30:00,0.0,50.0,50.0,50.0,0.0,0.0,0.0,0.0,0.0,0,150.0,45.572,3.0,195.572
2018-01-03 18:31:00,0.0,50.0,50.0,50.0,0.0,0.0,0.0,0.0,0.0,0,150.0,45.7609,3.0,195.7609
2018-01-03 18:32:00,0.0,50.0,50.0,50.0,0.0,0.0,0.0,0.0,0.0,0,150.0,45.9498,3.0,195.9498
2018-01-03 18:33:00,0.0,50.0,50.0,50.0,0.0,0.0,0.0,0.0,0.0,0,150.0,46.1387,3.0,196.1387
2018-01-03 18:34:00,0.0,0.0,50.0,50.0,0.0,0.0,0.0,0.0,0.0,0,100.0,46.327600000000004,2.0,146.32760000000002
2018-01-03 18:35:00,50.0,0.0,50.0,50.0,0.0,0.0,0.0,0.0,0.0,0,150.0,46.5165,3.0,196.5165
2018-01-03 18:36:00,50.0,0.0,50.0,50.0,0.0,0.0,0.0,0.0,0.0,0,150.0,46.7054,3.0,196.7054
2018-01-03 18:37:00,50.0,0.0,50.0,50.0,0.0,0.0,0.0,0.0,0.0,0,150.0,46.8943,3.0,196.8943
2018-01-03 18:38:00,50.0,0.0,50.0,50.0,0.0,0.0,0.0,0.0,0.0,0,150.0,47.0832,3.0,197.0832
2018-01-03 18:39:00,50.0,0.0,50.0,50.0,0.0,0.0,0.0,0.0,0.0,0,150.0,47.2721,3.0,197.2721
2018-01-03 18:40:00,50.0,0.0,50.0,50.0,0.0,0.0,0.0,0.0,0.0,0,150.0,47.461,3.0,197.461
2018-01-03 18:41:00,50.0,0.0,50.0,50.0,0.0,0.0,0.0,0.0,0.0,0,150.0,47.304,3.0,197.304
2018-01-03 18:42:00,50.0,0.0,0.0,50.0,0.0,0.0,0.0,0.0,0.0,0,100.0,47.147,2.0,147.147
2018-01-03 18:43:00,50.0,0.0,0.0,50.0,0.0,0.0,0.0,0.0,0.0,0,100.0,46.989999999999995,2.0,146.99
2018-01-03 18:44:00,50.0,0.0,0.0,50.0,0.0,0.0,0.0,0.0,0.0,0,100.0,46.833,2.0,146.833
2018-01-03 18:45:00,50.0,0.0,0.0,50.0,0.0,0.0,0.0,0.0,0.0,0,100.0,46.676,2.0,146.676
2018-01-03 18:46:00,50.0,0.0,0.0,0.0,0.0,0.0,0.0,0.0,0.0,0,50.0,46.519,1.0,96.519
2018-01-03 18:47:00,50.0,0.0,0.0,0.0,0.0,0.0,0.0,0.0,0.0,0,50.0,46.361999999999995,1.0,96.362
2018-01-03 18:48:00,50.0,0.0,0.0,0.0,0.0,0.0,0.0,0.0,0.0,0,50.0,46.205,1.0,96.205
2018-01-03 18:49:00,50.0,0.0,0.0,0.0,0.0,0.0,0.0,0.0,0.0,0,50.0,46.048,1.0,96.048
2018-01-03 18:50:00,50.0,50.0,0.0,0.0,0.0,0.0,0.0,0.0,0.0,0,100.0,45.891,2.0,145.891
2018-01-03 18:51:00,50.0,50.0,0.0,0.0,0.0,0.0,0.0,0.0,0.0,0,100.0,46.1154,2.0,146.1154
2018-01-03 18:52:00,50.0,50.0,0.0,0.0,0.0,0.0,0.0,0.0,0.0,0,100.0,46.3398,2.0,146.3398
2018-01-03 18:53:00,50.0,50.0,0.0,0.0,0.0,0.0,0.0,0.0,0.0,0,100.0,46.5642,2.0,146.5642
2018-01-03 18:54:00,50.0,50.0,0.0,0.0,0.0,0.0,0.0,0.0,0.0,0,100.0,46.788599999999995,2.0,146.7886
2018-01-03 18:55:00,50.0,50.0,0.0,0.0,0.0,0.0,0.0,0.0,0.0,0,100.0,47.013,2.0,147.013
2018-01-03 18:56:00,50.0,50.0,0.0,0.0,0.0,0.0,0.0,0.0,0.0,0,100.0,47.2374,2.0,147.2374
2018-01-03 18:57:00,50.0,50.0,0.0,0.0,0.0,0.0,0.0,0.0,0.0,0,100.0,47.4618,2.0,147.46179999999998
2018-01-03 18:58:00,50.0,50.0,0.0,0.0,0.0,0.0,0.0,0.0,0.0,0,100.0,47.6862,2.0,147.68619999999999
2018-01-03 18:59:00,50.0,50.0,0.0,0.0,0.0,0.0,0.0,0.0,0.0,0,100.0,47.910599999999995,2.0,147.9106
2018-01-03 19:00:00,50.0,50.0,0.0,0.0,0.0,0.0,0.0,0.0,0.0,0,100.0,48.135,2.0,148.135
2018-01-03 19:01:00,50.0,50.0,0.0,0.0,0.0,0.0,0.0,0.0,0.0,0,100.0,47.8399,2.0,147.8399
2018-01-03 19:02:00,50.0,50.0,0.0,0.0,0.0,0.0,0.0,0.0,0.0,0,100.0,47.544799999999995,2.0,147.5448
2018-01-03 19:03:00,50.0,50.0,0.0,0.0,0.0,0.0,0.0,0.0,0.0,0,100.0,47.2497,2.0,147.2497
2018-01-03 19:04:00,50.0,50.0,0.0,0.0,0.0,0.0,0.0,0.0,0.0,0,100.0,46.9546,2.0,146.9546
2018-01-03 19:05:00,50.0,50.0,0.0,0.0,0.0,0.0,0.0,0.0,0.0,0,100.0,46.659499999999994,2.0,146.65949999999998
2018-01-03 19:06:00,50.0,50.0,0.0,0.0,0.0,0.0,0.0,0.0,0.0,0,100.0,46.364399999999996,2.0,146.3644
2018-01-03 19:07:00,50.0,50.0,0.0,0.0,0.0,0.0,0.0,0.0,0.0,0,100.0,46.0693,2.0,146.0693
2018-01-03 19:08:00,0.0,50.0,0.0,0.0,0.0,0.0,0.0,0.0,0.0,0,50.0,45.7742,1.0,95.77420000000001
2018-01-03 19:09:00,0.0,50.0,0.0,0.0,0.0,0.0,0.0,0.0,0.0,0,50.0,45.479099999999995,1.0,95.47909999999999
2018-01-03 19:10:00,0.0,50.0,0.0,0.0,0.0,0.0,0.0,0.0,0.0,0,50.0,45.184,1.0,95.184
2018-01-03 19:11:00,0.0,50.0,0.0,0.0,0.0,0.0,0.0,0.0,0.0,0,50.0,45.1532,1.0,95.1532
2018-01-03 19:12:00,0.0,50.0,0.0,0.0,0.0,0.0,0.0,0.0,0.0,0,50.0,45.1224,1.0,95.1224
2018-01-03 19:13:00,0.0,50.0,0.0,0.0,0.0,0.0,0.0,0.0,0.0,0,50.0,45.0916,1.0,95.0916
2018-01-03 19:14:00,50.0,50.0,0.0,0.0,0.0,0.0,0.0,0.0,0.0,0,100.0,45.0608,2.0,145.0608
2018-01-03 19:15:00,50.0,50.0,0.0,0.0,0.0,0.0,0.0,0.0,0.0,0,100.0,45.03,2.0,145.03
2018-01-03 19:16:00,50.0,50.0,0.0,0.0,0.0,0.0,0.0,0.0,0.0,0,100.0,44.999199999999995,2.0,144.9992
2018-01-03 19:17:00,50.0,50.0,0.0,0.0,0.0,0.0,0.0,0.0,0.0,0,100.0,44.968399999999995,2.0,144.9684
2018-01-03 19:18:00,50.0,50.0,0.0,0.0,0.0,0.0,0.0,0.0,0.0,0,100.0,44.937599999999996,2.0,144.9376
2018-01-03 19:19:00,50.0,50.0,0.0,0.0,0.0,0.0,0.0,0.0,0.0,0,100.0,44.9068,2.0,144.9068
2018-01-03 19:20:00,50.0,50.0,0.0,0.0,0.0,0.0,0.0,0.0,0.0,0,100.0,44.876,2.0,144.876
2018-01-03 19:21:00,50.0,50.0,0.0,0.0,0.0,0.0,0.0,0.0,0.0,0,100.0,44.3622,2.0,144.3622
2018-01-03 19:22:00,50.0,50.0,0.0,0.0,0.0,0.0,0.0,0.0,0.0,0,100.0,43.8484,2.0,143.8484
2018-01-03 19:23:00,50.0,0.0,0.0,0.0,0.0,0.0,0.0,0.0,0.0,0,50.0,43.334599999999995,1.0,93.3346
2018-01-03 19:24:00,50.0,0.0,0.0,0.0,0.0,0.0,0.0,0.0,0.0,0,50.0,42.8208,1.0,92.82079999999999
2018-01-03 19:25:00,50.0,0.0,0.0,0.0,0.0,0.0,0.0,0.0,0.0,0,50.0,42.307,1.0,92.307
2018-01-03 19:26:00,50.0,0.0,0.0,0.0,0.0,0.0,0.0,0.0,0.0,0,50.0,41.7932,1.0,91.7932
2018-01-03 19:27:00,50.0,0.0,0.0,0.0,0.0,0.0,0.0,0.0,0.0,0,50.0,41.279399999999995,1.0,91.2794
2018-01-03 19:28:00,50.0,0.0,0.0,0.0,0.0,0.0,0.0,0.0,0.0,0,50.0,40.7656,1.0,90.7656
2018-01-03 19:29:00,50.0,0.0,0.0,0.0,0.0,0.0,0.0,0.0,0.0,0,50.0,40.2518,1.0,90.2518
2018-01-03 19:30:00,50.0,0.0,0.0,0.0,0.0,0.0,0.0,0.0,0.0,0,50.0,39.738,1.0,89.738
2018-01-03 19:31:00,50.0,0.0,0.0,0.0,0.0,0.0,0.0,0.0,0.0,0,50.0,39.7521,1.0,89.7521
2018-01-03 19:32:00,50.0,0.0,0.0,0.0,0.0,0.0,0.0,0.0,0.0,0,50.0,39.7662,1.0,89.7662
2018-01-03 19:33:00,50.0,0.0,0.0,0.0,0.0,0.0,0.0,0.0,0.0,0,50.0,39.7803,1.0,89.7803
2018-01-03 19:34:00,50.0,0.0,0.0,0.0,0.0,0.0,0.0,0.0,0.0,0,50.0,39.794399999999996,1.0,89.7944
2018-01-03 19:35:00,50.0,0.0,0.0,0.0,0.0,0.0,0.0,0.0,0.0,0,50.0,39.808499999999995,1.0,89.8085
2018-01-03 19:36:00,50.0,0.0,0.0,0.0,0.0,0.0,0.0,0.0,0.0,0,50.0,39.8226,1.0,89.8226
2018-01-03 19:37:00,50.0,0.0,0.0,0.0,0.0,0.0,0.0,0.0,0.0,0,50.0,39.8367,1.0,89.83670000000001
2018-01-03 19:38:00,50.0,0.0,0.0,0.0,0.0,0.0,0.0,0.0,0.0,0,50.0,39.8508,1.0,89.85079999999999
2018-01-03 19:39:00,50.0,0.0,0.0,0.0,0.0,0.0,0.0,0.0,0.0,0,50.0,39.8649,1.0,89.8649
2018-01-03 19:40:00,50.0,0.0,0.0,0.0,0.0,0.0,0.0,0.0,0.0,0,50.0,39.879,1.0,89.87899999999999
2018-01-03 19:41:00,50.0,0.0,0.0,0.0,0.0,0.0,0.0,0.0,0.0,0,50.0,39.7663,1.0,89.7663
2018-01-03 19:42:00,50.0,0.0,0.0,0.0,0.0,0.0,0.0,0.0,0.0,0,50.0,39.6536,1.0,89.6536
2018-01-03 19:43:00,50.0,50.0,0.0,0.0,0.0,0.0,0.0,0.0,0.0,0,100.0,39.5409,2.0,139.5409
2018-01-03 19:44:00,50.0,50.0,50.0,0.0,0.0,0.0,0.0,0.0,0.0,0,150.0,39.4282,3.0,189.4282
2018-01-03 19:45:00,50.0,50.0,50.0,0.0,0.0,0.0,0.0,0.0,0.0,0,150.0,39.3155,3.0,189.3155
2018-01-03 19:46:00,50.0,50.0,50.0,0.0,0.0,0.0,0.0,0.0,0.0,0,150.0,39.2028,3.0,189.2028
2018-01-03 19:47:00,0.0,50.0,50.0,0.0,0.0,0.0,0.0,0.0,0.0,0,100.0,39.0901,2.0,139.0901
2018-01-03 19:48:00,0.0,50.0,50.0,0.0,0.0,0.0,0.0,0.0,0.0,0,100.0,38.9774,2.0,138.9774
2018-01-03 19:49:00,0.0,50.0,50.0,0.0,0.0,0.0,0.0,0.0,0.0,0,100.0,38.8647,2.0,138.8647
2018-01-03 19:50:00,0.0,50.0,50.0,0.0,0.0,0.0,0.0,0.0,0.0,0,100.0,38.752,2.0,138.752
2018-01-03 19:51:00,0.0,50.0,50.0,0.0,0.0,0.0,0.0,0.0,0.0,0,100.0,38.2653,2.0,138.2653
2018-01-03 19:52:00,0.0,50.0,50.0,0.0,0.0,0.0,0.0,0.0,0.0,0,100.0,37.778600000000004,2.0,137.7786
2018-01-03 19:53:00,0.0,50.0,50.0,0.0,0.0,0.0,0.0,0.0,0.0,0,100.0,37.2919,2.0,137.2919
2018-01-03 19:54:00,0.0,50.0,50.0,0.0,0.0,0.0,0.0,0.0,0.0,0,100.0,36.8052,2.0,136.8052
2018-01-03 19:55:00,0.0,50.0,50.0,0.0,0.0,0.0,0.0,0.0,0.0,0,100.0,36.3185,2.0,136.3185
2018-01-03 19:56:00,0.0,50.0,50.0,0.0,0.0,0.0,0.0,0.0,0.0,0,100.0,35.8318,2.0,135.8318
2018-01-03 19:57:00,0.0,50.0,50.0,0.0,0.0,0.0,0.0,0.0,0.0,0,100.0,35.3451,2.0,135.3451
2018-01-03 19:58:00,0.0,50.0,50.0,0.0,0.0,0.0,0.0,0.0,0.0,0,100.0,34.858399999999996,2.0,134.8584
2018-01-03 19:59:00,0.0,50.0,50.0,0.0,0.0,0.0,0.0,0.0,0.0,0,100.0,34.3717,2.0,134.3717
2018-01-03 20:00:00,0.0,50.0,50.0,0.0,0.0,0.0,0.0,0.0,0.0,0,100.0,33.885,2.0,133.885
2018-01-03 20:01:00,0.0,50.0,50.0,0.0,0.0,0.0,0.0,0.0,0.0,0,100.0,33.3104,2.0,133.31040000000002
2018-01-03 20:02:00,0.0,0.001,50.0,0.0,0.0,0.0,0.0,0.0,0.0,0,50.001,32.7358,2.0,82.73679999999999
2018-01-03 20:03:00,0.0,0.001,0.001,0.0,0.0,0.0,0.0,0.0,0.0,0,0.002,32.1612,2.0,32.1632
2018-01-03 20:04:00,0.0,0.001,0.001,0.0,0.0,0.0,0.0,0.0,0.0,0,0.002,31.586599999999997,2.0,31.588599999999996
2018-01-03 20:05:00,0.0,0.001,0.001,0.0,0.0,0.0,0.0,0.0,0.0,0,0.002,31.012,2.0,31.014
2018-01-03 20:06:00,0.0,0.001,0.001,0.0,0.0,0.0,0.0,0.0,0.0,0,0.002,30.437399999999997,2.0,30.439399999999996
2018-01-03 20:07:00,0.0,0.001,0.001,0.0,0.0,0.0,0.0,0.0,0.0,0,0.002,29.8628,2.0,29.8648
2018-01-03 20:08:00,0.0,0.001,0.001,0.0,0.0,0.0,0.0,0.0,0.0,0,0.002,29.2882,2.0,29.2902
2018-01-03 20:09:00,0.0,0.001,0.001,0.0,0.0,0.0,0.0,0.0,0.0,0,0.002,28.7136,2.0,28.7156
2018-01-03 20:10:00,0.0,0.001,0.001,0.0,0.0,0.0,0.0,0.0,0.0,0,0.002,28.139,2.0,28.141
2018-01-03 20:11:00,50.0,50.0,50.0,0.0,0.0,0.0,0.0,0.0,0.0,0,150.0,28.1206,3.0,178.1206
2018-01-03 20:12:00,50.0,50.0,50.0,50.0,0.0,0.0,0.0,0.0,0.0,0,200.0,28.1022,4.0,228.1022
2018-01-03 20:13:00,50.0,50.0,50.0,50.0,0.0,0.0,0.0,0.0,0.0,0,200.0,28.0838,4.0,228.0838
2018-01-03 20:14:00,50.0,0.001,50.0,50.0,0.0,0.0,0.0,0.0,0.0,0,150.001,28.0654,4.0,178.06640000000002
2018-01-03 20:15:00,50.0,50.0,50.0,50.0,0.0,0.0,0.0,0.0,0.0,0,200.0,28.046999999999997,4.0,228.047
2018-01-03 20:16:00,50.0,50.0,50.0,50.0,0.0,0.0,0.0,0.0,0.0,0,200.0,28.028599999999997,4.0,228.02859999999998
2018-01-03 20:17:00,50.0,50.0,50.0,50.0,0.0,0.0,0.0,0.0,0.0,0,200.0,28.010199999999998,4.0,228.0102
2018-01-03 20:18:00,50.0,50.0,50.0,50.0,0.0,0.0,0.0,0.0,0.0,0,200.0,27.991799999999998,4.0,227.9918
2018-01-03 20:19:00,50.0,50.0,50.0,50.0,0.0,0.0,0.0,0.0,0.0,0,200.0,27.973399999999998,4.0,227.9734
2018-01-03 20:20:00,50.0,50.0,50.0,50.0,0.0,0.0,0.0,0.0,0.0,0,200.0,27.955,4.0,227.95499999999998
2018-01-03 20:21:00,50.0,0.0,0.0,50.0,0.0,0.0,0.0,0.0,0.0,0,100.0,27.737699999999997,2.0,127.73769999999999
2018-01-03 20:22:00,50.0,0.0,0.0,50.0,0.0,0.0,0.0,0.0,0.0,0,100.0,27.5204,2.0,127.5204
2018-01-03 20:23:00,50.0,0.0,0.0,50.0,0.0,0.0,0.0,0.0,0.0,0,100.0,27.3031,2.0,127.3031
2018-01-03 20:24:00,50.0,0.0,0.0,50.0,0.0,0.0,0.0,0.0,0.0,0,100.0,27.0858,2.0,127.0858
2018-01-03 20:25:00,50.0,0.0,0.0,50.0,0.0,0.0,0.0,0.0,0.0,0,100.0,26.868499999999997,2.0,126.8685
2018-01-03 20:26:00,50.0,0.0,0.0,50.0,0.0,0.0,0.0,0.0,0.0,0,100.0,26.6512,2.0,126.6512
2018-01-03 20:27:00,50.0,0.0,0.0,50.0,0.0,0.0,0.0,0.0,0.0,0,100.0,26.4339,2.0,126.4339
2018-01-03 20:28:00,50.0,0.0,0.0,50.0,0.0,0.0,0.0,0.0,0.0,0,100.0,26.2166,2.0,126.2166
2018-01-03 20:29:00,50.0,0.0,0.0,50.0,0.0,0.0,0.0,0.0,0.0,0,100.0,25.999299999999998,2.0,125.9993
2018-01-03 20:30:00,50.0,0.0,0.0,50.0,0.0,0.0,0.0,0.0,0.0,0,100.0,25.782,2.0,125.782
2018-01-03 20:31:00,50.0,0.0,0.0,50.0,0.0,0.0,0.0,0.0,0.0,0,100.0,25.8634,2.0,125.8634
2018-01-03 20:32:00,50.0,0.0,0.0,50.0,0.0,0.0,0.0,0.0,0.0,0,100.0,25.9448,2.0,125.9448
2018-01-03 20:33:00,50.0,0.0,0.0,50.0,0.0,0.0,0.0,0.0,0.0,0,100.0,26.0262,2.0,126.0262
2018-01-03 20:34:00,50.0,0.0,0.0,50.0,0.0,0.0,0.0,0.0,0.0,0,100.0,26.1076,2.0,126.1076
2018-01-03 20:35:00,50.0,0.0,0.0,50.0,0.0,0.0,0.0,0.0,0.0,0,100.0,26.189,2.0,126.189
2018-01-03 20:36:00,50.0,0.0,0.0,50.0,0.0,0.0,0.0,0.0,0.0,0,100.0,26.2704,2.0,126.2704
2018-01-03 20:37:00,50.0,0.0,0.0,50.0,0.0,0.0,0.0,0.0,0.0,0,100.0,26.3518,2.0,126.3518
2018-01-03 20:38:00,50.0,0.0,0.0,50.0,0.0,0.0,0.0,0.0,0.0,0,100.0,26.4332,2.0,126.4332
2018-01-03 20:39:00,50.0,0.0,0.0,50.0,0.0,0.0,0.0,0.0,0.0,0,100.0,26.5146,2.0,126.5146
2018-01-03 20:40:00,50.0,0.0,0.0,50.0,0.0,0.0,0.0,0.0,0.0,0,100.0,26.596,2.0,126.596
2018-01-03 20:41:00,50.0,0.0,0.0,50.0,0.0,0.0,0.0,0.0,0.0,0,100.0,26.4957,2.0,126.4957
2018-01-03 20:42:00,50.0,0.0,0.0,50.0,0.0,0.0,0.0,0.0,0.0,0,100.0,26.3954,2.0,126.3954
2018-01-03 20:43:00,50.0,0.0,0.0,50.0,0.0,0.0,0.0,0.0,0.0,0,100.0,26.2951,2.0,126.2951
2018-01-03 20:44:00,0.0,0.0,0.0,50.0,0.0,0.0,0.0,0.0,0.0,0,50.0,26.1948,1.0,76.1948
2018-01-03 20:45:00,0.0,0.0,0.0,0.0,0.0,0.0,0.0,0.0,0.0,0,0.0,26.0945,0.0,26.0945
2018-01-03 20:46:00,0.0,0.0,0.0,0.0,0.0,0.0,0.0,0.0,0.0,0,0.0,25.9942,0.0,25.9942
2018-01-03 20:47:00,0.0,0.0,0.0,0.0,0.0,0.0,0.0,0.0,0.0,0,0.0,25.8939,0.0,25.8939
2018-01-03 20:48:00,0.0,0.0,0.0,0.0,0.0,0.0,0.0,0.0,0.0,0,0.0,25.7936,0.0,25.7936
2018-01-03 20:49:00,0.0,0.0,0.0,0.0,0.0,0.0,0.0,0.0,0.0,0,0.0,25.6933,0.0,25.6933
2018-01-03 20:50:00,0.0,0.0,0.0,0.0,0.0,0.0,0.0,0.0,0.0,0,0.0,25.593,0.0,25.593
2018-01-03 20:51:00,0.0,0.0,0.0,0.0,0.0,0.0,0.0,0.0,0.0,0,0.0,25.4447,0.0,25.4447
2018-01-03 20:52:00,0.0,0.0,0.0,0.0,0.0,0.0,0.0,0.0,0.0,0,0.0,25.2964,0.0,25.2964
2018-01-03 20:53:00,0.0,0.0,0.0,0.0,0.0,0.0,0.0,0.0,0.0,0,0.0,25.1481,0.0,25.1481
2018-01-03 20:54:00,0.0,0.0,0.0,0.0,0.0,0.0,0.0,0.0,0.0,0,0.0,24.9998,0.0,24.9998
2018-01-03 20:55:00,0.0,0.0,0.0,0.0,0.0,0.0,0.0,0.0,0.0,0,0.0,24.8515,0.0,24.8515
2018-01-03 20:56:00,0.0,0.0,0.0,0.0,0.0,0.0,0.0,0.0,0.0,0,0.0,24.7032,0.0,24.7032
2018-01-03 20:57:00,0.0,0.0,0.0,0.0,0.0,0.0,0.0,0.0,0.0,0,0.0,24.5549,0.0,24.5549
2018-01-03 20:58:00,0.0,0.0,0.0,0.0,0.0,0.0,0.0,0.0,0.0,0,0.0,24.4066,0.0,24.4066
2018-01-03 20:59:00,0.0,0.0,0.0,0.0,0.0,0.0,0.0,0.0,0.0,0,0.0,24.2583,0.0,24.2583
2018-01-03 21:00:00,0.0,0.0,0.0,0.0,0.0,0.0,0.0,0.0,0.0,0,0.0,24.11,0.0,24.11
2018-01-03 21:01:00,0.0,0.0,0.0,0.0,0.0,0.0,0.0,0.0,0.0,0,0.0,23.7845,0.0,23.7845
2018-01-03 21:02:00,0.0,0.0,0.0,0.0,0.0,0.0,0.0,0.0,0.0,0,0.0,23.459,0.0,23.459
2018-01-03 21:03:00,0.0,0.0,0.0,0.0,0.0,0.0,0.0,0.0,0.0,0,0.0,23.133499999999998,0.0,23.133499999999998
2018-01-03 21:04:00,0.0,0.0,0.0,0.0,0.0,0.0,0.0,0.0,0.0,0,0.0,22.808,0.0,22.808
2018-01-03 21:05:00,0.0,0.0,0.0,0.0,0.0,0.0,0.0,0.0,0.0,0,0.0,22.4825,0.0,22.4825
2018-01-03 21:06:00,0.0,0.0,0.0,0.0,0.0,0.0,0.0,0.0,0.0,0,0.0,22.157,0.0,22.157
2018-01-03 21:07:00,0.0,0.0,0.0,0.0,0.0,0.0,0.0,0.0,0.0,0,0.0,21.8315,0.0,21.8315
2018-01-03 21:08:00,0.0,0.0,0.0,0.0,0.0,0.0,0.0,0.0,0.0,0,0.0,21.506,0.0,21.506
2018-01-03 21:09:00,0.0,0.0,0.0,0.0,0.0,0.0,0.0,0.0,0.0,0,0.0,21.180500000000002,0.0,21.180500000000002
2018-01-03 21:10:00,0.0,0.0,0.0,0.0,0.0,0.0,0.0,0.0,0.0,0,0.0,20.855,0.0,20.855
2018-01-03 21:11:00,0.0,0.0,0.0,0.0,0.0,0.0,0.0,0.0,0.0,0,0.0,20.8619,0.0,20.8619
2018-01-03 21:12:00,0.0,0.0,0.0,0.0,0.0,0.0,0.0,0.0,0.0,0,0.0,20.8688,0.0,20.8688
2018-01-03 21:13:00,0.0,0.0,0.0,0.0,0.0,0.0,0.0,0.0,0.0,0,0.0,20.875700000000002,0.0,20.875700000000002
2018-01-03 21:14:00,0.0,0.0,0.0,0.0,0.0,0.0,0.0,0.0,0.0,0,0.0,20.8826,0.0,20.8826
2018-01-03 21:15:00,0.0,0.0,0.0,0.0,0.0,0.0,0.0,0.0,0.0,0,0.0,20.889499999999998,0.0,20.889499999999998
2018-01-03 21:16:00,0.0,0.0,0.0,0.0,0.0,0.0,0.0,0.0,0.0,0,0.0,20.8964,0.0,20.8964
2018-01-03 21:17:00,0.0,0.0,0.0,0.0,0.0,0.0,0.0,0.0,0.0,0,0.0,20.9033,0.0,20.9033
2018-01-03 21:18:00,0.0,0.0,0.0,0.0,0.0,0.0,0.0,0.0,0.0,0,0.0,20.9102,0.0,20.9102
2018-01-03 21:19:00,0.0,0.0,0.0,0.0,0.0,0.0,0.0,0.0,0.0,0,0.0,20.917099999999998,0.0,20.917099999999998
2018-01-03 21:20:00,0.0,0.0,0.0,0.0,0.0,0.0,0.0,0.0,0.0,0,0.0,20.924,0.0,20.924
2018-01-03 21:21:00,0.0,0.0,0.0,0.0,0.0,0.0,0.0,0.0,0.0,0,0.0,21.0522,0.0,21.0522
2018-01-03 21:22:00,0.0,0.0,0.0,0.0,0.0,0.0,0.0,0.0,0.0,0,0.0,21.1804,0.0,21.1804
2018-01-03 21:23:00,0.0,0.0,0.0,0.0,0.0,0.0,0.0,0.0,0.0,0,0.0,21.3086,0.0,21.3086
2018-01-03 21:24:00,0.0,0.0,0.0,0.0,0.0,0.0,0.0,0.0,0.0,0,0.0,21.436799999999998,0.0,21.436799999999998
2018-01-03 21:25:00,0.0,0.0,0.0,0.0,0.0,0.0,0.0,0.0,0.0,0,0.0,21.564999999999998,0.0,21.564999999999998
2018-01-03 21:26:00,0.0,0.0,0.0,0.0,0.0,0.0,0.0,0.0,0.0,0,0.0,21.6932,0.0,21.6932
2018-01-03 21:27:00,0.0,0.0,0.0,0.0,0.0,0.0,0.0,0.0,0.0,0,0.0,21.8214,0.0,21.8214
2018-01-03 21:28:00,0.0,0.0,0.0,0.0,0.0,0.0,0.0,0.0,0.0,0,0.0,21.9496,0.0,21.9496
2018-01-03 21:29:00,0.0,0.0,0.0,0.0,0.0,0.0,0.0,0.0,0.0,0,0.0,22.0778,0.0,22.0778
2018-01-03 21:30:00,0.0,0.0,0.0,0.0,0.0,0.0,0.0,0.0,0.0,0,0.0,22.206,0.0,22.206
2018-01-03 21:31:00,0.0,0.0,0.0,0.0,0.0,0.0,0.0,0.0,0.0,0,0.0,22.2775,0.0,22.2775
2018-01-03 21:32:00,0.0,0.0,0.0,0.0,0.0,0.0,0.0,0.0,0.0,0,0.0,22.349,0.0,22.349
2018-01-03 21:33:00,0.0,0.0,0.0,0.0,0.0,0.0,0.0,0.0,0.0,0,0.0,22.4205,0.0,22.4205
2018-01-03 21:34:00,0.0,0.0,0.0,0.0,0.0,0.0,0.0,0.0,0.0,0,0.0,22.492,0.0,22.492
2018-01-03 21:35:00,0.0,0.0,0.0,0.0,0.0,0.0,0.0,0.0,0.0,0,0.0,22.563499999999998,0.0,22.563499999999998
2018-01-03 21:36:00,0.0,0.0,0.0,0.0,0.0,0.0,0.0,0.0,0.0,0,0.0,22.634999999999998,0.0,22.634999999999998
2018-01-03 21:37:00,0.0,0.0,0.0,0.0,0.0,0.0,0.0,0.0,0.0,0,0.0,22.7065,0.0,22.7065
2018-01-03 21:38:00,0.0,0.0,0.0,0.0,0.0,0.0,0.0,0.0,0.0,0,0.0,22.778,0.0,22.778
2018-01-03 21:39:00,0.0,0.0,0.0,0.0,0.0,0.0,0.0,0.0,0.0,0,0.0,22.8495,0.0,22.8495
2018-01-03 21:40:00,0.0,0.0,0.0,0.0,0.0,0.0,0.0,0.0,0.0,0,0.0,22.921,0.0,22.921
2018-01-03 21:41:00,0.0,0.0,0.0,0.0,0.0,0.0,0.0,0.0,0.0,0,0.0,22.826999999999998,0.0,22.826999999999998
2018-01-03 21:42:00,0.0,0.0,0.0,0.0,0.0,0.0,0.0,0.0,0.0,0,0.0,22.733,0.0,22.733
2018-01-03 21:43:00,0.0,0.0,0.0,0.0,0.0,0.0,0.0,0.0,0.0,0,0.0,22.639,0.0,22.639
2018-01-03 21:44:00,0.0,0.0,0.0,0.0,0.0,0.0,0.0,0.0,0.0,0,0.0,22.545,0.0,22.545
2018-01-03 21:45:00,0.0,0.0,0.0,0.0,0.0,0.0,0.0,0.0,0.0,0,0.0,22.451,0.0,22.451
2018-01-03 21:46:00,0.0,0.0,0.0,0.0,0.0,0.0,0.0,0.0,0.0,0,0.0,22.357,0.0,22.357
2018-01-03 21:47:00,0.0,0.0,0.0,0.0,0.0,0.0,0.0,0.0,0.0,0,0.0,22.263,0.0,22.263
2018-01-03 21:48:00,0.0,0.0,0.0,0.0,0.0,0.0,0.0,0.0,0.0,0,0.0,22.169,0.0,22.169
2018-01-03 21:49:00,0.0,0.0,0.0,0.0,0.0,0.0,0.0,0.0,0.0,0,0.0,22.075000000000003,0.0,22.075000000000003
2018-01-03 21:50:00,0.0,0.0,0.0,0.0,0.0,0.0,0.0,0.0,0.0,0,0.0,21.981,0.0,21.981
2018-01-03 21:51:00,0.0,0.0,0.0,0.0,0.0,0.0,0.0,0.0,0.0,0,0.0,22.1548,0.0,22.1548
2018-01-03 21:52:00,0.0,0.0,0.0,0.0,0.0,0.0,0.0,0.0,0.0,0,0.0,22.3286,0.0,22.3286
2018-01-03 21:53:00,0.0,0.0,0.0,0.0,0.0,0.0,0.0,0.0,0.0,0,0.0,22.5024,0.0,22.5024
2018-01-03 21:54:00,0.0,0.0,0.0,0.0,0.0,0.0,0.0,0.0,0.0,0,0.0,22.6762,0.0,22.6762
2018-01-03 21:55:00,0.0,0.0,0.0,0.0,0.0,0.0,0.0,0.0,0.0,0,0.0,22.85,0.0,22.85
2018-01-03 21:56:00,0.0,0.0,0.0,0.0,0.0,0.0,0.0,0.0,0.0,0,0.0,23.0238,0.0,23.0238
2018-01-03 21:57:00,0.0,0.0,0.0,0.0,0.0,0.0,0.0,0.0,0.0,0,0.0,23.1976,0.0,23.1976
2018-01-03 21:58:00,0.0,0.0,0.0,0.0,0.0,0.0,0.0,0.0,0.0,0,0.0,23.3714,0.0,23.3714
2018-01-03 21:59:00,0.0,0.0,0.0,0.0,0.0,0.0,0.0,0.0,0.0,0,0.0,23.5452,0.0,23.5452
2018-01-03 22:00:00,0.0,0.0,0.0,0.0,0.0,0.0,0.0,0.0,0.0,0,0.0,23.719,0.0,23.719
2018-01-03 22:01:00,0.0,0.0,0.0,0.0,0.0,0.0,0.0,0.0,0.0,0,0.0,23.6395,0.0,23.6395
2018-01-03 22:02:00,0.0,0.0,0.0,0.0,0.0,0.0,0.0,0.0,0.0,0,0.0,23.560000000000002,0.0,23.560000000000002
2018-01-03 22:03:00,0.0,0.0,0.0,0.0,0.0,0.0,0.0,0.0,0.0,0,0.0,23.4805,0.0,23.4805
2018-01-03 22:04:00,0.0,0.0,0.0,0.0,0.0,0.0,0.0,0.0,0.0,0,0.0,23.401,0.0,23.401
2018-01-03 22:05:00,0.0,0.0,0.0,0.0,0.0,0.0,0.0,0.0,0.0,0,0.0,23.3215,0.0,23.3215
2018-01-03 22:06:00,0.0,0.0,0.0,0.0,0.0,0.0,0.0,0.0,0.0,0,0.0,23.242,0.0,23.242
2018-01-03 22:07:00,0.0,0.0,0.0,0.0,0.0,0.0,0.0,0.0,0.0,0,0.0,23.1625,0.0,23.1625
2018-01-03 22:08:00,0.0,0.0,0.0,0.0,0.0,0.0,0.0,0.0,0.0,0,0.0,23.083,0.0,23.083
2018-01-03 22:09:00,0.0,0.0,0.0,0.0,0.0,0.0,0.0,0.0,0.0,0,0.0,23.0035,0.0,23.0035
2018-01-03 22:10:00,0.0,0.0,0.0,0.0,0.0,0.0,0.0,0.0,0.0,0,0.0,22.924,0.0,22.924
2018-01-03 22:11:00,0.0,0.0,0.0,0.0,0.0,0.0,0.0,0.0,0.0,0,0.0,22.8434,0.0,22.8434
2018-01-03 22:12:00,0.0,0.0,0.0,0.0,0.0,0.0,0.0,0.0,0.0,0,0.0,22.7628,0.0,22.7628
2018-01-03 22:13:00,0.0,0.0,0.0,0.0,0.0,0.0,0.0,0.0,0.0,0,0.0,22.682199999999998,0.0,22.682199999999998
2018-01-03 22:14:00,0.0,0.0,0.0,0.0,0.0,0.0,0.0,0.0,0.0,0,0.0,22.601599999999998,0.0,22.601599999999998
2018-01-03 22:15:00,0.0,0.0,0.0,0.0,0.0,0.0,0.0,0.0,0.0,0,0.0,22.521,0.0,22.521
2018-01-03 22:16:00,0.0,0.0,0.0,0.0,0.0,0.0,0.0,0.0,0.0,0,0.0,22.4404,0.0,22.4404
2018-01-03 22:17:00,0.0,0.0,0.0,0.0,0.0,0.0,0.0,0.0,0.0,0,0.0,22.3598,0.0,22.3598
2018-01-03 22:18:00,0.0,0.0,0.0,0.0,0.0,0.0,0.0,0.0,0.0,0,0.0,22.2792,0.0,22.2792
2018-01-03 22:19:00,0.0,0.0,0.0,0.0,0.0,0.0,0.0,0.0,0.0,0,0.0,22.1986,0.0,22.1986
2018-01-03 22:20:00,0.0,0.0,0.0,0.0,0.0,0.0,0.0,0.0,0.0,0,0.0,22.118,0.0,22.118
2018-01-03 22:21:00,0.0,0.0,0.0,0.0,0.0,0.0,0.0,0.0,0.0,0,0.0,22.005799999999997,0.0,22.005799999999997
2018-01-03 22:22:00,0.0,0.0,0.0,0.0,0.0,0.0,0.0,0.0,0.0,0,0.0,21.8936,0.0,21.8936
2018-01-03 22:23:00,0.0,0.0,0.0,0.0,0.0,0.0,0.0,0.0,0.0,0,0.0,21.781399999999998,0.0,21.781399999999998
2018-01-03 22:24:00,0.0,0.0,0.0,0.0,0.0,0.0,0.0,0.0,0.0,0,0.0,21.6692,0.0,21.6692
2018-01-03 22:25:00,0.0,0.0,0.0,0.0,0.0,0.0,0.0,0.0,0.0,0,0.0,21.557,0.0,21.557
2018-01-03 22:26:00,0.0,0.0,0.0,0.0,0.0,0.0,0.0,0.0,0.0,0,0.0,21.444799999999997,0.0,21.444799999999997
2018-01-03 22:27:00,0.0,0.0,0.0,0.0,0.0,0.0,0.0,0.0,0.0,0,0.0,21.3326,0.0,21.3326
2018-01-03 22:28:00,0.0,0.0,0.0,0.0,0.0,0.0,0.0,0.0,0.0,0,0.0,21.220399999999998,0.0,21.220399999999998
2018-01-03 22:29:00,0.0,0.0,0.0,0.0,0.0,0.0,0.0,0.0,0.0,0,0.0,21.1082,0.0,21.1082
2018-01-03 22:30:00,0.0,0.0,0.0,0.0,0.0,0.0,0.0,0.0,0.0,0,0.0,20.996,0.0,20.996
2018-01-03 22:31:00,0.0,0.0,0.0,0.0,0.0,0.0,0.0,0.0,0.0,0,0.0,20.8019,0.0,20.8019
2018-01-03 22:32:00,0.0,0.0,0.0,0.0,0.0,0.0,0.0,0.0,0.0,0,0.0,20.607799999999997,0.0,20.607799999999997
2018-01-03 22:33:00,0.0,0.0,0.0,0.0,0.0,0.0,0.0,0.0,0.0,0,0.0,20.4137,0.0,20.4137
2018-01-03 22:34:00,0.0,0.0,0.0,0.0,0.0,0.0,0.0,0.0,0.0,0,0.0,20.2196,0.0,20.2196
2018-01-03 22:35:00,0.0,0.0,0.0,0.0,0.0,0.0,0.0,0.0,0.0,0,0.0,20.0255,0.0,20.0255
2018-01-03 22:36:00,0.0,0.0,0.0,0.0,0.0,0.0,0.0,0.0,0.0,0,0.0,19.8314,0.0,19.8314
2018-01-03 22:37:00,0.0,0.0,0.0,0.0,0.0,0.0,0.0,0.0,0.0,0,0.0,19.6373,0.0,19.6373
2018-01-03 22:38:00,0.0,0.0,0.0,0.0,0.0,0.0,0.0,0.0,0.0,0,0.0,19.4432,0.0,19.4432
2018-01-03 22:39:00,0.0,0.0,0.0,0.0,0.0,0.0,0.0,0.0,0.0,0,0.0,19.2491,0.0,19.2491
2018-01-03 22:40:00,0.0,0.0,0.0,0.0,0.0,0.0,0.0,0.0,0.0,0,0.0,19.055,0.0,19.055
2018-01-03 22:41:00,0.0,0.0,0.0,0.0,0.0,0.0,0.0,0.0,0.0,0,0.0,19.122799999999998,0.0,19.122799999999998
2018-01-03 22:42:00,0.0,0.0,0.0,0.0,0.0,0.0,0.0,0.0,0.0,0,0.0,19.1906,0.0,19.1906
2018-01-03 22:43:00,0.0,0.0,0.0,0.0,0.0,0.0,0.0,0.0,0.0,0,0.0,19.2584,0.0,19.2584
2018-01-03 22:44:00,0.0,0.0,0.0,0.0,0.0,0.0,0.0,0.0,0.0,0,0.0,19.3262,0.0,19.3262
2018-01-03 22:45:00,0.0,0.0,0.0,0.0,0.0,0.0,0.0,0.0,0.0,0,0.0,19.394,0.0,19.394
2018-01-03 22:46:00,0.0,0.0,0.0,0.0,0.0,0.0,0.0,0.0,0.0,0,0.0,19.4618,0.0,19.4618
2018-01-03 22:47:00,0.0,0.0,0.0,0.0,0.0,0.0,0.0,0.0,0.0,0,0.0,19.529600000000002,0.0,19.529600000000002
2018-01-03 22:48:00,0.0,0.0,0.0,0.0,0.0,0.0,0.0,0.0,0.0,0,0.0,19.5974,0.0,19.5974
2018-01-03 22:49:00,0.0,0.0,0.0,0.0,0.0,0.0,0.0,0.0,0.0,0,0.0,19.6652,0.0,19.6652
2018-01-03 22:50:00,0.0,0.0,0.0,0.0,0.0,0.0,0.0,0.0,0.0,0,0.0,19.733,0.0,19.733
2018-01-03 22:51:00,0.0,0.0,0.0,0.0,0.0,0.0,0.0,0.0,0.0,0,0.0,19.7554,0.0,19.7554
2018-01-03 22:52:00,0.0,0.0,0.0,0.0,0.0,0.0,0.0,0.0,0.0,0,0.0,19.7778,0.0,19.7778
2018-01-03 22:53:00,0.0,0.0,0.0,0.0,0.0,0.0,0.0,0.0,0.0,0,0.0,19.8002,0.0,19.8002
2018-01-03 22:54:00,0.0,0.0,0.0,0.0,0.0,0.0,0.0,0.0,0.0,0,0.0,19.8226,0.0,19.8226
2018-01-03 22:55:00,0.0,0.0,0.0,0.0,0.0,0.0,0.0,0.0,0.0,0,0.0,19.845,0.0,19.845
2018-01-03 22:56:00,0.0,0.0,0.0,0.0,0.0,0.0,0.0,0.0,0.0,0,0.0,19.8674,0.0,19.8674
2018-01-03 22:57:00,0.0,0.0,0.0,0.0,0.0,0.0,0.0,0.0,0.0,0,0.0,19.8898,0.0,19.8898
2018-01-03 22:58:00,0.0,0.0,0.0,0.0,0.0,0.0,0.0,0.0,0.0,0,0.0,19.912200000000002,0.0,19.912200000000002
2018-01-03 22:59:00,0.0,0.0,0.0,0.0,0.0,0.0,0.0,0.0,0.0,0,0.0,19.9346,0.0,19.9346
2018-01-03 23:00:00,0.0,0.0,0.0,0.0,0.0,0.0,0.0,0.0,0.0,0,0.0,19.957,0.0,19.957
2018-01-03 23:01:00,0.0,0.0,0.0,0.0,0.0,0.0,0.0,0.0,0.0,0,0.0,19.7992,0.0,19.7992
2018-01-03 23:02:00,0.0,0.0,0.0,0.0,0.0,0.0,0.0,0.0,0.0,0,0.0,19.6414,0.0,19.6414
2018-01-03 23:03:00,0.0,0.0,0.0,0.0,0.0,0.0,0.0,0.0,0.0,0,0.0,19.483600000000003,0.0,19.483600000000003
2018-01-03 23:04:00,0.0,0.0,0.0,0.0,0.0,0.0,0.0,0.0,0.0,0,0.0,19.3258,0.0,19.3258
2018-01-03 23:05:00,0.0,0.0,0.0,0.0,0.0,0.0,0.0,0.0,0.0,0,0.0,19.168,0.0,19.168
2018-01-03 23:06:00,0.0,0.0,0.0,0.0,0.0,0.0,0.0,0.0,0.0,0,0.0,19.0102,0.0,19.0102
2018-01-03 23:07:00,0.0,0.0,0.0,0.0,0.0,0.0,0.0,0.0,0.0,0,0.0,18.852400000000003,0.0,18.852400000000003
2018-01-03 23:08:00,0.0,0.0,0.0,0.0,0.0,0.0,0.0,0.0,0.0,0,0.0,18.6946,0.0,18.6946
2018-01-03 23:09:00,0.0,0.0,0.0,0.0,0.0,0.0,0.0,0.0,0.0,0,0.0,18.5368,0.0,18.5368
2018-01-03 23:10:00,0.0,0.0,0.0,0.0,0.0,0.0,0.0,0.0,0.0,0,0.0,18.379,0.0,18.379
2018-01-03 23:11:00,0.0,0.0,0.0,0.0,0.0,0.0,0.0,0.0,0.0,0,0.0,18.509800000000002,0.0,18.509800000000002
2018-01-03 23:12:00,0.0,0.0,0.0,0.0,0.0,0.0,0.0,0.0,0.0,0,0.0,18.640600000000003,0.0,18.640600000000003
2018-01-03 23:13:00,0.0,0.0,0.0,0.0,0.0,0.0,0.0,0.0,0.0,0,0.0,18.7714,0.0,18.7714
2018-01-03 23:14:00,0.0,0.0,0.0,0.0,0.0,0.0,0.0,0.0,0.0,0,0.0,18.9022,0.0,18.9022
2018-01-03 23:15:00,0.0,0.0,0.0,0.0,0.0,0.0,0.0,0.0,0.0,0,0.0,19.033,0.0,19.033
2018-01-03 23:16:00,0.0,0.0,0.0,0.0,0.0,0.0,0.0,0.0,0.0,0,0.0,19.163800000000002,0.0,19.163800000000002
2018-01-03 23:17:00,0.0,0.0,0.0,0.0,0.0,0.0,0.0,0.0,0.0,0,0.0,19.294600000000003,0.0,19.294600000000003
2018-01-03 23:18:00,0.0,0.0,0.0,0.0,0.0,0.0,0.0,0.0,0.0,0,0.0,19.4254,0.0,19.4254
2018-01-03 23:19:00,0.0,0.0,0.0,0.0,0.0,0.0,0.0,0.0,0.0,0,0.0,19.5562,0.0,19.5562
2018-01-03 23:20:00,0.0,0.0,0.0,0.0,0.0,0.0,0.0,0.0,0.0,0,0.0,19.687,0.0,19.687
2018-01-03 23:21:00,0.0,0.0,0.0,0.0,0.0,0.0,0.0,0.0,0.0,0,0.0,19.677500000000002,0.0,19.677500000000002
2018-01-03 23:22:00,0.0,0.0,0.0,0.0,0.0,0.0,0.0,0.0,0.0,0,0.0,19.668,0.0,19.668
2018-01-03 23:23:00,0.0,0.0,0.0,0.0,0.0,0.0,0.0,0.0,0.0,0,0.0,19.6585,0.0,19.6585
2018-01-03 23:24:00,0.0,0.0,0.0,0.0,0.0,0.0,0.0,0.0,0.0,0,0.0,19.649,0.0,19.649
2018-01-03 23:25:00,0.0,0.0,0.0,0.0,0.0,0.0,0.0,0.0,0.0,0,0.0,19.639499999999998,0.0,19.639499999999998
2018-01-03 23:26:00,0.0,0.0,0.0,0.0,0.0,0.0,0.0,0.0,0.0,0,0.0,19.63,0.0,19.63
2018-01-03 23:27:00,0.0,0.0,0.0,0.0,0.0,0.0,0.0,0.0,0.0,0,0.0,19.6205,0.0,19.6205
2018-01-03 23:28:00,0.0,0.0,0.0,0.0,0.0,0.0,0.0,0.0,0.0,0,0.0,19.611,0.0,19.611
2018-01-03 23:29:00,0.0,0.0,0.0,0.0,0.0,0.0,0.0,0.0,0.0,0,0.0,19.601499999999998,0.0,19.601499999999998
2018-01-03 23:30:00,0.0,0.0,0.0,0.0,0.0,0.0,0.0,0.0,0.0,0,0.0,19.592,0.0,19.592
2018-01-03 23:31:00,0.0,0.0,0.0,0.0,0.0,0.0,0.0,0.0,0.0,0,0.0,19.671699999999998,0.0,19.671699999999998
2018-01-03 23:32:00,0.0,0.0,0.0,0.0,0.0,0.0,0.0,0.0,0.0,0,0.0,19.7514,0.0,19.7514
2018-01-03 23:33:00,0.0,0.0,0.0,0.0,0.0,0.0,0.0,0.0,0.0,0,0.0,19.8311,0.0,19.8311
2018-01-03 23:34:00,0.0,0.0,0.0,0.0,0.0,0.0,0.0,0.0,0.0,0,0.0,19.9108,0.0,19.9108
2018-01-03 23:35:00,0.0,0.0,0.0,0.0,0.0,0.0,0.0,0.0,0.0,0,0.0,19.990499999999997,0.0,19.990499999999997
2018-01-03 23:36:00,0.0,0.0,0.0,0.0,0.0,0.0,0.0,0.0,0.0,0,0.0,20.0702,0.0,20.0702
2018-01-03 23:37:00,0.0,0.0,0.0,0.0,0.0,0.0,0.0,0.0,0.0,0,0.0,20.1499,0.0,20.1499
2018-01-03 23:38:00,0.0,0.0,0.0,0.0,0.0,0.0,0.0,0.0,0.0,0,0.0,20.229599999999998,0.0,20.229599999999998
2018-01-03 23:39:00,0.0,0.0,0.0,0.0,0.0,0.0,0.0,0.0,0.0,0,0.0,20.3093,0.0,20.3093
2018-01-03 23:40:00,0.0,0.0,0.0,0.0,0.0,0.0,0.0,0.0,0.0,0,0.0,20.389,0.0,20.389
2018-01-03 23:41:00,0.0,0.0,0.0,0.0,0.0,0.0,0.0,0.0,0.0,0,0.0,20.28,0.0,20.28
2018-01-03 23:42:00,0.0,0.0,0.0,0.0,0.0,0.0,0.0,0.0,0.0,0,0.0,20.171,0.0,20.171
2018-01-03 23:43:00,0.0,0.0,0.0,0.0,0.0,0.0,0.0,0.0,0.0,0,0.0,20.061999999999998,0.0,20.061999999999998
2018-01-03 23:44:00,0.0,0.0,0.0,0.0,0.0,0.0,0.0,0.0,0.0,0,0.0,19.953,0.0,19.953
2018-01-03 23:45:00,0.0,0.0,0.0,0.0,0.0,0.0,0.0,0.0,0.0,0,0.0,19.844,0.0,19.844
2018-01-03 23:46:00,0.0,0.0,0.0,0.0,0.0,0.0,0.0,0.0,0.0,0,0.0,19.735,0.0,19.735
2018-01-03 23:47:00,0.0,0.0,0.0,0.0,0.0,0.0,0.0,0.0,0.0,0,0.0,19.625999999999998,0.0,19.625999999999998
2018-01-03 23:48:00,0.0,0.0,0.0,0.0,0.0,0.0,0.0,0.0,0.0,0,0.0,19.517,0.0,19.517
2018-01-03 23:49:00,0.0,0.0,0.0,0.0,0.0,0.0,0.0,0.0,0.0,0,0.0,19.408,0.0,19.408
2018-01-03 23:50:00,0.0,0.0,0.0,0.0,0.0,0.0,0.0,0.0,0.0,0,0.0,19.299,0.0,19.299
2018-01-03 23:51:00,0.0,0.0,0.0,0.0,0.0,0.0,0.0,0.0,0.0,0,0.0,19.3988,0.0,19.3988
2018-01-03 23:52:00,0.0,0.0,0.0,0.0,0.0,0.0,0.0,0.0,0.0,0,0.0,19.4986,0.0,19.4986
2018-01-03 23:53:00,0.0,0.0,0.0,0.0,0.0,0.0,0.0,0.0,0.0,0,0.0,19.598399999999998,0.0,19.598399999999998
2018-01-03 23:54:00,0.0,0.0,0.0,0.0,0.0,0.0,0.0,0.0,0.0,0,0.0,19.6982,0.0,19.6982
2018-01-03 23:55:00,0.0,0.0,0.0,0.0,0.0,0.0,0.0,0.0,0.0,0,0.0,19.798000000000002,0.0,19.798000000000002
2018-01-03 23:56:00,0.0,0.0,0.0,0.0,0.0,0.0,0.0,0.0,0.0,0,0.0,19.8978,0.0,19.8978
2018-01-03 23:57:00,0.0,0.0,0.0,0.0,0.0,0.0,0.0,0.0,0.0,0,0.0,19.9976,0.0,19.9976
2018-01-03 23:58:00,0.0,0.0,0.0,0.0,0.0,0.0,0.0,0.0,0.0,0,0.0,20.0974,0.0,20.0974
2018-01-03 23:59:00,0.0,0.0,0.0,0.0,0.0,0.0,0.0,0.0,0.0,0,0.0,20.197200000000002,0.0,20.197200000000002
2018-01-04 00:00:00,0.0,0.0,0.0,0.0,0.0,0.0,0.0,0.0,0.0,0,0.0,20.297,0.0,20.297
2018-01-04 00:01:00,0.0,0.0,0.0,0.0,0.0,0.0,0.0,0.0,0.0,0,0.0,20.242,0.0,20.242
2018-01-04 00:02:00,0.0,0.0,0.0,0.0,0.0,0.0,0.0,0.0,0.0,0,0.0,20.187,0.0,20.187
2018-01-04 00:03:00,0.0,0.0,0.0,0.0,0.0,0.0,0.0,0.0,0.0,0,0.0,20.132,0.0,20.132
2018-01-04 00:04:00,0.0,0.0,0.0,0.0,0.0,0.0,0.0,0.0,0.0,0,0.0,20.077,0.0,20.077
2018-01-04 00:05:00,0.0,0.0,0.0,0.0,0.0,0.0,0.0,0.0,0.0,0,0.0,20.022,0.0,20.022
2018-01-04 00:06:00,0.0,0.0,0.0,0.0,0.0,0.0,0.0,0.0,0.0,0,0.0,19.967,0.0,19.967
2018-01-04 00:07:00,0.0,0.0,0.0,0.0,0.0,0.0,0.0,0.0,0.0,0,0.0,19.912,0.0,19.912
2018-01-04 00:08:00,0.0,0.0,0.0,0.0,0.0,0.0,0.0,0.0,0.0,0,0.0,19.857,0.0,19.857
2018-01-04 00:09:00,0.0,0.0,0.0,0.0,0.0,0.0,0.0,0.0,0.0,0,0.0,19.802,0.0,19.802
2018-01-04 00:10:00,0.0,0.0,0.0,0.0,0.0,0.0,0.0,0.0,0.0,0,0.0,19.747,0.0,19.747
2018-01-04 00:11:00,0.0,0.0,0.0,0.0,0.0,0.0,0.0,0.0,0.0,0,0.0,19.759,0.0,19.759
2018-01-04 00:12:00,0.0,0.0,0.0,0.0,0.0,0.0,0.0,0.0,0.0,0,0.0,19.771,0.0,19.771
2018-01-04 00:13:00,0.0,0.0,0.0,0.0,0.0,0.0,0.0,0.0,0.0,0,0.0,19.783,0.0,19.783
2018-01-04 00:14:00,0.0,0.0,0.0,0.0,0.0,0.0,0.0,0.0,0.0,0,0.0,19.795,0.0,19.795
2018-01-04 00:15:00,0.0,0.0,0.0,0.0,0.0,0.0,0.0,0.0,0.0,0,0.0,19.807000000000002,0.0,19.807000000000002
2018-01-04 00:16:00,0.0,0.0,0.0,0.0,0.0,0.0,0.0,0.0,0.0,0,0.0,19.819,0.0,19.819
2018-01-04 00:17:00,0.0,0.0,0.0,0.0,0.0,0.0,0.0,0.0,0.0,0,0.0,19.831,0.0,19.831
2018-01-04 00:18:00,0.0,0.0,0.0,0.0,0.0,0.0,0.0,0.0,0.0,0,0.0,19.843,0.0,19.843
2018-01-04 00:19:00,0.0,0.0,0.0,0.0,0.0,0.0,0.0,0.0,0.0,0,0.0,19.855,0.0,19.855
2018-01-04 00:20:00,0.0,0.0,0.0,0.0,0.0,0.0,0.0,0.0,0.0,0,0.0,19.867,0.0,19.867
2018-01-04 00:21:00,0.0,0.0,0.0,0.0,0.0,0.0,0.0,0.0,0.0,0,0.0,19.8105,0.0,19.8105
2018-01-04 00:22:00,0.0,0.0,0.0,0.0,0.0,0.0,0.0,0.0,0.0,0,0.0,19.754,0.0,19.754
2018-01-04 00:23:00,0.0,0.0,0.0,0.0,0.0,0.0,0.0,0.0,0.0,0,0.0,19.6975,0.0,19.6975
2018-01-04 00:24:00,0.0,0.0,0.0,0.0,0.0,0.0,0.0,0.0,0.0,0,0.0,19.641000000000002,0.0,19.641000000000002
2018-01-04 00:25:00,0.0,0.0,0.0,0.0,0.0,0.0,0.0,0.0,0.0,0,0.0,19.5845,0.0,19.5845
2018-01-04 00:26:00,0.0,0.0,0.0,0.0,0.0,0.0,0.0,0.0,0.0,0,0.0,19.528,0.0,19.528
2018-01-04 00:27:00,0.0,0.0,0.0,0.0,0.0,0.0,0.0,0.0,0.0,0,0.0,19.4715,0.0,19.4715
2018-01-04 00:28:00,0.0,0.0,0.0,0.0,0.0,0.0,0.0,0.0,0.0,0,0.0,19.415,0.0,19.415
2018-01-04 00:29:00,0.0,0.0,0.0,0.0,0.0,0.0,0.0,0.0,0.0,0,0.0,19.3585,0.0,19.3585
2018-01-04 00:30:00,0.0,0.0,0.0,0.0,0.0,0.0,0.0,0.0,0.0,0,0.0,19.302,0.0,19.302
2018-01-04 00:31:00,0.0,0.0,0.0,0.0,0.0,0.0,0.0,0.0,0.0,0,0.0,19.2759,0.0,19.2759
2018-01-04 00:32:00,0.0,0.0,0.0,0.0,0.0,0.0,0.0,0.0,0.0,0,0.0,19.2498,0.0,19.2498
2018-01-04 00:33:00,0.0,0.0,0.0,0.0,0.0,0.0,0.0,0.0,0.0,0,0.0,19.2237,0.0,19.2237
2018-01-04 00:34:00,0.0,0.0,0.0,0.0,0.0,0.0,0.0,0.0,0.0,0,0.0,19.1976,0.0,19.1976
2018-01-04 00:35:00,0.0,0.0,0.0,0.0,0.0,0.0,0.0,0.0,0.0,0,0.0,19.1715,0.0,19.1715
2018-01-04 00:36:00,0.0,0.0,0.0,0.0,0.0,0.0,0.0,0.0,0.0,0,0.0,19.1454,0.0,19.1454
2018-01-04 00:37:00,0.0,0.0,0.0,0.0,0.0,0.0,0.0,0.0,0.0,0,0.0,19.1193,0.0,19.1193
2018-01-04 00:38:00,0.0,0.0,0.0,0.0,0.0,0.0,0.0,0.0,0.0,0,0.0,19.0932,0.0,19.0932
2018-01-04 00:39:00,0.0,0.0,0.0,0.0,0.0,0.0,0.0,0.0,0.0,0,0.0,19.0671,0.0,19.0671
2018-01-04 00:40:00,0.0,0.0,0.0,0.0,0.0,0.0,0.0,0.0,0.0,0,0.0,19.041,0.0,19.041
2018-01-04 00:41:00,0.0,0.0,0.0,0.0,0.0,0.0,0.0,0.0,0.0,0,0.0,18.9949,0.0,18.9949
2018-01-04 00:42:00,0.0,0.0,0.0,0.0,0.0,0.0,0.0,0.0,0.0,0,0.0,18.9488,0.0,18.9488
2018-01-04 00:43:00,0.0,0.0,0.0,0.0,0.0,0.0,0.0,0.0,0.0,0,0.0,18.9027,0.0,18.9027
2018-01-04 00:44:00,0.0,0.0,0.0,0.0,0.0,0.0,0.0,0.0,0.0,0,0.0,18.8566,0.0,18.8566
2018-01-04 00:45:00,0.0,0.0,0.0,0.0,0.0,0.0,0.0,0.0,0.0,0,0.0,18.810499999999998,0.0,18.810499999999998
2018-01-04 00:46:00,0.0,0.0,0.0,0.0,0.0,0.0,0.0,0.0,0.0,0,0.0,18.7644,0.0,18.7644
2018-01-04 00:47:00,0.0,0.0,0.0,0.0,0.0,0.0,0.0,0.0,0.0,0,0.0,18.7183,0.0,18.7183
2018-01-04 00:48:00,0.0,0.0,0.0,0.0,0.0,0.0,0.0,0.0,0.0,0,0.0,18.6722,0.0,18.6722
2018-01-04 00:49:00,0.0,0.0,0.0,0.0,0.0,0.0,0.0,0.0,0.0,0,0.0,18.626099999999997,0.0,18.626099999999997
2018-01-04 00:50:00,0.0,0.0,0.0,0.0,0.0,0.0,0.0,0.0,0.0,0,0.0,18.58,0.0,18.58
2018-01-04 00:51:00,0.0,0.0,0.0,0.0,0.0,0.0,0.0,0.0,0.0,0,0.0,18.627599999999997,0.0,18.627599999999997
2018-01-04 00:52:00,0.0,0.0,0.0,0.0,0.0,0.0,0.0,0.0,0.0,0,0.0,18.6752,0.0,18.6752
2018-01-04 00:53:00,0.0,0.0,0.0,0.0,0.0,0.0,0.0,0.0,0.0,0,0.0,18.7228,0.0,18.7228
2018-01-04 00:54:00,0.0,0.0,0.0,0.0,0.0,0.0,0.0,0.0,0.0,0,0.0,18.7704,0.0,18.7704
2018-01-04 00:55:00,0.0,0.0,0.0,0.0,0.0,0.0,0.0,0.0,0.0,0,0.0,18.817999999999998,0.0,18.817999999999998
2018-01-04 00:56:00,0.0,0.0,0.0,0.0,0.0,0.0,0.0,0.0,0.0,0,0.0,18.8656,0.0,18.8656
2018-01-04 00:57:00,0.0,0.0,0.0,0.0,0.0,0.0,0.0,0.0,0.0,0,0.0,18.9132,0.0,18.9132
2018-01-04 00:58:00,0.0,0.0,0.0,0.0,0.0,0.0,0.0,0.0,0.0,0,0.0,18.9608,0.0,18.9608
2018-01-04 00:59:00,0.0,0.0,0.0,0.0,0.0,0.0,0.0,0.0,0.0,0,0.0,19.0084,0.0,19.0084
2018-01-04 01:00:00,0.0,0.0,0.0,0.0,0.0,0.0,0.0,0.0,0.0,0,0.0,19.056,0.0,19.056
2018-01-04 01:01:00,0.0,0.0,0.0,0.0,0.0,0.0,0.0,0.0,0.0,0,0.0,18.895500000000002,0.0,18.895500000000002
2018-01-04 01:02:00,0.0,0.0,0.0,0.0,0.0,0.0,0.0,0.0,0.0,0,0.0,18.735,0.0,18.735
2018-01-04 01:03:00,0.0,0.0,0.0,0.0,0.0,0.0,0.0,0.0,0.0,0,0.0,18.5745,0.0,18.5745
2018-01-04 01:04:00,0.0,0.0,0.0,0.0,0.0,0.0,0.0,0.0,0.0,0,0.0,18.414,0.0,18.414
2018-01-04 01:05:00,0.0,0.0,0.0,0.0,0.0,0.0,0.0,0.0,0.0,0,0.0,18.253500000000003,0.0,18.253500000000003
2018-01-04 01:06:00,0.0,0.0,0.0,0.0,0.0,0.0,0.0,0.0,0.0,0,0.0,18.093,0.0,18.093
2018-01-04 01:07:00,0.0,0.0,0.0,0.0,0.0,0.0,0.0,0.0,0.0,0,0.0,17.9325,0.0,17.9325
2018-01-04 01:08:00,0.0,0.0,0.0,0.0,0.0,0.0,0.0,0.0,0.0,0,0.0,17.772000000000002,0.0,17.772000000000002
2018-01-04 01:09:00,0.0,0.0,0.0,0.0,0.0,0.0,0.0,0.0,0.0,0,0.0,17.6115,0.0,17.6115
2018-01-04 01:10:00,0.0,0.0,0.0,0.0,0.0,0.0,0.0,0.0,0.0,0,0.0,17.451,0.0,17.451
2018-01-04 01:11:00,0.0,0.0,0.0,0.0,0.0,0.0,0.0,0.0,0.0,0,0.0,17.334500000000002,0.0,17.334500000000002
2018-01-04 01:12:00,0.0,0.0,0.0,0.0,0.0,0.0,0.0,0.0,0.0,0,0.0,17.218,0.0,17.218
2018-01-04 01:13:00,0.0,0.0,0.0,0.0,0.0,0.0,0.0,0.0,0.0,0,0.0,17.1015,0.0,17.1015
2018-01-04 01:14:00,0.0,0.0,0.0,0.0,0.0,0.0,0.0,0.0,0.0,0,0.0,16.985,0.0,16.985
2018-01-04 01:15:00,0.0,0.0,0.0,0.0,0.0,0.0,0.0,0.0,0.0,0,0.0,16.8685,0.0,16.8685
2018-01-04 01:16:00,0.0,0.0,0.0,0.0,0.0,0.0,0.0,0.0,0.0,0,0.0,16.752000000000002,0.0,16.752000000000002
2018-01-04 01:17:00,0.0,0.0,0.0,0.0,0.0,0.0,0.0,0.0,0.0,0,0.0,16.6355,0.0,16.6355
2018-01-04 01:18:00,0.0,0.0,0.0,0.0,0.0,0.0,0.0,0.0,0.0,0,0.0,16.519000000000002,0.0,16.519000000000002
2018-01-04 01:19:00,0.0,0.0,0.0,0.0,0.0,0.0,0.0,0.0,0.0,0,0.0,16.4025,0.0,16.4025
2018-01-04 01:20:00,0.0,0.0,0.0,0.0,0.0,0.0,0.0,0.0,0.0,0,0.0,16.286,0.0,16.286
2018-01-04 01:21:00,0.0,0.0,0.0,0.0,0.0,0.0,0.0,0.0,0.0,0,0.0,16.4055,0.0,16.4055
2018-01-04 01:22:00,0.0,0.0,0.0,0.0,0.0,0.0,0.0,0.0,0.0,0,0.0,16.525000000000002,0.0,16.525000000000002
2018-01-04 01:23:00,0.0,0.0,0.0,0.0,0.0,0.0,0.0,0.0,0.0,0,0.0,16.6445,0.0,16.6445
2018-01-04 01:24:00,0.0,0.0,0.0,0.0,0.0,0.0,0.0,0.0,0.0,0,0.0,16.764000000000003,0.0,16.764000000000003
2018-01-04 01:25:00,0.0,0.0,0.0,0.0,0.0,0.0,0.0,0.0,0.0,0,0.0,16.8835,0.0,16.8835
2018-01-04 01:26:00,0.0,0.0,0.0,0.0,0.0,0.0,0.0,0.0,0.0,0,0.0,17.003,0.0,17.003
2018-01-04 01:27:00,0.0,0.0,0.0,0.0,0.0,0.0,0.0,0.0,0.0,0,0.0,17.122500000000002,0.0,17.122500000000002
2018-01-04 01:28:00,0.0,0.0,0.0,0.0,0.0,0.0,0.0,0.0,0.0,0,0.0,17.242,0.0,17.242
2018-01-04 01:29:00,0.0,0.0,0.0,0.0,0.0,0.0,0.0,0.0,0.0,0,0.0,17.361500000000003,0.0,17.361500000000003
2018-01-04 01:30:00,0.0,0.0,0.0,0.0,0.0,0.0,0.0,0.0,0.0,0,0.0,17.481,0.0,17.481
2018-01-04 01:31:00,0.0,0.0,0.0,0.0,0.0,0.0,0.0,0.0,0.0,0,0.0,17.402900000000002,0.0,17.402900000000002
2018-01-04 01:32:00,0.0,0.0,0.0,0.0,0.0,0.0,0.0,0.0,0.0,0,0.0,17.3248,0.0,17.3248
2018-01-04 01:33:00,0.0,0.0,0.0,0.0,0.0,0.0,0.0,0.0,0.0,0,0.0,17.2467,0.0,17.2467
2018-01-04 01:34:00,0.0,0.0,0.0,0.0,0.0,0.0,0.0,0.0,0.0,0,0.0,17.1686,0.0,17.1686
2018-01-04 01:35:00,0.0,0.0,0.0,0.0,0.0,0.0,0.0,0.0,0.0,0,0.0,17.0905,0.0,17.0905
2018-01-04 01:36:00,0.0,0.0,0.0,0.0,0.0,0.0,0.0,0.0,0.0,0,0.0,17.0124,0.0,17.0124
2018-01-04 01:37:00,0.0,0.0,0.0,0.0,0.0,0.0,0.0,0.0,0.0,0,0.0,16.9343,0.0,16.9343
2018-01-04 01:38:00,0.0,0.0,0.0,0.0,0.0,0.0,0.0,0.0,0.0,0,0.0,16.8562,0.0,16.8562
2018-01-04 01:39:00,0.0,0.0,0.0,0.0,0.0,0.0,0.0,0.0,0.0,0,0.0,16.7781,0.0,16.7781
2018-01-04 01:40:00,0.0,0.0,0.0,0.0,0.0,0.0,0.0,0.0,0.0,0,0.0,16.7,0.0,16.7
2018-01-04 01:41:00,0.0,0.0,0.0,0.0,0.0,0.0,0.0,0.0,0.0,0,0.0,16.7471,0.0,16.7471
2018-01-04 01:42:00,0.0,0.0,0.0,0.0,0.0,0.0,0.0,0.0,0.0,0,0.0,16.7942,0.0,16.7942
2018-01-04 01:43:00,0.0,0.0,0.0,0.0,0.0,0.0,0.0,0.0,0.0,0,0.0,16.8413,0.0,16.8413
2018-01-04 01:44:00,0.0,0.0,0.0,0.0,0.0,0.0,0.0,0.0,0.0,0,0.0,16.8884,0.0,16.8884
2018-01-04 01:45:00,0.0,0.0,0.0,0.0,0.0,0.0,0.0,0.0,0.0,0,0.0,16.935499999999998,0.0,16.935499999999998
2018-01-04 01:46:00,0.0,0.0,0.0,0.0,0.0,0.0,0.0,0.0,0.0,0,0.0,16.982599999999998,0.0,16.982599999999998
2018-01-04 01:47:00,0.0,0.0,0.0,0.0,0.0,0.0,0.0,0.0,0.0,0,0.0,17.0297,0.0,17.0297
2018-01-04 01:48:00,0.0,0.0,0.0,0.0,0.0,0.0,0.0,0.0,0.0,0,0.0,17.0768,0.0,17.0768
2018-01-04 01:49:00,0.0,0.0,0.0,0.0,0.0,0.0,0.0,0.0,0.0,0,0.0,17.1239,0.0,17.1239
2018-01-04 01:50:00,0.0,0.0,0.0,0.0,0.0,0.0,0.0,0.0,0.0,0,0.0,17.171,0.0,17.171
2018-01-04 01:51:00,0.0,0.0,0.0,0.0,0.0,0.0,0.0,0.0,0.0,0,0.0,17.246199999999998,0.0,17.246199999999998
2018-01-04 01:52:00,0.0,0.0,0.0,0.0,0.0,0.0,0.0,0.0,0.0,0,0.0,17.3214,0.0,17.3214
2018-01-04 01:53:00,0.0,0.0,0.0,0.0,0.0,0.0,0.0,0.0,0.0,0,0.0,17.3966,0.0,17.3966
2018-01-04 01:54:00,0.0,0.0,0.0,0.0,0.0,0.0,0.0,0.0,0.0,0,0.0,17.471799999999998,0.0,17.471799999999998
2018-01-04 01:55:00,0.0,0.0,0.0,0.0,0.0,0.0,0.0,0.0,0.0,0,0.0,17.546999999999997,0.0,17.546999999999997
2018-01-04 01:56:00,0.0,0.0,0.0,0.0,0.0,0.0,0.0,0.0,0.0,0,0.0,17.6222,0.0,17.6222
2018-01-04 01:57:00,0.0,0.0,0.0,0.0,0.0,0.0,0.0,0.0,0.0,0,0.0,17.6974,0.0,17.6974
2018-01-04 01:58:00,0.0,0.0,0.0,0.0,0.0,0.0,0.0,0.0,0.0,0,0.0,17.772599999999997,0.0,17.772599999999997
2018-01-04 01:59:00,0.0,0.0,0.0,0.0,0.0,0.0,0.0,0.0,0.0,0,0.0,17.8478,0.0,17.8478
2018-01-04 02:00:00,0.0,0.0,0.0,0.0,0.0,0.0,0.0,0.0,0.0,0,0.0,17.923,0.0,17.923
2018-01-04 02:01:00,0.0,0.0,0.0,0.0,0.0,0.0,0.0,0.0,0.0,0,0.0,17.8984,0.0,17.8984
2018-01-04 02:02:00,0.0,0.0,0.0,0.0,0.0,0.0,0.0,0.0,0.0,0,0.0,17.8738,0.0,17.8738
2018-01-04 02:03:00,0.0,0.0,0.0,0.0,0.0,0.0,0.0,0.0,0.0,0,0.0,17.8492,0.0,17.8492
2018-01-04 02:04:00,0.0,0.0,0.0,0.0,0.0,0.0,0.0,0.0,0.0,0,0.0,17.8246,0.0,17.8246
2018-01-04 02:05:00,0.0,0.0,0.0,0.0,0.0,0.0,0.0,0.0,0.0,0,0.0,17.799999999999997,0.0,17.799999999999997
2018-01-04 02:06:00,0.0,0.0,0.0,0.0,0.0,0.0,0.0,0.0,0.0,0,0.0,17.775399999999998,0.0,17.775399999999998
2018-01-04 02:07:00,0.0,0.0,0.0,0.0,0.0,0.0,0.0,0.0,0.0,0,0.0,17.750799999999998,0.0,17.750799999999998
2018-01-04 02:08:00,0.0,0.0,0.0,0.0,0.0,0.0,0.0,0.0,0.0,0,0.0,17.7262,0.0,17.7262
2018-01-04 02:09:00,0.0,0.0,0.0,0.0,0.0,0.0,0.0,0.0,0.0,0,0.0,17.7016,0.0,17.7016
2018-01-04 02:10:00,0.0,0.0,0.0,0.0,0.0,0.0,0.0,0.0,0.0,0,0.0,17.677,0.0,17.677
2018-01-04 02:11:00,0.0,0.0,0.0,0.0,0.0,0.0,0.0,0.0,0.0,0,0.0,17.6321,0.0,17.6321
2018-01-04 02:12:00,0.0,0.0,0.0,0.0,0.0,0.0,0.0,0.0,0.0,0,0.0,17.5872,0.0,17.5872
2018-01-04 02:13:00,0.0,0.0,0.0,0.0,0.0,0.0,0.0,0.0,0.0,0,0.0,17.5423,0.0,17.5423
2018-01-04 02:14:00,0.0,0.0,0.0,0.0,0.0,0.0,0.0,0.0,0.0,0,0.0,17.4974,0.0,17.4974
2018-01-04 02:15:00,0.0,0.0,0.0,0.0,0.0,0.0,0.0,0.0,0.0,0,0.0,17.4525,0.0,17.4525
2018-01-04 02:16:00,0.0,0.0,0.0,0.0,0.0,0.0,0.0,0.0,0.0,0,0.0,17.407600000000002,0.0,17.407600000000002
2018-01-04 02:17:00,0.0,0.0,0.0,0.0,0.0,0.0,0.0,0.0,0.0,0,0.0,17.3627,0.0,17.3627
2018-01-04 02:18:00,0.0,0.0,0.0,0.0,0.0,0.0,0.0,0.0,0.0,0,0.0,17.317800000000002,0.0,17.317800000000002
2018-01-04 02:19:00,0.0,0.0,0.0,0.0,0.0,0.0,0.0,0.0,0.0,0,0.0,17.2729,0.0,17.2729
2018-01-04 02:20:00,0.0,0.0,0.0,0.0,0.0,0.0,0.0,0.0,0.0,0,0.0,17.228,0.0,17.228
2018-01-04 02:21:00,0.0,0.0,0.0,0.0,0.0,0.0,0.0,0.0,0.0,0,0.0,17.3652,0.0,17.3652
2018-01-04 02:22:00,0.0,0.0,0.0,0.0,0.0,0.0,0.0,0.0,0.0,0,0.0,17.5024,0.0,17.5024
2018-01-04 02:23:00,0.0,0.0,0.0,0.0,0.0,0.0,0.0,0.0,0.0,0,0.0,17.6396,0.0,17.6396
2018-01-04 02:24:00,0.0,0.0,0.0,0.0,0.0,0.0,0.0,0.0,0.0,0,0.0,17.7768,0.0,17.7768
2018-01-04 02:25:00,0.0,0.0,0.0,0.0,0.0,0.0,0.0,0.0,0.0,0,0.0,17.914,0.0,17.914
2018-01-04 02:26:00,0.0,0.0,0.0,0.0,0.0,0.0,0.0,0.0,0.0,0,0.0,18.0512,0.0,18.0512
2018-01-04 02:27:00,0.0,0.0,0.0,0.0,0.0,0.0,0.0,0.0,0.0,0,0.0,18.1884,0.0,18.1884
2018-01-04 02:28:00,0.0,0.0,0.0,0.0,0.0,0.0,0.0,0.0,0.0,0,0.0,18.3256,0.0,18.3256
2018-01-04 02:29:00,0.0,0.0,0.0,0.0,0.0,0.0,0.0,0.0,0.0,0,0.0,18.4628,0.0,18.4628
2018-01-04 02:30:00,0.0,0.0,0.0,0.0,0.0,0.0,0.0,0.0,0.0,0,0.0,18.6,0.0,18.6
2018-01-04 02:31:00,0.0,0.0,0.0,0.0,0.0,0.0,0.0,0.0,0.0,0,0.0,18.5226,0.0,18.5226
2018-01-04 02:32:00,0.0,0.0,0.0,0.0,0.0,0.0,0.0,0.0,0.0,0,0.0,18.4452,0.0,18.4452
2018-01-04 02:33:00,0.0,0.0,0.0,0.0,0.0,0.0,0.0,0.0,0.0,0,0.0,18.367800000000003,0.0,18.367800000000003
2018-01-04 02:34:00,0.0,0.0,0.0,0.0,0.0,0.0,0.0,0.0,0.0,0,0.0,18.2904,0.0,18.2904
2018-01-04 02:35:00,0.0,0.0,0.0,0.0,0.0,0.0,0.0,0.0,0.0,0,0.0,18.213,0.0,18.213
2018-01-04 02:36:00,0.0,0.0,0.0,0.0,0.0,0.0,0.0,0.0,0.0,0,0.0,18.1356,0.0,18.1356
2018-01-04 02:37:00,0.0,0.0,0.0,0.0,0.0,0.0,0.0,0.0,0.0,0,0.0,18.0582,0.0,18.0582
2018-01-04 02:38:00,0.0,0.0,0.0,0.0,0.0,0.0,0.0,0.0,0.0,0,0.0,17.980800000000002,0.0,17.980800000000002
2018-01-04 02:39:00,0.0,0.0,0.0,0.0,0.0,0.0,0.0,0.0,0.0,0,0.0,17.9034,0.0,17.9034
2018-01-04 02:40:00,0.0,0.0,0.0,0.0,0.0,0.0,0.0,0.0,0.0,0,0.0,17.826,0.0,17.826
2018-01-04 02:41:00,0.0,0.0,0.0,0.0,0.0,0.0,0.0,0.0,0.0,0,0.0,17.903100000000002,0.0,17.903100000000002
2018-01-04 02:42:00,0.0,0.0,0.0,0.0,0.0,0.0,0.0,0.0,0.0,0,0.0,17.9802,0.0,17.9802
2018-01-04 02:43:00,0.0,0.0,0.0,0.0,0.0,0.0,0.0,0.0,0.0,0,0.0,18.0573,0.0,18.0573
2018-01-04 02:44:00,0.0,0.0,0.0,0.0,0.0,0.0,0.0,0.0,0.0,0,0.0,18.1344,0.0,18.1344
2018-01-04 02:45:00,0.0,0.0,0.0,0.0,0.0,0.0,0.0,0.0,0.0,0,0.0,18.2115,0.0,18.2115
2018-01-04 02:46:00,0.0,0.0,0.0,0.0,0.0,0.0,0.0,0.0,0.0,0,0.0,18.288600000000002,0.0,18.288600000000002
2018-01-04 02:47:00,0.0,0.0,0.0,0.0,0.0,0.0,0.0,0.0,0.0,0,0.0,18.3657,0.0,18.3657
2018-01-04 02:48:00,0.0,0.0,0.0,0.0,0.0,0.0,0.0,0.0,0.0,0,0.0,18.442800000000002,0.0,18.442800000000002
2018-01-04 02:49:00,0.0,0.0,0.0,0.0,0.0,0.0,0.0,0.0,0.0,0,0.0,18.5199,0.0,18.5199
2018-01-04 02:50:00,0.0,0.0,0.0,0.0,0.0,0.0,0.0,0.0,0.0,0,0.0,18.597,0.0,18.597
2018-01-04 02:51:00,0.0,0.0,0.0,0.0,0.0,0.0,0.0,0.0,0.0,0,0.0,18.636100000000003,0.0,18.636100000000003
2018-01-04 02:52:00,0.0,0.0,0.0,0.0,0.0,0.0,0.0,0.0,0.0,0,0.0,18.6752,0.0,18.6752
2018-01-04 02:53:00,0.0,0.0,0.0,0.0,0.0,0.0,0.0,0.0,0.0,0,0.0,18.7143,0.0,18.7143
2018-01-04 02:54:00,0.0,0.0,0.0,0.0,0.0,0.0,0.0,0.0,0.0,0,0.0,18.7534,0.0,18.7534
2018-01-04 02:55:00,0.0,0.0,0.0,0.0,0.0,0.0,0.0,0.0,0.0,0,0.0,18.7925,0.0,18.7925
2018-01-04 02:56:00,0.0,0.0,0.0,0.0,0.0,0.0,0.0,0.0,0.0,0,0.0,18.8316,0.0,18.8316
2018-01-04 02:57:00,0.0,0.0,0.0,0.0,0.0,0.0,0.0,0.0,0.0,0,0.0,18.8707,0.0,18.8707
2018-01-04 02:58:00,0.0,0.0,0.0,0.0,0.0,0.0,0.0,0.0,0.0,0,0.0,18.9098,0.0,18.9098
2018-01-04 02:59:00,0.0,0.0,0.0,0.0,0.0,0.0,0.0,0.0,0.0,0,0.0,18.9489,0.0,18.9489
2018-01-04 03:00:00,0.0,0.0,0.0,0.0,0.0,0.0,0.0,0.0,0.0,0,0.0,18.988,0.0,18.988
2018-01-04 03:01:00,0.0,0.0,0.0,0.0,0.0,0.0,0.0,0.0,0.0,0,0.0,18.8996,0.0,18.8996
2018-01-04 03:02:00,0.0,0.0,0.0,0.0,0.0,0.0,0.0,0.0,0.0,0,0.0,18.8112,0.0,18.8112
2018-01-04 03:03:00,0.0,0.0,0.0,0.0,0.0,0.0,0.0,0.0,0.0,0,0.0,18.7228,0.0,18.7228
2018-01-04 03:04:00,0.0,0.0,0.0,0.0,0.0,0.0,0.0,0.0,0.0,0,0.0,18.6344,0.0,18.6344
2018-01-04 03:05:00,0.0,0.0,0.0,0.0,0.0,0.0,0.0,0.0,0.0,0,0.0,18.546,0.0,18.546
2018-01-04 03:06:00,0.0,0.0,0.0,0.0,0.0,0.0,0.0,0.0,0.0,0,0.0,18.4576,0.0,18.4576
2018-01-04 03:07:00,0.0,0.0,0.0,0.0,0.0,0.0,0.0,0.0,0.0,0,0.0,18.3692,0.0,18.3692
2018-01-04 03:08:00,0.0,0.0,0.0,0.0,0.0,0.0,0.0,0.0,0.0,0,0.0,18.2808,0.0,18.2808
2018-01-04 03:09:00,0.0,0.0,0.0,0.0,0.0,0.0,0.0,0.0,0.0,0,0.0,18.1924,0.0,18.1924
2018-01-04 03:10:00,0.0,0.0,0.0,0.0,0.0,0.0,0.0,0.0,0.0,0,0.0,18.104,0.0,18.104
2018-01-04 03:11:00,0.0,0.0,0.0,0.0,0.0,0.0,0.0,0.0,0.0,0,0.0,18.0884,0.0,18.0884
2018-01-04 03:12:00,0.0,0.0,0.0,0.0,0.0,0.0,0.0,0.0,0.0,0,0.0,18.0728,0.0,18.0728
2018-01-04 03:13:00,0.0,0.0,0.0,0.0,0.0,0.0,0.0,0.0,0.0,0,0.0,18.057199999999998,0.0,18.057199999999998
2018-01-04 03:14:00,0.0,0.0,0.0,0.0,0.0,0.0,0.0,0.0,0.0,0,0.0,18.0416,0.0,18.0416
2018-01-04 03:15:00,0.0,0.0,0.0,0.0,0.0,0.0,0.0,0.0,0.0,0,0.0,18.026,0.0,18.026
2018-01-04 03:16:00,0.0,0.0,0.0,0.0,0.0,0.0,0.0,0.0,0.0,0,0.0,18.0104,0.0,18.0104
2018-01-04 03:17:00,0.0,0.0,0.0,0.0,0.0,0.0,0.0,0.0,0.0,0,0.0,17.9948,0.0,17.9948
2018-01-04 03:18:00,0.0,0.0,0.0,0.0,0.0,0.0,0.0,0.0,0.0,0,0.0,17.9792,0.0,17.9792
2018-01-04 03:19:00,0.0,0.0,0.0,0.0,0.0,0.0,0.0,0.0,0.0,0,0.0,17.9636,0.0,17.9636
2018-01-04 03:20:00,0.0,0.0,0.0,0.0,0.0,0.0,0.0,0.0,0.0,0,0.0,17.948,0.0,17.948
2018-01-04 03:21:00,0.0,0.0,0.0,0.0,0.0,0.0,0.0,0.0,0.0,0,0.0,17.8735,0.0,17.8735
2018-01-04 03:22:00,0.0,0.0,0.0,0.0,0.0,0.0,0.0,0.0,0.0,0,0.0,17.799,0.0,17.799
2018-01-04 03:23:00,0.0,0.0,0.0,0.0,0.0,0.0,0.0,0.0,0.0,0,0.0,17.7245,0.0,17.7245
2018-01-04 03:24:00,0.0,0.0,0.0,0.0,0.0,0.0,0.0,0.0,0.0,0,0.0,17.65,0.0,17.65
2018-01-04 03:25:00,0.0,0.0,0.0,0.0,0.0,0.0,0.0,0.0,0.0,0,0.0,17.575499999999998,0.0,17.575499999999998
2018-01-04 03:26:00,0.0,0.0,0.0,0.0,0.0,0.0,0.0,0.0,0.0,0,0.0,17.501,0.0,17.501
2018-01-04 03:27:00,0.0,0.0,0.0,0.0,0.0,0.0,0.0,0.0,0.0,0,0.0,17.4265,0.0,17.4265
2018-01-04 03:28:00,0.0,0.0,0.0,0.0,0.0,0.0,0.0,0.0,0.0,0,0.0,17.352,0.0,17.352
2018-01-04 03:29:00,0.0,0.0,0.0,0.0,0.0,0.0,0.0,0.0,0.0,0,0.0,17.2775,0.0,17.2775
2018-01-04 03:30:00,0.0,0.0,0.0,0.0,0.0,0.0,0.0,0.0,0.0,0,0.0,17.203,0.0,17.203
2018-01-04 03:31:00,0.0,0.0,0.0,0.0,0.0,0.0,0.0,0.0,0.0,0,0.0,17.171799999999998,0.0,17.171799999999998
2018-01-04 03:32:00,0.0,0.0,0.0,0.0,0.0,0.0,0.0,0.0,0.0,0,0.0,17.1406,0.0,17.1406
2018-01-04 03:33:00,0.0,0.0,0.0,0.0,0.0,0.0,0.0,0.0,0.0,0,0.0,17.1094,0.0,17.1094
2018-01-04 03:34:00,0.0,0.0,0.0,0.0,0.0,0.0,0.0,0.0,0.0,0,0.0,17.0782,0.0,17.0782
2018-01-04 03:35:00,0.0,0.0,0.0,0.0,0.0,0.0,0.0,0.0,0.0,0,0.0,17.046999999999997,0.0,17.046999999999997
2018-01-04 03:36:00,0.0,0.0,0.0,0.0,0.0,0.0,0.0,0.0,0.0,0,0.0,17.0158,0.0,17.0158
2018-01-04 03:37:00,0.0,0.0,0.0,0.0,0.0,0.0,0.0,0.0,0.0,0,0.0,16.9846,0.0,16.9846
2018-01-04 03:38:00,0.0,0.0,0.0,0.0,0.0,0.0,0.0,0.0,0.0,0,0.0,16.9534,0.0,16.9534
2018-01-04 03:39:00,0.0,0.0,0.0,0.0,0.0,0.0,0.0,0.0,0.0,0,0.0,16.922199999999997,0.0,16.922199999999997
2018-01-04 03:40:00,0.0,0.0,0.0,0.0,0.0,0.0,0.0,0.0,0.0,0,0.0,16.891,0.0,16.891
2018-01-04 03:41:00,0.0,0.0,0.0,0.0,0.0,0.0,0.0,0.0,0.0,0,0.0,16.7399,0.0,16.7399
2018-01-04 03:42:00,0.0,0.0,0.0,0.0,0.0,0.0,0.0,0.0,0.0,0,0.0,16.5888,0.0,16.5888
2018-01-04 03:43:00,0.0,0.0,0.0,0.0,0.0,0.0,0.0,0.0,0.0,0,0.0,16.4377,0.0,16.4377
2018-01-04 03:44:00,0.0,0.0,0.0,0.0,0.0,0.0,0.0,0.0,0.0,0,0.0,16.2866,0.0,16.2866
2018-01-04 03:45:00,0.0,0.0,0.0,0.0,0.0,0.0,0.0,0.0,0.0,0,0.0,16.1355,0.0,16.1355
2018-01-04 03:46:00,0.0,0.0,0.0,0.0,0.0,0.0,0.0,0.0,0.0,0,0.0,15.984399999999999,0.0,15.984399999999999
2018-01-04 03:47:00,0.0,0.0,0.0,0.0,0.0,0.0,0.0,0.0,0.0,0,0.0,15.8333,0.0,15.8333
2018-01-04 03:48:00,0.0,0.0,0.0,0.0,0.0,0.0,0.0,0.0,0.0,0,0.0,15.6822,0.0,15.6822
2018-01-04 03:49:00,0.0,0.0,0.0,0.0,0.0,0.0,0.0,0.0,0.0,0,0.0,15.5311,0.0,15.5311
2018-01-04 03:50:00,0.0,0.0,0.0,0.0,0.0,0.0,0.0,0.0,0.0,0,0.0,15.38,0.0,15.38
2018-01-04 03:51:00,0.0,0.0,0.0,0.0,0.0,0.0,0.0,0.0,0.0,0,0.0,15.615,0.0,15.615
2018-01-04 03:52:00,0.0,0.0,0.0,0.0,0.0,0.0,0.0,0.0,0.0,0,0.0,15.850000000000001,0.0,15.850000000000001
2018-01-04 03:53:00,0.0,0.0,0.0,0.0,0.0,0.0,0.0,0.0,0.0,0,0.0,16.085,0.0,16.085
2018-01-04 03:54:00,0.0,0.0,0.0,0.0,0.0,0.0,0.0,0.0,0.0,0,0.0,16.32,0.0,16.32
2018-01-04 03:55:00,0.0,0.0,0.0,0.0,0.0,0.0,0.0,0.0,0.0,0,0.0,16.555,0.0,16.555
2018-01-04 03:56:00,0.0,0.0,0.0,0.0,0.0,0.0,0.0,0.0,0.0,0,0.0,16.79,0.0,16.79
2018-01-04 03:57:00,0.0,0.0,0.0,0.0,0.0,0.0,0.0,0.0,0.0,0,0.0,17.025000000000002,0.0,17.025000000000002
2018-01-04 03:58:00,0.0,0.0,0.0,0.0,0.0,0.0,0.0,0.0,0.0,0,0.0,17.26,0.0,17.26
2018-01-04 03:59:00,0.0,0.0,0.0,0.0,0.0,0.0,0.0,0.0,0.0,0,0.0,17.495,0.0,17.495
2018-01-04 04:00:00,0.0,0.0,0.0,0.0,0.0,0.0,0.0,0.0,0.0,0,0.0,17.73,0.0,17.73
2018-01-04 04:01:00,0.0,0.0,0.0,0.0,0.0,0.0,0.0,0.0,0.0,0,0.0,17.6723,0.0,17.6723
2018-01-04 04:02:00,0.0,0.0,0.0,0.0,0.0,0.0,0.0,0.0,0.0,0,0.0,17.6146,0.0,17.6146
2018-01-04 04:03:00,0.0,0.0,0.0,0.0,0.0,0.0,0.0,0.0,0.0,0,0.0,17.5569,0.0,17.5569
2018-01-04 04:04:00,0.0,0.0,0.0,0.0,0.0,0.0,0.0,0.0,0.0,0,0.0,17.4992,0.0,17.4992
2018-01-04 04:05:00,0.0,0.0,0.0,0.0,0.0,0.0,0.0,0.0,0.0,0,0.0,17.441499999999998,0.0,17.441499999999998
2018-01-04 04:06:00,0.0,0.0,0.0,0.0,0.0,0.0,0.0,0.0,0.0,0,0.0,17.3838,0.0,17.3838
2018-01-04 04:07:00,0.0,0.0,0.0,0.0,0.0,0.0,0.0,0.0,0.0,0,0.0,17.3261,0.0,17.3261
2018-01-04 04:08:00,0.0,0.0,0.0,0.0,0.0,0.0,0.0,0.0,0.0,0,0.0,17.2684,0.0,17.2684
2018-01-04 04:09:00,0.0,0.0,0.0,0.0,0.0,0.0,0.0,0.0,0.0,0,0.0,17.2107,0.0,17.2107
2018-01-04 04:10:00,0.0,0.0,0.0,0.0,0.0,0.0,0.0,0.0,0.0,0,0.0,17.153,0.0,17.153
2018-01-04 04:11:00,0.0,0.0,0.0,0.0,0.0,0.0,0.0,0.0,0.0,0,0.0,16.9321,0.0,16.9321
2018-01-04 04:12:00,0.0,0.0,0.0,0.0,0.0,0.0,0.0,0.0,0.0,0,0.0,16.711199999999998,0.0,16.711199999999998
2018-01-04 04:13:00,0.0,0.0,0.0,0.0,0.0,0.0,0.0,0.0,0.0,0,0.0,16.490299999999998,0.0,16.490299999999998
2018-01-04 04:14:00,0.0,0.0,0.0,0.0,0.0,0.0,0.0,0.0,0.0,0,0.0,16.2694,0.0,16.2694
2018-01-04 04:15:00,0.0,0.0,0.0,0.0,0.0,0.0,0.0,0.0,0.0,0,0.0,16.0485,0.0,16.0485
2018-01-04 04:16:00,0.0,0.0,0.0,0.0,0.0,0.0,0.0,0.0,0.0,0,0.0,15.8276,0.0,15.8276
2018-01-04 04:17:00,0.0,0.0,0.0,0.0,0.0,0.0,0.0,0.0,0.0,0,0.0,15.6067,0.0,15.6067
2018-01-04 04:18:00,0.0,0.0,0.0,0.0,0.0,0.0,0.0,0.0,0.0,0,0.0,15.3858,0.0,15.3858
2018-01-04 04:19:00,0.0,0.0,0.0,0.0,0.0,0.0,0.0,0.0,0.0,0,0.0,15.164900000000001,0.0,15.164900000000001
2018-01-04 04:20:00,0.0,0.0,0.0,0.0,0.0,0.0,0.0,0.0,0.0,0,0.0,14.944,0.0,14.944
2018-01-04 04:21:00,0.0,0.0,0.0,0.0,0.0,0.0,0.0,0.0,0.0,0,0.0,15.688600000000001,0.0,15.688600000000001
2018-01-04 04:22:00,0.0,0.0,0.0,0.0,0.0,0.0,0.0,0.0,0.0,0,0.0,16.4332,0.0,16.4332
2018-01-04 04:23:00,0.0,0.0,0.0,0.0,0.0,0.0,0.0,0.0,0.0,0,0.0,17.1778,0.0,17.1778
2018-01-04 04:24:00,0.0,0.0,0.0,0.0,0.0,0.0,0.0,0.0,0.0,0,0.0,17.9224,0.0,17.9224
2018-01-04 04:25:00,0.0,0.0,0.0,0.0,0.0,0.0,0.0,0.0,0.0,0,0.0,18.667,0.0,18.667
2018-01-04 04:26:00,0.0,0.0,0.0,0.0,0.0,0.0,0.0,0.0,0.0,0,0.0,19.4116,0.0,19.4116
2018-01-04 04:27:00,0.0,0.0,0.0,0.0,0.0,0.0,0.0,0.0,0.0,0,0.0,20.1562,0.0,20.1562
2018-01-04 04:28:00,0.0,0.0,0.0,0.0,0.0,0.0,0.0,0.0,0.0,0,0.0,20.9008,0.0,20.9008
2018-01-04 04:29:00,0.0,0.0,0.0,0.0,0.0,0.0,0.0,0.0,0.0,0,0.0,21.645400000000002,0.0,21.645400000000002
2018-01-04 04:30:00,0.0,0.0,0.0,0.0,0.0,0.0,0.0,0.0,0.0,0,0.0,22.39,0.0,22.39
2018-01-04 04:31:00,0.0,0.0,0.0,0.0,0.0,0.0,0.0,0.0,0.0,0,0.0,22.9969,0.0,22.9969
2018-01-04 04:32:00,0.0,0.0,0.0,0.0,0.0,0.0,0.0,0.0,0.0,0,0.0,23.6038,0.0,23.6038
2018-01-04 04:33:00,0.0,0.0,0.0,0.0,0.0,0.0,0.0,0.0,0.0,0,0.0,24.2107,0.0,24.2107
2018-01-04 04:34:00,0.0,0.0,0.0,0.0,0.0,0.0,0.0,0.0,0.0,0,0.0,24.8176,0.0,24.8176
2018-01-04 04:35:00,0.0,0.0,0.0,0.0,0.0,0.0,0.0,0.0,0.0,0,0.0,25.424500000000002,0.0,25.424500000000002
2018-01-04 04:36:00,0.0,0.0,0.0,0.0,0.0,0.0,0.0,0.0,0.0,0,0.0,26.031399999999998,0.0,26.031399999999998
2018-01-04 04:37:00,0.0,0.0,0.0,0.0,0.0,0.0,0.0,0.0,0.0,0,0.0,26.6383,0.0,26.6383
2018-01-04 04:38:00,0.0,0.0,0.0,0.0,0.0,0.0,0.0,0.0,0.0,0,0.0,27.2452,0.0,27.2452
2018-01-04 04:39:00,0.0,0.0,0.0,0.0,0.0,0.0,0.0,0.0,0.0,0,0.0,27.8521,0.0,27.8521
2018-01-04 04:40:00,0.0,0.0,0.0,0.0,0.0,0.0,0.0,0.0,0.0,0,0.0,28.459,0.0,28.459
2018-01-04 04:41:00,0.0,0.0,0.0,0.0,0.0,0.0,0.0,0.0,0.0,0,0.0,28.4678,0.0,28.4678
2018-01-04 04:42:00,0.0,0.0,0.0,0.0,0.0,0.0,0.0,0.0,0.0,0,0.0,28.4766,0.0,28.4766
2018-01-04 04:43:00,0.0,0.0,0.0,0.0,0.0,0.0,0.0,0.0,0.0,0,0.0,28.4854,0.0,28.4854
2018-01-04 04:44:00,0.0,0.0,0.0,0.0,0.0,0.0,0.0,0.0,0.0,0,0.0,28.4942,0.0,28.4942
2018-01-04 04:45:00,0.0,0.0,0.0,0.0,0.0,0.0,0.0,0.0,0.0,0,0.0,28.503,0.0,28.503
2018-01-04 04:46:00,0.0,0.0,0.0,0.0,0.0,0.0,0.0,0.0,0.0,0,0.0,28.5118,0.0,28.5118
2018-01-04 04:47:00,0.0,0.0,0.0,0.0,0.0,0.0,0.0,0.0,0.0,0,0.0,28.5206,0.0,28.5206
2018-01-04 04:48:00,0.0,0.0,0.0,0.0,0.0,0.0,0.0,0.0,0.0,0,0.0,28.5294,0.0,28.5294
2018-01-04 04:49:00,0.0,0.0,0.0,0.0,0.0,0.0,0.0,0.0,0.0,0,0.0,28.5382,0.0,28.5382
2018-01-04 04:50:00,0.0,0.0,0.0,0.0,0.0,0.0,0.0,0.0,0.0,0,0.0,28.547,0.0,28.547
2018-01-04 04:51:00,0.0,0.0,0.0,0.0,0.0,0.0,0.0,0.0,0.0,0,0.0,28.5288,0.0,28.5288
2018-01-04 04:52:00,0.0,0.0,0.0,0.0,0.0,0.0,0.0,0.0,0.0,0,0.0,28.5106,0.0,28.5106
2018-01-04 04:53:00,0.0,0.0,0.0,0.0,0.0,0.0,0.0,0.0,0.0,0,0.0,28.4924,0.0,28.4924
2018-01-04 04:54:00,0.0,0.0,0.0,0.0,0.0,0.0,0.0,0.0,0.0,0,0.0,28.4742,0.0,28.4742
2018-01-04 04:55:00,0.0,0.0,0.0,0.0,0.0,0.0,0.0,0.0,0.0,0,0.0,28.456,0.0,28.456
2018-01-04 04:56:00,0.0,0.0,0.0,0.0,0.0,0.0,0.0,0.0,0.0,0,0.0,28.4378,0.0,28.4378
2018-01-04 04:57:00,0.0,0.0,0.0,0.0,0.0,0.0,0.0,0.0,0.0,0,0.0,28.4196,0.0,28.4196
2018-01-04 04:58:00,0.0,0.0,0.0,0.0,0.0,0.0,0.0,0.0,0.0,0,0.0,28.4014,0.0,28.4014
2018-01-04 04:59:00,0.0,0.0,0.0,0.0,0.0,0.0,0.0,0.0,0.0,0,0.0,28.3832,0.0,28.3832
2018-01-04 05:00:00,0.0,0.0,0.0,0.0,0.0,0.0,0.0,0.0,0.0,0,0.0,28.365,0.0,28.365
2018-01-04 05:01:00,0.0,0.0,0.0,0.0,0.0,0.0,0.0,0.0,0.0,0,0.0,28.4605,0.0,28.4605
2018-01-04 05:02:00,0.0,0.0,0.0,0.0,0.0,0.0,0.0,0.0,0.0,0,0.0,28.555999999999997,0.0,28.555999999999997
2018-01-04 05:03:00,0.0,0.0,0.0,0.0,0.0,0.0,0.0,0.0,0.0,0,0.0,28.6515,0.0,28.6515
2018-01-04 05:04:00,0.0,0.0,0.0,0.0,0.0,0.0,0.0,0.0,0.0,0,0.0,28.747,0.0,28.747
2018-01-04 05:05:00,0.0,0.0,0.0,0.0,0.0,0.0,0.0,0.0,0.0,0,0.0,28.8425,0.0,28.8425
2018-01-04 05:06:00,0.0,0.0,0.0,0.0,0.0,0.0,0.0,0.0,0.0,0,0.0,28.938,0.0,28.938
2018-01-04 05:07:00,0.0,0.0,0.0,0.0,0.0,0.0,0.0,0.0,0.0,0,0.0,29.0335,0.0,29.0335
2018-01-04 05:08:00,0.0,0.0,0.0,0.0,0.0,0.0,0.0,0.0,0.0,0,0.0,29.129,0.0,29.129
2018-01-04 05:09:00,0.0,0.0,0.0,0.0,0.0,0.0,0.0,0.0,0.0,0,0.0,29.2245,0.0,29.2245
2018-01-04 05:10:00,0.0,0.0,0.0,0.0,0.0,0.0,0.0,0.0,0.0,0,0.0,29.32,0.0,29.32
2018-01-04 05:11:00,0.0,0.0,0.0,0.0,0.0,0.0,0.0,0.0,0.0,0,0.0,29.4279,0.0,29.4279
2018-01-04 05:12:00,0.0,0.0,0.0,0.0,0.0,0.0,0.0,0.0,0.0,0,0.0,29.535800000000002,0.0,29.535800000000002
2018-01-04 05:13:00,0.0,0.0,0.0,0.0,0.0,0.0,0.0,0.0,0.0,0,0.0,29.6437,0.0,29.6437
2018-01-04 05:14:00,0.0,0.0,0.0,0.0,0.0,0.0,0.0,0.0,0.0,0,0.0,29.7516,0.0,29.7516
2018-01-04 05:15:00,0.0,0.0,0.0,0.0,0.0,0.0,0.0,0.0,0.0,0,0.0,29.8595,0.0,29.8595
2018-01-04 05:16:00,0.0,0.0,0.0,0.0,0.0,0.0,0.0,0.0,0.0,0,0.0,29.9674,0.0,29.9674
2018-01-04 05:17:00,0.0,0.0,0.0,0.0,0.0,0.0,0.0,0.0,0.0,0,0.0,30.075300000000002,0.0,30.075300000000002
2018-01-04 05:18:00,0.0,0.0,0.0,0.0,0.0,0.0,0.0,0.0,0.0,0,0.0,30.1832,0.0,30.1832
2018-01-04 05:19:00,0.0,0.0,0.0,0.0,0.0,0.0,0.0,0.0,0.0,0,0.0,30.2911,0.0,30.2911
2018-01-04 05:20:00,0.0,0.0,0.0,0.0,0.0,0.0,0.0,0.0,0.0,0,0.0,30.399,0.0,30.399
2018-01-04 05:21:00,0.0,0.0,0.0,0.0,0.0,0.0,0.0,0.0,0.0,0,0.0,30.826700000000002,0.0,30.826700000000002
2018-01-04 05:22:00,0.0,0.0,0.0,0.0,0.0,0.0,0.0,0.0,0.0,0,0.0,31.2544,0.0,31.2544
2018-01-04 05:23:00,0.0,0.0,0.0,0.0,0.0,0.0,0.0,0.0,0.0,0,0.0,31.682100000000002,0.0,31.682100000000002
2018-01-04 05:24:00,0.0,0.0,0.0,0.0,0.0,0.0,0.0,0.0,0.0,0,0.0,32.1098,0.0,32.1098
2018-01-04 05:25:00,0.0,0.0,0.0,0.0,0.0,0.0,0.0,0.0,0.0,0,0.0,32.5375,0.0,32.5375
2018-01-04 05:26:00,0.0,0.0,0.0,0.0,0.0,0.0,0.0,0.0,0.0,0,0.0,32.9652,0.0,32.9652
2018-01-04 05:27:00,0.0,0.0,0.0,0.0,0.0,0.0,0.0,0.0,0.0,0,0.0,33.392900000000004,0.0,33.392900000000004
2018-01-04 05:28:00,0.0,0.0,0.0,0.0,0.0,0.0,0.0,0.0,0.0,0,0.0,33.8206,0.0,33.8206
2018-01-04 05:29:00,0.0,0.0,0.0,0.0,0.0,0.0,0.0,0.0,0.0,0,0.0,34.2483,0.0,34.2483
2018-01-04 05:30:00,0.0,0.0,0.0,0.0,0.0,0.0,0.0,0.0,0.0,0,0.0,34.676,0.0,34.676
2018-01-04 05:31:00,0.0,0.0,0.0,0.0,0.0,0.0,0.0,0.0,0.0,0,0.0,34.480000000000004,0.0,34.480000000000004
2018-01-04 05:32:00,0.0,0.0,0.0,0.0,0.0,0.0,0.0,0.0,0.0,0,0.0,34.284,0.0,34.284
2018-01-04 05:33:00,0.0,0.0,0.0,0.0,0.0,0.0,0.0,0.0,0.0,0,0.0,34.088,0.0,34.088
2018-01-04 05:34:00,0.0,0.0,0.0,0.0,0.0,0.0,0.0,0.0,0.0,0,0.0,33.892,0.0,33.892
2018-01-04 05:35:00,0.0,0.0,0.0,0.0,0.0,0.0,0.0,0.0,0.0,0,0.0,33.696,0.0,33.696
2018-01-04 05:36:00,0.0,0.0,0.0,0.0,0.0,0.0,0.0,0.0,0.0,0,0.0,33.5,0.0,33.5
2018-01-04 05:37:00,0.0,0.0,0.0,0.0,0.0,0.0,0.0,0.0,0.0,0,0.0,33.304,0.0,33.304
2018-01-04 05:38:00,0.0,0.0,0.0,0.0,0.0,0.0,0.0,0.0,0.0,0,0.0,33.108000000000004,0.0,33.108000000000004
2018-01-04 05:39:00,0.0,0.0,0.0,0.0,0.0,0.0,0.0,0.0,0.0,0,0.0,32.912,0.0,32.912
2018-01-04 05:40:00,0.0,0.0,0.0,0.0,0.0,0.0,0.0,0.0,0.0,0,0.0,32.716,0.0,32.716
2018-01-04 05:41:00,0.0,0.0,0.0,0.0,0.0,0.0,0.0,0.0,0.0,0,0.0,32.2809,0.0,32.2809
2018-01-04 05:42:00,0.0,0.0,0.0,0.0,0.0,0.0,0.0,0.0,0.0,0,0.0,31.8458,0.0,31.8458
2018-01-04 05:43:00,0.0,0.0,0.0,0.0,0.0,0.0,0.0,0.0,0.0,0,0.0,31.4107,0.0,31.4107
2018-01-04 05:44:00,0.0,0.0,0.0,0.0,0.0,0.0,0.0,0.0,0.0,0,0.0,30.9756,0.0,30.9756
2018-01-04 05:45:00,0.0,0.0,0.0,0.0,0.0,0.0,0.0,0.0,0.0,0,0.0,30.5405,0.0,30.5405
2018-01-04 05:46:00,0.0,0.0,0.0,0.0,0.0,0.0,0.0,0.0,0.0,0,0.0,30.1054,0.0,30.1054
2018-01-04 05:47:00,0.0,0.0,0.0,0.0,0.0,0.0,0.0,0.0,0.0,0,0.0,29.670299999999997,0.0,29.670299999999997
2018-01-04 05:48:00,0.0,0.0,0.0,0.0,0.0,0.0,0.0,0.0,0.0,0,0.0,29.2352,0.0,29.2352
2018-01-04 05:49:00,0.0,0.0,0.0,0.0,0.0,0.0,0.0,0.0,0.0,0,0.0,28.8001,0.0,28.8001
2018-01-04 05:50:00,0.0,0.0,0.0,0.0,0.0,0.0,0.0,0.0,0.0,0,0.0,28.365,0.0,28.365
2018-01-04 05:51:00,0.0,0.0,0.0,0.0,0.0,0.0,0.0,0.0,0.0,0,0.0,28.450499999999998,0.0,28.450499999999998
2018-01-04 05:52:00,0.0,0.0,0.0,0.0,0.0,0.0,0.0,0.0,0.0,0,0.0,28.535999999999998,0.0,28.535999999999998
2018-01-04 05:53:00,0.0,0.0,0.0,0.0,0.0,0.0,0.0,0.0,0.0,0,0.0,28.621499999999997,0.0,28.621499999999997
2018-01-04 05:54:00,0.0,0.0,0.0,0.0,0.0,0.0,0.0,0.0,0.0,0,0.0,28.706999999999997,0.0,28.706999999999997
2018-01-04 05:55:00,0.0,0.0,0.0,0.0,0.0,0.0,0.0,0.0,0.0,0,0.0,28.792499999999997,0.0,28.792499999999997
2018-01-04 05:56:00,0.0,0.0,0.0,0.0,0.0,0.0,0.0,0.0,0.0,0,0.0,28.878,0.0,28.878
2018-01-04 05:57:00,0.0,0.0,0.0,0.0,0.0,0.0,0.0,0.0,0.0,0,0.0,28.9635,0.0,28.9635
2018-01-04 05:58:00,0.0,0.0,0.0,0.0,0.0,0.0,0.0,0.0,0.0,0,0.0,29.049,0.0,29.049
2018-01-04 05:59:00,0.0,0.0,0.0,0.0,0.0,0.0,0.0,0.0,0.0,0,0.0,29.1345,0.0,29.1345
2018-01-04 06:00:00,0.0,0.0,0.0,0.0,0.0,0.0,0.0,0.0,0.0,0,0.0,29.22,0.0,29.22
2018-01-04 06:01:00,0.0,0.0,0.0,0.0,0.0,0.0,0.0,0.0,0.0,0,0.0,29.235599999999998,0.0,29.235599999999998
2018-01-04 06:02:00,0.0,0.0,0.0,0.0,0.0,0.0,0.0,0.0,0.0,0,0.0,29.2512,0.0,29.2512
2018-01-04 06:03:00,0.0,0.0,0.0,0.0,0.0,0.0,0.0,0.0,0.0,0,0.0,29.2668,0.0,29.2668
2018-01-04 06:04:00,0.0,0.0,0.0,0.0,0.0,0.0,0.0,0.0,0.0,0,0.0,29.2824,0.0,29.2824
2018-01-04 06:05:00,0.0,0.0,0.0,0.0,0.0,0.0,0.0,0.0,0.0,0,0.0,29.298000000000002,0.0,29.298000000000002
2018-01-04 06:06:00,0.0,0.0,0.0,0.0,0.0,0.0,0.0,0.0,0.0,0,0.0,29.3136,0.0,29.3136
2018-01-04 06:07:00,0.0,0.0,0.0,0.0,0.0,0.0,0.0,0.0,0.0,0,0.0,29.3292,0.0,29.3292
2018-01-04 06:08:00,0.0,0.0,0.0,0.0,0.0,0.0,0.0,0.0,0.0,0,0.0,29.3448,0.0,29.3448
2018-01-04 06:09:00,0.0,0.0,0.0,0.0,0.0,0.0,0.0,0.0,0.0,0,0.0,29.360400000000002,0.0,29.360400000000002
2018-01-04 06:10:00,0.0,0.0,0.0,0.0,0.0,0.0,0.0,0.0,0.0,0,0.0,29.376,0.0,29.376
2018-01-04 06:11:00,0.0,0.0,0.0,0.0,0.0,0.0,0.0,0.0,0.0,0,0.0,29.732400000000002,0.0,29.732400000000002
2018-01-04 06:12:00,0.0,0.0,0.0,0.0,0.0,0.0,0.0,0.0,0.0,0,0.0,30.0888,0.0,30.0888
2018-01-04 06:13:00,0.0,0.0,0.0,0.0,0.0,0.0,0.0,0.0,0.0,0,0.0,30.4452,0.0,30.4452
2018-01-04 06:14:00,0.0,0.0,0.0,0.0,0.0,0.0,0.0,0.0,0.0,0,0.0,30.8016,0.0,30.8016
2018-01-04 06:15:00,0.0,0.0,0.0,0.0,0.0,0.0,0.0,0.0,0.0,0,0.0,31.158,0.0,31.158
2018-01-04 06:16:00,0.0,0.0,0.0,0.0,0.0,0.0,0.0,0.0,0.0,0,0.0,31.5144,0.0,31.5144
2018-01-04 06:17:00,0.0,0.0,0.0,0.0,0.0,0.0,0.0,0.0,0.0,0,0.0,31.8708,0.0,31.8708
2018-01-04 06:18:00,0.0,0.0,0.0,0.0,0.0,0.0,0.0,0.0,0.0,0,0.0,32.227199999999996,0.0,32.227199999999996
2018-01-04 06:19:00,0.0,0.0,0.0,0.0,0.0,0.0,0.0,0.0,0.0,0,0.0,32.5836,0.0,32.5836
2018-01-04 06:20:00,0.0,0.0,0.0,0.0,0.0,0.0,0.0,0.0,0.0,0,0.0,32.94,0.0,32.94
2018-01-04 06:21:00,0.0,0.0,0.0,0.0,0.0,0.0,0.0,0.0,0.0,0,0.0,32.9707,0.0,32.9707
2018-01-04 06:22:00,0.0,0.0,0.0,0.0,0.0,0.0,0.0,0.0,0.0,0,0.0,33.0014,0.0,33.0014
2018-01-04 06:23:00,0.0,0.0,0.0,0.0,0.0,0.0,0.0,0.0,0.0,0,0.0,33.0321,0.0,33.0321
2018-01-04 06:24:00,0.0,0.0,0.0,0.0,0.0,0.0,0.0,0.0,0.0,0,0.0,33.062799999999996,0.0,33.062799999999996
2018-01-04 06:25:00,0.0,0.0,0.0,0.0,0.0,0.0,0.0,0.0,0.0,0,0.0,33.0935,0.0,33.0935
2018-01-04 06:26:00,0.0,0.0,0.0,0.0,0.0,0.0,0.0,0.0,0.0,0,0.0,33.1242,0.0,33.1242
2018-01-04 06:27:00,0.0,0.0,0.0,0.0,0.0,0.0,0.0,0.0,0.0,0,0.0,33.1549,0.0,33.1549
2018-01-04 06:28:00,0.0,0.0,0.0,0.0,0.0,0.0,0.0,0.0,0.0,0,0.0,33.1856,0.0,33.1856
2018-01-04 06:29:00,0.0,0.0,0.0,0.0,0.0,0.0,0.0,0.0,0.0,0,0.0,33.2163,0.0,33.2163
2018-01-04 06:30:00,0.0,0.0,0.0,0.0,0.0,0.0,0.0,0.0,0.0,0,0.0,33.247,0.0,33.247
2018-01-04 06:31:00,0.0,0.0,0.0,0.0,0.0,0.0,0.0,0.0,0.0,0,0.0,33.2531,0.0,33.2531
2018-01-04 06:32:00,0.0,0.0,0.0,0.0,0.0,0.0,0.0,0.0,0.0,0,0.0,33.2592,0.0,33.2592
2018-01-04 06:33:00,0.0,0.0,0.0,0.0,0.0,0.0,0.0,0.0,0.0,0,0.0,33.265299999999996,0.0,33.265299999999996
2018-01-04 06:34:00,0.0,0.0,0.0,0.0,0.0,0.0,0.0,0.0,0.0,0,0.0,33.2714,0.0,33.2714
2018-01-04 06:35:00,0.0,0.0,0.0,0.0,0.0,0.0,0.0,0.0,0.0,0,0.0,33.2775,0.0,33.2775
2018-01-04 06:36:00,0.0,0.0,0.0,0.0,0.0,0.0,0.0,0.0,0.0,0,0.0,33.2836,0.0,33.2836
2018-01-04 06:37:00,0.0,0.0,0.0,0.0,0.0,0.0,0.0,0.0,0.0,0,0.0,33.289699999999996,0.0,33.289699999999996
2018-01-04 06:38:00,0.0,0.0,0.0,0.0,0.0,0.0,0.0,0.0,0.0,0,0.0,33.2958,0.0,33.2958
2018-01-04 06:39:00,0.0,0.0,0.0,0.0,0.0,0.0,0.0,0.0,0.0,0,0.0,33.3019,0.0,33.3019
2018-01-04 06:40:00,0.0,0.0,0.0,0.0,0.0,0.0,0.0,0.0,0.0,0,0.0,33.308,0.0,33.308
2018-01-04 06:41:00,0.0,0.0,0.0,0.0,0.0,0.0,0.0,0.0,0.0,0,0.0,33.4846,0.0,33.4846
2018-01-04 06:42:00,0.0,0.0,0.0,0.0,0.0,0.0,0.0,0.0,0.0,0,0.0,33.6612,0.0,33.6612
2018-01-04 06:43:00,0.0,0.0,0.0,0.0,0.0,0.0,0.0,0.0,0.0,0,0.0,33.8378,0.0,33.8378
2018-01-04 06:44:00,0.0,0.0,0.0,0.0,0.0,0.0,0.0,0.0,0.0,0,0.0,34.0144,0.0,34.0144
2018-01-04 06:45:00,0.0,0.0,0.0,0.0,0.0,0.0,0.0,0.0,0.0,0,0.0,34.191,0.0,34.191
2018-01-04 06:46:00,0.0,0.0,0.0,0.0,0.0,0.0,0.0,0.0,0.0,0,0.0,34.367599999999996,0.0,34.367599999999996
2018-01-04 06:47:00,0.0,0.0,0.0,0.0,0.0,0.0,0.0,0.0,0.0,0,0.0,34.5442,0.0,34.5442
2018-01-04 06:48:00,0.0,0.0,0.0,0.0,0.0,0.0,0.0,0.0,0.0,0,0.0,34.7208,0.0,34.7208
2018-01-04 06:49:00,0.0,0.0,0.0,0.0,0.0,0.0,0.0,0.0,0.0,0,0.0,34.8974,0.0,34.8974
2018-01-04 06:50:00,0.0,0.0,0.0,0.0,0.0,0.0,0.0,0.0,0.0,0,0.0,35.074,0.0,35.074
2018-01-04 06:51:00,0.0,0.0,0.0,0.0,0.0,0.0,0.0,0.0,0.0,0,0.0,34.9444,0.0,34.9444
2018-01-04 06:52:00,0.0,0.0,0.0,0.0,0.0,0.0,0.0,0.0,0.0,0,0.0,34.8148,0.0,34.8148
2018-01-04 06:53:00,0.0,0.0,0.0,0.0,0.0,0.0,0.0,0.0,0.0,0,0.0,34.685199999999995,0.0,34.685199999999995
2018-01-04 06:54:00,0.0,0.0,0.0,0.0,0.0,0.0,0.0,0.0,0.0,0,0.0,34.5556,0.0,34.5556
2018-01-04 06:55:00,0.0,0.0,0.0,0.0,0.0,0.0,0.0,0.0,0.0,0,0.0,34.426,0.0,34.426
2018-01-04 06:56:00,0.0,0.0,0.0,0.0,0.0,0.0,0.0,0.0,0.0,0,0.0,34.2964,0.0,34.2964
2018-01-04 06:57:00,0.0,0.0,0.0,0.0,0.0,0.0,0.0,0.0,0.0,0,0.0,34.166799999999995,0.0,34.166799999999995
2018-01-04 06:58:00,0.0,0.0,0.0,0.0,0.0,0.0,0.0,0.0,0.0,0,0.0,34.0372,0.0,34.0372
2018-01-04 06:59:00,0.0,0.0,0.0,0.0,0.0,0.0,0.0,0.0,0.0,0,0.0,33.9076,0.0,33.9076
2018-01-04 07:00:00,0.0,0.0,0.0,0.0,0.0,0.0,0.0,0.0,0.0,0,0.0,33.778,0.0,33.778
2018-01-04 07:01:00,0.0,0.0,0.0,0.0,0.0,0.0,0.0,0.0,0.0,0,0.0,34.0002,0.0,34.0002
2018-01-04 07:02:00,0.0,0.0,0.0,0.0,0.0,0.0,0.0,0.0,0.0,0,0.0,34.2224,0.0,34.2224
2018-01-04 07:03:00,0.0,0.0,0.0,0.0,0.0,0.0,0.0,0.0,0.0,0,0.0,34.4446,0.0,34.4446
2018-01-04 07:04:00,0.0,0.0,0.0,0.0,0.0,0.0,0.0,0.0,0.0,0,0.0,34.6668,0.0,34.6668
2018-01-04 07:05:00,0.0,0.0,0.0,0.0,0.0,0.0,0.0,0.0,0.0,0,0.0,34.888999999999996,0.0,34.888999999999996
2018-01-04 07:06:00,0.0,0.0,0.0,0.0,0.0,0.0,0.0,0.0,0.0,0,0.0,35.1112,0.0,35.1112
2018-01-04 07:07:00,0.0,0.0,0.0,0.0,0.0,0.0,0.0,0.0,0.0,0,0.0,35.3334,0.0,35.3334
2018-01-04 07:08:00,0.0,0.0,0.0,0.0,0.0,0.0,0.0,0.0,0.0,0,0.0,35.5556,0.0,35.5556
2018-01-04 07:09:00,0.0,0.0,0.0,0.0,0.0,0.0,0.0,0.0,0.0,0,0.0,35.7778,0.0,35.7778
2018-01-04 07:10:00,0.0,0.0,0.0,0.0,0.0,0.0,0.0,0.0,0.0,0,0.0,36.0,0.0,36.0
2018-01-04 07:11:00,0.0,0.0,0.0,0.0,0.0,0.0,0.0,0.0,0.0,0,0.0,36.2693,0.0,36.2693
2018-01-04 07:12:00,0.0,0.0,0.0,0.0,0.0,0.0,0.0,0.0,0.0,0,0.0,36.5386,0.0,36.5386
2018-01-04 07:13:00,0.0,0.0,0.0,0.0,0.0,0.0,0.0,0.0,0.0,0,0.0,36.8079,0.0,36.8079
2018-01-04 07:14:00,0.0,0.0,0.0,0.0,0.0,0.0,0.0,0.0,0.0,0,0.0,37.0772,0.0,37.0772
2018-01-04 07:15:00,0.0,0.0,0.0,0.0,0.0,0.0,0.0,0.0,0.0,0,0.0,37.3465,0.0,37.3465
2018-01-04 07:16:00,0.0,0.0,0.0,0.0,0.0,0.0,0.0,0.0,0.0,0,0.0,37.6158,0.0,37.6158
2018-01-04 07:17:00,0.0,0.0,0.0,0.0,0.0,0.0,0.0,0.0,0.0,0,0.0,37.8851,0.0,37.8851
2018-01-04 07:18:00,0.0,0.0,0.0,0.0,0.0,0.0,0.0,0.0,0.0,0,0.0,38.154399999999995,0.0,38.154399999999995
2018-01-04 07:19:00,0.0,0.0,0.0,0.0,0.0,0.0,0.0,0.0,0.0,0,0.0,38.4237,0.0,38.4237
2018-01-04 07:20:00,0.0,0.0,0.0,0.0,0.0,0.0,0.0,0.0,0.0,0,0.0,38.693,0.0,38.693
2018-01-04 07:21:00,0.0,0.0,0.0,0.0,0.0,0.0,0.0,0.0,0.0,0,0.0,39.0466,0.0,39.0466
2018-01-04 07:22:00,0.0,0.0,0.0,0.0,0.0,0.0,0.0,0.0,0.0,0,0.0,39.4002,0.0,39.4002
2018-01-04 07:23:00,0.0,0.0,0.0,0.0,0.0,0.0,0.0,0.0,0.0,0,0.0,39.7538,0.0,39.7538
2018-01-04 07:24:00,0.0,0.0,0.0,0.0,0.0,0.0,0.0,0.0,0.0,0,0.0,40.1074,0.0,40.1074
2018-01-04 07:25:00,0.0,0.0,0.0,0.0,0.0,0.0,0.0,0.0,0.0,0,0.0,40.461,0.0,40.461
2018-01-04 07:26:00,0.0,0.0,0.0,0.0,0.0,0.0,0.0,0.0,0.0,0,0.0,40.8146,0.0,40.8146
2018-01-04 07:27:00,0.0,0.0,0.0,0.0,0.0,0.0,0.0,0.0,0.0,0,0.0,41.1682,0.0,41.1682
2018-01-04 07:28:00,0.0,0.0,0.0,0.0,0.0,0.0,0.0,0.0,0.0,0,0.0,41.5218,0.0,41.5218
2018-01-04 07:29:00,0.0,0.0,0.0,0.0,0.0,0.0,0.0,0.0,0.0,0,0.0,41.8754,0.0,41.8754
2018-01-04 07:30:00,0.0,0.0,0.0,0.0,0.0,0.0,0.0,0.0,0.0,0,0.0,42.229,0.0,42.229
2018-01-04 07:31:00,0.0,0.0,0.0,0.0,0.0,0.0,0.0,0.0,0.0,0,0.0,42.0643,0.0,42.0643
2018-01-04 07:32:00,0.0,0.0,0.0,0.0,0.0,0.0,0.0,0.0,0.0,0,0.0,41.8996,0.0,41.8996
2018-01-04 07:33:00,0.0,0.0,0.0,0.0,0.0,0.0,0.0,0.0,0.0,0,0.0,41.734899999999996,0.0,41.734899999999996
2018-01-04 07:34:00,0.0,0.0,0.0,0.0,0.0,0.0,0.0,0.0,0.0,0,0.0,41.5702,0.0,41.5702
2018-01-04 07:35:00,0.0,0.0,0.0,0.0,0.0,0.0,0.0,0.0,0.0,0,0.0,41.4055,0.0,41.4055
2018-01-04 07:36:00,0.0,0.0,0.0,0.0,0.0,0.0,0.0,0.0,0.0,0,0.0,41.2408,0.0,41.2408
2018-01-04 07:37:00,0.0,0.0,0.0,0.0,0.0,0.0,0.0,0.0,0.0,0,0.0,41.0761,0.0,41.0761
2018-01-04 07:38:00,0.0,0.0,0.0,0.0,0.0,0.0,0.0,0.0,0.0,0,0.0,40.9114,0.0,40.9114
2018-01-04 07:39:00,0.0,0.0,0.0,0.0,0.0,0.0,0.0,0.0,0.0,0,0.0,40.746700000000004,0.0,40.746700000000004
2018-01-04 07:40:00,0.0,0.0,0.0,0.0,0.0,0.0,0.0,0.0,0.0,0,0.0,40.582,0.0,40.582
2018-01-04 07:41:00,0.0,0.0,0.0,0.0,0.0,0.0,0.0,0.0,0.0,0,0.0,40.5097,0.0,40.5097
2018-01-04 07:42:00,0.0,0.0,0.0,0.0,0.0,0.0,0.0,0.0,0.0,0,0.0,40.437400000000004,0.0,40.437400000000004
2018-01-04 07:43:00,0.0,0.0,0.0,0.0,0.0,0.0,0.0,0.0,0.0,0,0.0,40.3651,0.0,40.3651
2018-01-04 07:44:00,0.0,0.0,0.0,0.0,0.0,0.0,0.0,0.0,0.0,0,0.0,40.2928,0.0,40.2928
2018-01-04 07:45:00,0.0,0.0,0.0,0.0,0.0,0.0,0.0,0.0,0.0,0,0.0,40.2205,0.0,40.2205
2018-01-04 07:46:00,0.0,0.0,0.0,0.0,0.0,0.0,0.0,0.0,0.0,0,0.0,40.1482,0.0,40.1482
2018-01-04 07:47:00,0.0,0.0,0.0,0.0,0.0,0.0,0.0,0.0,0.0,0,0.0,40.075900000000004,0.0,40.075900000000004
2018-01-04 07:48:00,0.0,0.0,0.0,0.0,0.0,0.0,0.0,0.0,0.0,0,0.0,40.0036,0.0,40.0036
2018-01-04 07:49:00,0.0,0.0,0.0,0.0,0.0,0.0,0.0,0.0,0.0,0,0.0,39.9313,0.0,39.9313
2018-01-04 07:50:00,0.0,0.0,0.0,0.0,0.0,0.0,0.0,0.0,0.0,0,0.0,39.859,0.0,39.859
2018-01-04 07:51:00,0.0,0.0,0.0,0.0,0.0,0.0,0.0,0.0,0.0,0,0.0,40.0612,0.0,40.0612
2018-01-04 07:52:00,0.0,0.0,0.0,0.0,0.0,0.0,0.0,0.0,0.0,0,0.0,40.263400000000004,0.0,40.263400000000004
2018-01-04 07:53:00,0.0,0.0,0.0,0.0,0.0,0.0,0.0,0.0,0.0,0,0.0,40.4656,0.0,40.4656
2018-01-04 07:54:00,0.0,0.0,0.0,0.0,0.0,0.0,0.0,0.0,0.0,0,0.0,40.6678,0.0,40.6678
2018-01-04 07:55:00,0.0,0.0,0.0,0.0,0.0,0.0,0.0,0.0,0.0,0,0.0,40.870000000000005,0.0,40.870000000000005
2018-01-04 07:56:00,0.0,0.0,0.0,0.0,0.0,0.0,0.0,0.0,0.0,0,0.0,41.0722,0.0,41.0722
2018-01-04 07:57:00,0.0,0.0,0.0,0.0,0.0,0.0,0.0,0.0,0.0,0,0.0,41.2744,0.0,41.2744
2018-01-04 07:58:00,0.0,0.0,0.0,0.0,0.0,0.0,0.0,0.0,0.0,0,0.0,41.4766,0.0,41.4766
2018-01-04 07:59:00,0.0,0.0,0.0,0.0,0.0,0.0,0.0,0.0,0.0,0,0.0,41.6788,0.0,41.6788
2018-01-04 08:00:00,0.0,0.0,0.0,0.0,0.0,0.0,0.0,0.0,0.0,0,0.0,41.881,0.0,41.881
2018-01-04 08:01:00,0.0,0.0,0.0,0.0,0.0,0.0,0.0,0.0,0.0,0,0.0,42.0514,0.0,42.0514
2018-01-04 08:02:00,0.0,0.0,0.0,0.0,0.0,0.0,0.0,0.0,0.0,0,0.0,42.2218,0.0,42.2218
2018-01-04 08:03:00,0.0,0.0,0.0,0.0,0.0,0.0,0.0,0.0,0.0,0,0.0,42.3922,0.0,42.3922
2018-01-04 08:04:00,0.0,0.0,0.0,0.0,0.0,0.0,0.0,0.0,0.0,0,0.0,42.5626,0.0,42.5626
2018-01-04 08:05:00,0.0,0.0,0.0,0.0,0.0,0.0,0.0,0.0,0.0,0,0.0,42.733000000000004,0.0,42.733000000000004
2018-01-04 08:06:00,0.0,0.0,0.0,0.0,0.0,0.0,0.0,0.0,0.0,0,0.0,42.9034,0.0,42.9034
2018-01-04 08:07:00,0.0,0.0,0.0,0.0,0.0,0.0,0.0,0.0,0.0,0,0.0,43.0738,0.0,43.0738
2018-01-04 08:08:00,0.0,0.0,0.0,0.0,0.0,0.0,0.0,0.0,0.0,0,0.0,43.2442,0.0,43.2442
2018-01-04 08:09:00,0.0,0.0,0.0,0.0,0.0,0.0,0.0,0.0,0.0,0,0.0,43.4146,0.0,43.4146
2018-01-04 08:10:00,0.0,0.0,0.0,0.0,0.0,0.0,0.0,0.0,0.0,0,0.0,43.585,0.0,43.585
2018-01-04 08:11:00,0.0,0.0,0.0,0.0,0.0,0.0,0.0,0.0,0.0,0,0.0,44.5381,0.0,44.5381
2018-01-04 08:12:00,0.0,0.0,0.0,0.0,0.0,0.0,0.0,0.0,0.0,0,0.0,45.4912,0.0,45.4912
2018-01-04 08:13:00,0.0,0.0,0.0,0.0,0.0,0.0,0.0,0.0,0.0,0,0.0,46.4443,0.0,46.4443
2018-01-04 08:14:00,0.0,0.0,0.0,0.0,0.0,0.0,0.0,0.0,0.0,0,0.0,47.3974,0.0,47.3974
2018-01-04 08:15:00,0.0,0.0,0.0,0.0,0.0,0.0,0.0,0.0,0.0,0,0.0,48.3505,0.0,48.3505
2018-01-04 08:16:00,0.0,0.0,0.0,0.0,0.0,0.0,0.0,0.0,0.0,0,0.0,49.3036,0.0,49.3036
2018-01-04 08:17:00,0.0,0.0,0.0,0.0,0.0,0.0,0.0,0.0,0.0,0,0.0,50.2567,0.0,50.2567
2018-01-04 08:18:00,0.0,0.0,0.0,0.0,0.0,0.0,0.0,0.0,0.0,0,0.0,51.2098,0.0,51.2098
2018-01-04 08:19:00,0.0,0.0,0.0,0.0,0.0,0.0,0.0,0.0,0.0,0,0.0,52.1629,0.0,52.1629
2018-01-04 08:20:00,0.0,0.0,0.0,0.0,0.0,0.0,0.0,0.0,0.0,0,0.0,53.116,0.0,53.116
2018-01-04 08:21:00,0.0,0.0,0.0,0.0,0.0,0.0,0.0,0.0,0.0,0,0.0,53.9903,0.0,53.9903
2018-01-04 08:22:00,0.0,0.0,0.0,0.0,0.0,0.0,0.0,0.0,0.0,0,0.0,54.8646,0.0,54.8646
2018-01-04 08:23:00,0.0,0.0,0.0,0.0,0.0,0.0,0.0,0.0,0.0,0,0.0,55.7389,0.0,55.7389
2018-01-04 08:24:00,0.0,0.0,0.0,0.0,0.0,0.0,0.0,0.0,0.0,0,0.0,56.6132,0.0,56.6132
2018-01-04 08:25:00,0.0,0.0,0.0,0.0,0.0,0.0,0.0,0.0,0.0,0,0.0,57.4875,0.0,57.4875
2018-01-04 08:26:00,0.0,0.0,0.0,0.0,0.0,0.0,0.0,0.0,0.0,0,0.0,58.3618,0.0,58.3618
2018-01-04 08:27:00,0.0,0.0,0.0,0.0,0.0,0.0,0.0,0.0,0.0,0,0.0,59.2361,0.0,59.2361
2018-01-04 08:28:00,0.0,0.0,0.0,0.0,0.0,0.0,0.0,0.0,0.0,0,0.0,60.1104,0.0,60.1104
2018-01-04 08:29:00,0.0,0.0,0.0,0.0,0.0,0.0,0.0,0.0,0.0,0,0.0,60.984700000000004,0.0,60.984700000000004
2018-01-04 08:30:00,0.0,0.0,0.0,0.0,0.0,0.0,0.0,0.0,0.0,0,0.0,61.859,0.0,61.859
2018-01-04 08:31:00,0.0,0.0,0.0,0.0,0.0,0.0,0.0,0.0,0.0,0,0.0,61.8633,0.0,61.8633
2018-01-04 08:32:00,0.0,0.0,0.0,0.0,0.0,0.0,0.0,0.0,0.0,0,0.0,61.8676,0.0,61.8676
2018-01-04 08:33:00,0.0,0.0,0.0,0.0,0.0,0.0,0.0,0.0,0.0,0,0.0,61.871900000000004,0.0,61.871900000000004
2018-01-04 08:34:00,0.0,0.0,0.0,0.0,0.0,0.0,0.0,0.0,0.0,0,0.0,61.876200000000004,0.0,61.876200000000004
2018-01-04 08:35:00,0.0,0.0,0.0,0.0,0.0,0.0,0.0,0.0,0.0,0,0.0,61.8805,0.0,61.8805
2018-01-04 08:36:00,0.0,0.0,0.0,0.0,0.0,0.0,0.0,0.0,0.0,0,0.0,61.8848,0.0,61.8848
2018-01-04 08:37:00,0.0,0.0,0.0,0.0,0.0,0.0,0.0,0.0,0.0,0,0.0,61.8891,0.0,61.8891
2018-01-04 08:38:00,0.0,0.0,0.0,0.0,0.0,0.0,0.0,0.0,0.0,0,0.0,61.8934,0.0,61.8934
2018-01-04 08:39:00,0.0,0.0,0.0,0.0,0.0,0.0,0.0,0.0,0.0,0,0.0,61.8977,0.0,61.8977
2018-01-04 08:40:00,0.0,0.0,0.0,0.0,0.0,0.0,0.0,0.0,0.0,0,0.0,61.902,0.0,61.902
2018-01-04 08:41:00,0.0,0.0,0.0,0.0,0.0,0.0,0.0,0.0,0.0,0,0.0,61.695,0.0,61.695
2018-01-04 08:42:00,0.0,0.0,0.0,0.0,0.0,0.0,0.0,0.0,0.0,0,0.0,61.488,0.0,61.488
2018-01-04 08:43:00,0.0,0.0,0.0,0.0,0.0,0.0,0.0,0.0,0.0,0,0.0,61.281,0.0,61.281
2018-01-04 08:44:00,0.001,0.0,0.0,0.0,0.0,0.0,0.0,0.0,0.0,0,0.001,61.074,1.0,61.074999999999996
2018-01-04 08:45:00,0.001,0.0,0.0,0.0,0.0,0.0,0.0,0.0,0.0,0,0.001,60.867000000000004,1.0,60.868
2018-01-04 08:46:00,0.001,0.0,0.0,0.0,0.0,0.0,0.0,0.0,0.0,0,0.001,60.660000000000004,1.0,60.661
2018-01-04 08:47:00,0.001,0.0,0.0,0.0,0.0,0.0,0.0,0.0,0.0,0,0.001,60.453,1.0,60.454
2018-01-04 08:48:00,0.001,0.0,0.0,0.0,0.0,0.0,0.0,0.0,0.0,0,0.001,60.246,1.0,60.247
2018-01-04 08:49:00,0.001,0.0,0.0,0.0,0.0,0.0,0.0,0.0,0.0,0,0.001,60.039,1.0,60.04
2018-01-04 08:50:00,0.001,0.0,0.0,0.0,0.0,0.0,0.0,0.0,0.0,0,0.001,59.832,1.0,59.833
2018-01-04 08:51:00,0.001,0.0,0.0,0.0,0.0,0.0,0.0,0.0,0.0,0,0.001,59.2081,1.0,59.2091
2018-01-04 08:52:00,0.001,0.0,0.0,0.0,0.0,0.0,0.0,0.0,0.0,0,0.001,58.5842,1.0,58.5852
2018-01-04 08:53:00,0.001,0.0,0.0,0.0,0.0,0.0,0.0,0.0,0.0,0,0.001,57.960300000000004,1.0,57.9613
2018-01-04 08:54:00,0.001,0.0,0.0,0.0,0.0,0.0,0.0,0.0,0.0,0,0.001,57.336400000000005,1.0,57.3374
2018-01-04 08:55:00,0.001,0.0,0.0,0.0,0.0,0.0,0.0,0.0,0.0,0,0.001,56.712500000000006,1.0,56.7135
2018-01-04 08:56:00,0.001,0.0,0.0,0.0,0.0,0.0,0.0,0.0,0.0,0,0.001,56.0886,1.0,56.0896
2018-01-04 08:57:00,0.001,0.0,0.0,0.0,0.0,0.0,0.0,0.0,0.0,0,0.001,55.4647,1.0,55.4657
2018-01-04 08:58:00,0.001,0.0,0.0,0.0,0.0,0.0,0.0,0.0,0.0,0,0.001,54.8408,1.0,54.8418
2018-01-04 08:59:00,0.001,0.0,0.0,0.0,0.0,0.0,0.0,0.0,0.0,0,0.001,54.2169,1.0,54.2179
2018-01-04 09:00:00,0.001,0.0,0.0,0.0,0.0,0.0,0.0,0.0,0.0,0,0.001,53.593,1.0,53.594
2018-01-04 09:01:00,0.001,0.0,0.0,0.0,0.0,0.0,0.0,0.0,0.0,0,0.001,53.9129,1.0,53.9139
2018-01-04 09:02:00,0.001,0.0,0.0,0.0,0.0,0.0,0.0,0.0,0.0,0,0.001,54.232800000000005,1.0,54.2338
2018-01-04 09:03:00,0.001,0.0,0.0,0.0,0.0,0.0,0.0,0.0,0.0,0,0.001,54.5527,1.0,54.5537
2018-01-04 09:04:00,0.001,0.0,0.0,0.0,0.0,0.0,0.0,0.0,0.0,0,0.001,54.872600000000006,1.0,54.8736
2018-01-04 09:05:00,0.001,0.0,0.0,0.0,0.0,0.0,0.0,0.0,0.0,0,0.001,55.1925,1.0,55.1935
2018-01-04 09:06:00,0.001,0.0,0.0,0.0,0.0,0.0,0.0,0.0,0.0,0,0.001,55.5124,1.0,55.5134
2018-01-04 09:07:00,0.001,0.0,0.0,0.0,0.0,0.0,0.0,0.0,0.0,0,0.001,55.832300000000004,1.0,55.8333
2018-01-04 09:08:00,0.001,0.0,0.0,0.0,0.0,0.0,0.0,0.0,0.0,0,0.001,56.1522,1.0,56.1532
2018-01-04 09:09:00,0.001,0.0,0.0,0.0,0.0,0.0,0.0,0.0,0.0,0,0.001,56.472100000000005,1.0,56.4731
2018-01-04 09:10:00,0.001,0.0,0.0,0.0,0.0,0.0,0.0,0.0,0.0,0,0.001,56.792,1.0,56.793
2018-01-04 09:11:00,0.001,0.0,0.0,0.0,0.0,0.0,0.0,0.0,0.0,0,0.001,56.7583,1.0,56.759299999999996
2018-01-04 09:12:00,0.001,0.0,0.0,0.0,0.0,0.0,0.0,0.0,0.0,0,0.001,56.7246,1.0,56.7256
2018-01-04 09:13:00,0.001,0.001,0.0,0.0,0.0,0.0,0.0,0.0,0.0,0,0.002,56.6909,2.0,56.6929
2018-01-04 09:14:00,0.001,0.001,0.0,0.0,0.0,0.0,0.0,0.0,0.0,0,0.002,56.6572,2.0,56.659200000000006
2018-01-04 09:15:00,0.001,0.001,0.0,0.0,0.0,0.0,0.0,0.0,0.0,0,0.002,56.6235,2.0,56.6255
2018-01-04 09:16:00,0.001,0.001,0.0,0.0,0.0,0.0,0.0,0.0,0.0,0,0.002,56.5898,2.0,56.5918
2018-01-04 09:17:00,0.001,0.001,0.0,0.0,0.0,0.0,0.0,0.0,0.0,0,0.002,56.5561,2.0,56.5581
2018-01-04 09:18:00,0.001,0.001,0.0,0.0,0.0,0.0,0.0,0.0,0.0,0,0.002,56.5224,2.0,56.5244
2018-01-04 09:19:00,0.001,0.001,0.0,0.0,0.0,0.0,0.0,0.0,0.0,0,0.002,56.4887,2.0,56.490700000000004
2018-01-04 09:20:00,0.001,0.001,0.0,0.0,0.0,0.0,0.0,0.0,0.0,0,0.002,56.455,2.0,56.457
2018-01-04 09:21:00,0.001,0.001,0.0,0.0,0.0,0.0,0.0,0.0,0.0,0,0.002,56.9573,2.0,56.9593
2018-01-04 09:22:00,0.001,0.001,0.0,0.0,0.0,0.0,0.0,0.0,0.0,0,0.002,57.4596,2.0,57.461600000000004
2018-01-04 09:23:00,0.001,0.001,0.0,0.0,0.0,0.0,0.0,0.0,0.0,0,0.002,57.9619,2.0,57.9639
2018-01-04 09:24:00,0.001,0.001,0.0,0.0,0.0,0.0,0.0,0.0,0.0,0,0.002,58.4642,2.0,58.4662
2018-01-04 09:25:00,0.001,0.001,0.001,0.0,0.0,0.0,0.0,0.0,0.0,0,0.003,58.966499999999996,3.0,58.9695
2018-01-04 09:26:00,0.001,0.001,0.001,0.0,0.0,0.0,0.0,0.0,0.0,0,0.003,59.4688,3.0,59.4718
2018-01-04 09:27:00,0.001,0.001,0.001,0.0,0.0,0.0,0.0,0.0,0.0,0,0.003,59.9711,3.0,59.9741
2018-01-04 09:28:00,0.001,0.001,0.001,0.0,0.0,0.0,0.0,0.0,0.0,0,0.003,60.4734,3.0,60.4764
2018-01-04 09:29:00,0.001,0.001,0.001,0.0,0.0,0.0,0.0,0.0,0.0,0,0.003,60.9757,3.0,60.9787
2018-01-04 09:30:00,0.001,0.001,0.001,0.0,0.0,0.0,0.0,0.0,0.0,0,0.003,61.478,3.0,61.481
2018-01-04 09:31:00,0.001,0.001,0.001,0.0,0.0,0.0,0.0,0.0,0.0,0,0.003,61.283100000000005,3.0,61.286100000000005
2018-01-04 09:32:00,0.001,0.001,0.001,0.0,0.0,0.0,0.0,0.0,0.0,0,0.003,61.0882,3.0,61.0912
2018-01-04 09:33:00,0.001,0.001,0.001,0.0,0.0,0.0,0.0,0.0,0.0,0,0.003,60.8933,3.0,60.896300000000004
2018-01-04 09:34:00,0.001,0.001,0.001,0.0,0.0,0.0,0.0,0.0,0.0,0,0.003,60.6984,3.0,60.7014
2018-01-04 09:35:00,0.001,0.001,0.001,0.0,0.0,0.0,0.0,0.0,0.0,0,0.003,60.5035,3.0,60.5065
2018-01-04 09:36:00,0.001,0.001,0.001,0.0,0.0,0.0,0.0,0.0,0.0,0,0.003,60.308600000000006,3.0,60.311600000000006
2018-01-04 09:37:00,0.001,0.001,0.001,0.0,0.0,0.0,0.0,0.0,0.0,0,0.003,60.1137,3.0,60.1167
2018-01-04 09:38:00,0.001,0.001,0.001,0.0,0.0,0.0,0.0,0.0,0.0,0,0.003,59.918800000000005,3.0,59.921800000000005
2018-01-04 09:39:00,0.001,0.001,0.001,0.0,0.0,0.0,0.0,0.0,0.0,0,0.003,59.7239,3.0,59.7269
2018-01-04 09:40:00,0.001,0.001,0.001,0.001,0.0,0.0,0.0,0.0,0.0,0,0.004,59.529,4.0,59.533
2018-01-04 09:41:00,0.001,0.001,0.001,0.001,0.0,0.0,0.0,0.0,0.0,0,0.004,59.36150000000001,4.0,59.365500000000004
2018-01-04 09:42:00,0.001,0.001,0.001,0.001,0.0,0.0,0.0,0.0,0.0,0,0.004,59.194,4.0,59.198
2018-01-04 09:43:00,0.001,0.001,0.001,0.001,0.001,0.0,0.0,0.0,0.0,0,0.005,59.0265,5.0,59.0315
2018-01-04 09:44:00,0.001,0.001,0.001,0.001,0.001,0.0,0.0,0.0,0.0,0,0.005,58.859,5.0,58.864000000000004
2018-01-04 09:45:00,0.0,0.001,0.001,0.001,0.001,0.0,0.0,0.0,0.0,0,0.004,58.691500000000005,4.0,58.6955
2018-01-04 09:46:00,0.0,0.001,0.001,0.001,0.001,0.0,0.0,0.0,0.0,0,0.004,58.524,4.0,58.528
2018-01-04 09:47:00,0.0,0.001,0.001,0.001,0.001,0.0,0.0,0.0,0.0,0,0.004,58.3565,4.0,58.360499999999995
2018-01-04 09:48:00,0.0,0.001,0.001,0.001,0.001,0.0,0.0,0.0,0.0,0,0.004,58.189,4.0,58.193
2018-01-04 09:49:00,0.0,0.001,0.001,0.001,0.001,0.0,0.0,0.0,0.0,0,0.004,58.0215,4.0,58.0255
2018-01-04 09:50:00,0.0,0.001,0.001,0.001,0.001,0.0,0.0,0.0,0.0,0,0.004,57.854,4.0,57.858
2018-01-04 09:51:00,0.0,0.001,0.001,0.001,0.001,0.0,0.0,0.0,0.0,0,0.004,58.3136,4.0,58.3176
2018-01-04 09:52:00,0.0,0.001,0.001,0.001,0.001,0.0,0.0,0.0,0.0,0,0.004,58.7732,4.0,58.7772
2018-01-04 09:53:00,0.0,0.001,0.001,0.001,0.001,0.0,0.0,0.0,0.0,0,0.004,59.2328,4.0,59.236799999999995
2018-01-04 09:54:00,0.0,0.001,0.001,0.001,0.001,0.0,0.0,0.0,0.0,0,0.004,59.6924,4.0,59.6964
2018-01-04 09:55:00,0.0,0.001,0.001,0.001,0.001,0.0,0.0,0.0,0.0,0,0.004,60.152,4.0,60.156
2018-01-04 09:56:00,0.0,0.001,0.001,0.001,0.001,0.0,0.0,0.0,0.0,0,0.004,60.6116,4.0,60.6156
2018-01-04 09:57:00,0.0,0.001,0.001,0.001,0.001,0.0,0.0,0.0,0.0,0,0.004,61.071200000000005,4.0,61.0752
2018-01-04 09:58:00,0.0,0.001,0.001,0.001,0.001,0.0,0.0,0.0,0.0,0,0.004,61.5308,4.0,61.5348
2018-01-04 09:59:00,0.0,0.001,0.001,0.001,0.001,0.0,0.0,0.0,0.0,0,0.004,61.9904,4.0,61.9944
2018-01-04 10:00:00,0.0,0.001,0.001,0.001,0.001,0.0,0.0,0.0,0.0,0,0.004,62.45,4.0,62.454
2018-01-04 10:01:00,0.0,0.001,0.001,0.001,0.001,0.0,0.0,0.0,0.0,0,0.004,62.5414,4.0,62.5454
2018-01-04 10:02:00,0.0,0.001,0.001,0.001,0.001,0.0,0.0,0.0,0.0,0,0.004,62.6328,4.0,62.6368
2018-01-04 10:03:00,0.0,0.001,0.001,0.001,0.001,0.0,0.0,0.0,0.0,0,0.004,62.7242,4.0,62.7282
2018-01-04 10:04:00,0.0,0.001,0.001,0.001,0.001,0.0,0.0,0.0,0.0,0,0.004,62.8156,4.0,62.8196
2018-01-04 10:05:00,0.0,0.001,0.001,0.001,0.001,0.0,0.0,0.0,0.0,0,0.004,62.907,4.0,62.910999999999994
2018-01-04 10:06:00,0.0,0.001,0.001,0.001,0.001,0.0,0.0,0.0,0.0,0,0.004,62.9984,4.0,63.002399999999994
2018-01-04 10:07:00,0.0,0.001,0.001,0.001,0.001,0.0,0.0,0.0,0.0,0,0.004,63.0898,4.0,63.093799999999995
2018-01-04 10:08:00,0.0,0.001,0.001,0.001,0.001,0.0,0.0,0.0,0.0,0,0.004,63.1812,4.0,63.185199999999995
2018-01-04 10:09:00,0.0,0.001,0.001,0.001,0.001,0.0,0.0,0.0,0.0,0,0.004,63.2726,4.0,63.276599999999995
2018-01-04 10:10:00,0.0,0.001,0.001,0.001,0.001,0.0,0.0,0.0,0.0,0,0.004,63.364,4.0,63.367999999999995
2018-01-04 10:11:00,0.0,0.001,0.001,0.001,0.001,0.0,0.0,0.0,0.0,0,0.004,63.329699999999995,4.0,63.33369999999999
2018-01-04 10:12:00,0.0,0.001,0.001,0.001,0.001,0.0,0.0,0.0,0.0,0,0.004,63.2954,4.0,63.2994
2018-01-04 10:13:00,0.0,0.001,0.001,0.001,0.001,0.0,0.0,0.0,0.0,0,0.004,63.2611,4.0,63.2651
2018-01-04 10:14:00,0.0,0.0,0.001,0.001,0.001,0.0,0.0,0.0,0.0,0,0.003,63.2268,3.0,63.2298
2018-01-04 10:15:00,0.0,0.0,0.001,0.001,0.001,0.0,0.0,0.0,0.0,0,0.003,63.192499999999995,3.0,63.195499999999996
2018-01-04 10:16:00,0.0,0.0,0.001,0.001,0.001,0.0,0.0,0.0,0.0,0,0.003,63.1582,3.0,63.1612
2018-01-04 10:17:00,0.0,0.0,0.001,0.001,0.001,0.0,0.0,0.0,0.0,0,0.003,63.1239,3.0,63.1269
2018-01-04 10:18:00,0.0,0.0,0.001,0.001,0.001,0.0,0.0,0.0,0.0,0,0.003,63.0896,3.0,63.0926
2018-01-04 10:19:00,0.0,0.0,0.001,0.001,0.001,0.0,0.0,0.0,0.0,0,0.003,63.0553,3.0,63.0583
2018-01-04 10:20:00,0.0,0.0,0.001,0.001,0.001,0.0,0.0,0.0,0.0,0,0.003,63.021,3.0,63.024
2018-01-04 10:21:00,0.0,0.0,0.001,0.001,0.001,0.0,0.0,0.0,0.0,0,0.003,63.5001,3.0,63.5031
2018-01-04 10:22:00,0.0,0.0,0.001,0.001,0.001,0.0,0.0,0.0,0.0,0,0.003,63.9792,3.0,63.9822
2018-01-04 10:23:00,0.0,0.0,0.001,0.001,0.001,0.0,0.0,0.0,0.0,0,0.003,64.4583,3.0,64.4613
2018-01-04 10:24:00,0.0,0.0,0.001,0.001,0.001,0.0,0.0,0.0,0.0,0,0.003,64.9374,3.0,64.9404
2018-01-04 10:25:00,0.0,0.0,0.001,0.001,0.001,0.0,0.0,0.0,0.0,0,0.003,65.4165,3.0,65.4195
2018-01-04 10:26:00,0.0,0.0,0.0,0.001,0.001,0.0,0.0,0.0,0.0,0,0.002,65.8956,2.0,65.8976
2018-01-04 10:27:00,0.0,0.0,0.0,0.001,0.001,0.0,0.0,0.0,0.0,0,0.002,66.3747,2.0,66.3767
2018-01-04 10:28:00,0.0,0.0,0.0,0.001,0.001,0.0,0.0,0.0,0.0,0,0.002,66.85379999999999,2.0,66.85579999999999
2018-01-04 10:29:00,0.0,0.0,0.0,0.001,0.001,0.0,0.0,0.0,0.0,0,0.002,67.3329,2.0,67.33489999999999
2018-01-04 10:30:00,0.0,0.0,0.0,0.001,0.001,0.0,0.0,0.0,0.0,0,0.002,67.812,2.0,67.814
2018-01-04 10:31:00,0.0,0.0,0.0,0.001,0.001,0.0,0.0,0.0,0.0,0,0.002,67.8575,2.0,67.8595
2018-01-04 10:32:00,0.0,0.0,0.0,0.001,0.001,0.0,0.0,0.0,0.0,0,0.002,67.90299999999999,2.0,67.90499999999999
2018-01-04 10:33:00,0.0,0.0,0.0,0.001,0.001,0.0,0.0,0.0,0.0,0,0.002,67.9485,2.0,67.95049999999999
2018-01-04 10:34:00,0.0,0.0,0.0,0.001,0.001,0.0,0.0,0.0,0.0,0,0.002,67.994,2.0,67.996
2018-01-04 10:35:00,0.0,0.0,0.0,0.001,0.001,0.0,0.0,0.0,0.0,0,0.002,68.0395,2.0,68.0415
2018-01-04 10:36:00,0.0,0.0,0.0,0.001,0.001,0.0,0.0,0.0,0.0,0,0.002,68.085,2.0,68.08699999999999
2018-01-04 10:37:00,0.0,0.0,0.0,0.001,0.001,0.0,0.0,0.0,0.0,0,0.002,68.1305,2.0,68.1325
2018-01-04 10:38:00,0.0,0.0,0.0,0.001,0.001,0.0,0.0,0.0,0.0,0,0.002,68.176,2.0,68.178
2018-01-04 10:39:00,0.0,0.0,0.0,0.001,0.001,0.0,0.0,0.0,0.0,0,0.002,68.22149999999999,2.0,68.22349999999999
2018-01-04 10:40:00,0.0,0.0,0.0,0.001,0.001,0.0,0.0,0.0,0.0,0,0.002,68.267,2.0,68.26899999999999
2018-01-04 10:41:00,0.0,0.0,0.0,0.0,0.001,0.0,0.0,0.0,0.0,0,0.001,68.1128,1.0,68.1138
2018-01-04 10:42:00,0.0,0.0,0.0,0.0,0.001,0.0,0.0,0.0,0.0,0,0.001,67.95859999999999,1.0,67.9596
2018-01-04 10:43:00,0.0,0.0,0.0,0.0,0.001,0.0,0.0,0.0,0.0,0,0.001,67.8044,1.0,67.8054
2018-01-04 10:44:00,0.0,0.0,0.0,0.0,0.0,0.0,0.0,0.0,0.0,0,0.0,67.6502,0.0,67.6502
2018-01-04 10:45:00,0.0,0.0,0.0,0.0,0.0,0.0,0.0,0.0,0.0,0,0.0,67.496,0.0,67.496
2018-01-04 10:46:00,0.0,0.0,0.0,0.0,0.0,0.0,0.0,0.0,0.0,0,0.0,67.34179999999999,0.0,67.34179999999999
2018-01-04 10:47:00,0.0,0.0,0.0,0.0,0.0,0.0,0.0,0.0,0.0,0,0.0,67.18759999999999,0.0,67.18759999999999
2018-01-04 10:48:00,0.0,0.0,0.0,0.0,0.0,0.0,0.0,0.0,0.0,0,0.0,67.0334,0.0,67.0334
2018-01-04 10:49:00,0.0,0.0,0.0,0.0,0.0,0.0,0.0,0.0,0.0,0,0.0,66.8792,0.0,66.8792
2018-01-04 10:50:00,0.0,0.0,0.0,0.0,0.0,0.0,0.0,0.0,0.0,0,0.0,66.725,0.0,66.725
2018-01-04 10:51:00,0.0,0.0,0.0,0.0,0.0,0.0,0.0,0.0,0.0,0,0.0,66.4521,0.0,66.4521
2018-01-04 10:52:00,0.0,0.0,0.0,0.0,0.0,0.0,0.0,0.0,0.0,0,0.0,66.1792,0.0,66.1792
2018-01-04 10:53:00,0.0,0.0,0.0,0.0,0.0,0.0,0.0,0.0,0.0,0,0.0,65.9063,0.0,65.9063
2018-01-04 10:54:00,0.0,0.0,0.0,0.0,0.0,0.0,0.0,0.0,0.0,0,0.0,65.6334,0.0,65.6334
2018-01-04 10:55:00,0.0,0.0,0.0,0.0,0.0,0.0,0.0,0.0,0.0,0,0.0,65.3605,0.0,65.3605
2018-01-04 10:56:00,0.0,0.0,0.0,0.0,0.0,0.0,0.0,0.0,0.0,0,0.0,65.0876,0.0,65.0876
2018-01-04 10:57:00,0.0,0.0,0.0,0.0,0.0,0.0,0.0,0.0,0.0,0,0.0,64.8147,0.0,64.8147
2018-01-04 10:58:00,0.0,0.0,0.0,0.0,0.0,0.0,0.0,0.0,0.0,0,0.0,64.5418,0.0,64.5418
2018-01-04 10:59:00,0.0,0.0,0.0,0.0,0.0,0.0,0.0,0.0,0.0,0,0.0,64.2689,0.0,64.2689
2018-01-04 11:00:00,0.0,0.0,0.0,0.0,0.0,0.0,0.0,0.0,0.0,0,0.0,63.996,0.0,63.996
2018-01-04 11:01:00,0.0,0.0,0.0,0.0,0.0,0.0,0.0,0.0,0.0,0,0.0,64.275,0.0,64.275
2018-01-04 11:02:00,0.001,0.0,0.0,0.0,0.0,0.0,0.0,0.0,0.0,0,0.001,64.554,1.0,64.555
2018-01-04 11:03:00,0.001,0.001,0.001,0.0,0.0,0.0,0.0,0.0,0.0,0,0.003,64.833,3.0,64.836
2018-01-04 11:04:00,0.001,0.001,0.001,0.0,0.0,0.0,0.0,0.0,0.0,0,0.003,65.112,3.0,65.115
2018-01-04 11:05:00,0.001,0.001,0.001,0.0,0.0,0.0,0.0,0.0,0.0,0,0.003,65.391,3.0,65.394
2018-01-04 11:06:00,0.001,0.001,0.001,0.0,0.0,0.0,0.0,0.0,0.0,0,0.003,65.67,3.0,65.673
2018-01-04 11:07:00,0.001,0.001,0.001,0.0,0.0,0.0,0.0,0.0,0.0,0,0.003,65.949,3.0,65.952
2018-01-04 11:08:00,0.001,0.001,0.001,0.0,0.0,0.0,0.0,0.0,0.0,0,0.003,66.22800000000001,3.0,66.23100000000001
2018-01-04 11:09:00,0.001,0.001,0.001,0.0,0.0,0.0,0.0,0.0,0.0,0,0.003,66.507,3.0,66.51
2018-01-04 11:10:00,0.001,0.001,0.001,0.0,0.0,0.0,0.0,0.0,0.0,0,0.003,66.786,3.0,66.789
2018-01-04 11:11:00,0.001,0.001,0.001,0.0,0.0,0.0,0.0,0.0,0.0,0,0.003,66.7913,3.0,66.7943
2018-01-04 11:12:00,0.001,0.001,0.001,0.0,0.0,0.0,0.0,0.0,0.0,0,0.003,66.7966,3.0,66.7996
2018-01-04 11:13:00,0.001,0.001,0.001,0.0,0.0,0.0,0.0,0.0,0.0,0,0.003,66.8019,3.0,66.8049
2018-01-04 11:14:00,0.001,0.001,0.001,0.0,0.0,0.0,0.0,0.0,0.0,0,0.003,66.8072,3.0,66.8102
2018-01-04 11:15:00,0.001,0.001,0.001,0.0,0.0,0.0,0.0,0.0,0.0,0,0.003,66.8125,3.0,66.8155
2018-01-04 11:16:00,0.001,0.001,0.001,0.0,0.0,0.0,0.0,0.0,0.0,0,0.003,66.8178,3.0,66.8208
2018-01-04 11:17:00,0.001,0.001,0.001,0.0,0.0,0.0,0.0,0.0,0.0,0,0.003,66.8231,3.0,66.8261
2018-01-04 11:18:00,0.001,0.001,0.001,0.0,0.0,0.0,0.0,0.0,0.0,0,0.003,66.8284,3.0,66.8314
2018-01-04 11:19:00,0.001,0.001,0.001,0.0,0.0,0.0,0.0,0.0,0.0,0,0.003,66.8337,3.0,66.8367
2018-01-04 11:20:00,0.001,0.001,0.001,0.0,0.0,0.0,0.0,0.0,0.0,0,0.003,66.839,3.0,66.842
2018-01-04 11:21:00,0.001,0.001,0.001,0.0,0.0,0.0,0.0,0.0,0.0,0,0.003,67.0227,3.0,67.0257
2018-01-04 11:22:00,0.001,0.001,0.001,0.0,0.0,0.0,0.0,0.0,0.0,0,0.003,67.2064,3.0,67.2094
2018-01-04 11:23:00,0.001,0.001,0.001,0.0,0.0,0.0,0.0,0.0,0.0,0,0.003,67.3901,3.0,67.3931
2018-01-04 11:24:00,0.001,0.001,0.001,0.0,0.0,0.0,0.0,0.0,0.0,0,0.003,67.5738,3.0,67.5768
2018-01-04 11:25:00,0.001,0.001,0.001,0.0,0.0,0.0,0.0,0.0,0.0,0,0.003,67.7575,3.0,67.7605
2018-01-04 11:26:00,0.001,0.001,0.001,0.0,0.0,0.0,0.0,0.0,0.0,0,0.003,67.9412,3.0,67.9442
2018-01-04 11:27:00,0.001,0.001,0.001,0.0,0.0,0.0,0.0,0.0,0.0,0,0.003,68.1249,3.0,68.1279
2018-01-04 11:28:00,0.001,0.001,0.001,0.0,0.0,0.0,0.0,0.0,0.0,0,0.003,68.3086,3.0,68.3116
2018-01-04 11:29:00,0.001,0.001,0.001,0.0,0.0,0.0,0.0,0.0,0.0,0,0.003,68.4923,3.0,68.4953
2018-01-04 11:30:00,0.001,0.001,0.001,0.0,0.0,0.0,0.0,0.0,0.0,0,0.003,68.676,3.0,68.679
2018-01-04 11:31:00,0.001,0.001,0.001,0.0,0.0,0.0,0.0,0.0,0.0,0,0.003,68.4286,3.0,68.4316
2018-01-04 11:32:00,0.001,0.001,0.001,0.0,0.0,0.0,0.0,0.0,0.0,0,0.003,68.1812,3.0,68.1842
2018-01-04 11:33:00,0.001,0.001,0.001,0.0,0.0,0.0,0.0,0.0,0.0,0,0.003,67.9338,3.0,67.9368
2018-01-04 11:34:00,0.001,0.001,0.001,0.0,0.0,0.0,0.0,0.0,0.0,0,0.003,67.6864,3.0,67.6894
2018-01-04 11:35:00,0.001,0.001,0.001,0.0,0.0,0.0,0.0,0.0,0.0,0,0.003,67.439,3.0,67.442
2018-01-04 11:36:00,0.001,0.001,0.001,0.0,0.0,0.0,0.0,0.0,0.0,0,0.003,67.1916,3.0,67.1946
2018-01-04 11:37:00,0.001,0.001,0.001,0.0,0.0,0.0,0.0,0.0,0.0,0,0.003,66.9442,3.0,66.9472
2018-01-04 11:38:00,0.001,0.001,0.001,0.0,0.0,0.0,0.0,0.0,0.0,0,0.003,66.6968,3.0,66.6998
2018-01-04 11:39:00,0.001,0.001,0.001,0.0,0.0,0.0,0.0,0.0,0.0,0,0.003,66.4494,3.0,66.4524
2018-01-04 11:40:00,0.001,0.001,0.001,0.0,0.0,0.0,0.0,0.0,0.0,0,0.003,66.202,3.0,66.205
2018-01-04 11:41:00,0.001,0.001,0.001,0.0,0.0,0.0,0.0,0.0,0.0,0,0.003,66.5281,3.0,66.5311
2018-01-04 11:42:00,0.001,0.001,0.001,0.0,0.0,0.0,0.0,0.0,0.0,0,0.003,66.85419999999999,3.0,66.85719999999999
2018-01-04 11:43:00,0.001,0.001,0.001,0.0,0.0,0.0,0.0,0.0,0.0,0,0.003,67.1803,3.0,67.1833
2018-01-04 11:44:00,0.001,0.001,0.001,0.0,0.0,0.0,0.0,0.0,0.0,0,0.003,67.5064,3.0,67.5094
2018-01-04 11:45:00,0.001,0.001,0.001,0.0,0.0,0.0,0.0,0.0,0.0,0,0.003,67.8325,3.0,67.8355
2018-01-04 11:46:00,0.001,0.001,0.001,0.0,0.0,0.0,0.0,0.0,0.0,0,0.003,68.15859999999999,3.0,68.16159999999999
2018-01-04 11:47:00,0.001,0.001,0.001,0.001,0.0,0.0,0.0,0.0,0.0,0,0.004,68.48469999999999,4.0,68.4887
2018-01-04 11:48:00,0.001,0.001,0.001,0.001,0.0,0.0,0.0,0.0,0.0,0,0.004,68.8108,4.0,68.8148
2018-01-04 11:49:00,0.001,0.001,0.001,0.001,0.0,0.0,0.0,0.0,0.0,0,0.004,69.1369,4.0,69.1409
2018-01-04 11:50:00,0.001,0.001,0.001,0.001,0.0,0.0,0.0,0.0,0.0,0,0.004,69.463,4.0,69.467
2018-01-04 11:51:00,0.001,0.001,0.001,0.001,0.0,0.0,0.0,0.0,0.0,0,0.004,69.50789999999999,4.0,69.5119
2018-01-04 11:52:00,0.001,0.001,0.001,0.001,0.0,0.0,0.0,0.0,0.0,0,0.004,69.55279999999999,4.0,69.5568
2018-01-04 11:53:00,0.001,0.001,0.001,0.001,0.0,0.0,0.0,0.0,0.0,0,0.004,69.5977,4.0,69.60170000000001
2018-01-04 11:54:00,0.001,0.001,0.001,0.001,0.0,0.0,0.0,0.0,0.0,0,0.004,69.6426,4.0,69.6466
2018-01-04 11:55:00,0.001,0.001,0.001,0.001,0.0,0.0,0.0,0.0,0.0,0,0.004,69.6875,4.0,69.6915
2018-01-04 11:56:00,0.001,0.001,0.001,0.001,0.001,0.0,0.0,0.0,0.0,0,0.005,69.7324,5.0,69.7374
2018-01-04 11:57:00,0.001,0.001,0.001,0.001,0.001,0.0,0.0,0.0,0.0,0,0.005,69.7773,5.0,69.78229999999999
2018-01-04 11:58:00,0.001,0.001,0.001,0.001,0.001,0.0,0.0,0.0,0.0,0,0.005,69.82220000000001,5.0,69.8272
2018-01-04 11:59:00,0.001,0.001,0.001,0.001,0.001,0.0,0.0,0.0,0.0,0,0.005,69.86710000000001,5.0,69.8721
2018-01-04 12:00:00,0.001,0.001,0.001,0.001,0.001,0.0,0.0,0.0,0.0,0,0.005,69.912,5.0,69.917
2018-01-04 12:01:00,0.001,0.001,0.001,0.001,0.001,0.0,0.0,0.0,0.0,0,0.005,70.0665,5.0,70.0715
2018-01-04 12:02:00,0.001,0.001,0.001,0.001,0.001,0.0,0.0,0.0,0.0,0,0.005,70.221,5.0,70.226
2018-01-04 12:03:00,0.0,0.001,0.001,0.001,0.001,0.0,0.0,0.0,0.0,0,0.004,70.3755,4.0,70.37950000000001
2018-01-04 12:04:00,0.0,0.0,0.0,0.001,0.001,0.0,0.0,0.0,0.0,0,0.002,70.53,2.0,70.532
2018-01-04 12:05:00,0.0,0.0,0.0,0.001,0.001,0.0,0.0,0.0,0.0,0,0.002,70.6845,2.0,70.6865
2018-01-04 12:06:00,0.0,0.0,0.0,0.001,0.001,0.0,0.0,0.0,0.0,0,0.002,70.839,2.0,70.841
2018-01-04 12:07:00,0.0,0.0,0.0,0.001,0.001,0.0,0.0,0.0,0.0,0,0.002,70.9935,2.0,70.99549999999999
2018-01-04 12:08:00,0.0,0.0,0.0,0.001,0.001,0.0,0.0,0.0,0.0,0,0.002,71.148,2.0,71.14999999999999
2018-01-04 12:09:00,0.0,0.0,0.0,0.001,0.001,0.0,0.0,0.0,0.0,0,0.002,71.3025,2.0,71.30449999999999
2018-01-04 12:10:00,0.0,0.0,0.0,0.001,0.001,0.0,0.0,0.0,0.0,0,0.002,71.457,2.0,71.45899999999999
2018-01-04 12:11:00,0.0,0.0,0.0,0.001,0.001,0.0,0.0,0.0,0.0,0,0.002,71.21369999999999,2.0,71.21569999999998
2018-01-04 12:12:00,0.0,0.0,0.0,0.001,0.001,0.0,0.0,0.0,0.0,0,0.002,70.9704,2.0,70.9724
2018-01-04 12:13:00,0.0,0.0,0.0,0.001,0.001,0.0,0.0,0.0,0.0,0,0.002,70.7271,2.0,70.72909999999999
2018-01-04 12:14:00,0.001,0.001,0.0,0.001,0.001,0.0,0.0,0.0,0.0,0,0.004,70.4838,4.0,70.48780000000001
2018-01-04 12:15:00,0.001,0.001,0.0,0.001,0.001,0.0,0.0,0.0,0.0,0,0.004,70.2405,4.0,70.2445
2018-01-04 12:16:00,0.001,0.001,0.0,0.001,0.001,0.0,0.0,0.0,0.0,0,0.004,69.99719999999999,4.0,70.0012
2018-01-04 12:17:00,0.001,0.001,0.0,0.001,0.001,0.0,0.0,0.0,0.0,0,0.004,69.7539,4.0,69.7579
2018-01-04 12:18:00,0.001,0.001,0.0,0.001,0.001,0.0,0.0,0.0,0.0,0,0.004,69.5106,4.0,69.5146
2018-01-04 12:19:00,0.001,0.001,0.0,0.001,0.001,0.0,0.0,0.0,0.0,0,0.004,69.2673,4.0,69.27130000000001
2018-01-04 12:20:00,0.001,0.001,0.0,0.001,0.001,0.0,0.0,0.0,0.0,0,0.004,69.024,4.0,69.028
2018-01-04 12:21:00,0.001,0.001,0.001,0.001,0.001,0.0,0.0,0.0,0.0,0,0.005,69.0913,5.0,69.0963
2018-01-04 12:22:00,0.001,0.001,0.001,0.001,0.001,0.0,0.0,0.0,0.0,0,0.005,69.1586,5.0,69.1636
2018-01-04 12:23:00,0.001,0.001,0.001,0.001,0.001,0.0,0.0,0.0,0.0,0,0.005,69.2259,5.0,69.23089999999999
2018-01-04 12:24:00,0.001,0.001,0.001,0.001,0.001,0.0,0.0,0.0,0.0,0,0.005,69.2932,5.0,69.2982
2018-01-04 12:25:00,0.001,0.001,0.001,0.001,0.001,0.0,0.0,0.0,0.0,0,0.005,69.3605,5.0,69.3655
2018-01-04 12:26:00,0.001,0.001,0.001,0.001,0.001,0.0,0.0,0.0,0.0,0,0.005,69.4278,5.0,69.4328
2018-01-04 12:27:00,0.001,0.001,0.001,0.001,0.001,0.0,0.0,0.0,0.0,0,0.005,69.49510000000001,5.0,69.5001
2018-01-04 12:28:00,0.001,0.001,0.001,0.001,0.001,0.0,0.0,0.0,0.0,0,0.005,69.5624,5.0,69.56739999999999
2018-01-04 12:29:00,0.001,0.001,0.001,0.001,0.001,0.0,0.0,0.0,0.0,0,0.005,69.6297,5.0,69.6347
2018-01-04 12:30:00,0.001,0.001,0.001,0.001,0.001,0.0,0.0,0.0,0.0,0,0.005,69.697,5.0,69.702
2018-01-04 12:31:00,0.001,0.001,0.001,0.001,0.001,0.0,0.0,0.0,0.0,0,0.005,69.4616,5.0,69.4666
2018-01-04 12:32:00,0.001,0.001,0.001,0.001,0.001,0.0,0.0,0.0,0.0,0,0.005,69.2262,5.0,69.2312
2018-01-04 12:33:00,0.001,0.001,0.001,0.001,0.001,0.0,0.0,0.0,0.0,0,0.005,68.99080000000001,5.0,68.9958
2018-01-04 12:34:00,0.001,0.001,0.001,0.001,0.001,0.0,0.0,0.0,0.0,0,0.005,68.75540000000001,5.0,68.7604
2018-01-04 12:35:00,0.001,0.001,0.001,0.001,0.001,0.0,0.0,0.0,0.0,0,0.005,68.52000000000001,5.0,68.525
2018-01-04 12:36:00,0.001,0.001,0.001,0.001,0.001,0.0,0.0,0.0,0.0,0,0.005,68.2846,5.0,68.2896
2018-01-04 12:37:00,0.001,0.001,0.001,0.001,0.001,0.0,0.0,0.0,0.0,0,0.005,68.0492,5.0,68.0542
2018-01-04 12:38:00,0.001,0.001,0.001,0.001,0.001,0.0,0.0,0.0,0.0,0,0.005,67.8138,5.0,67.8188
2018-01-04 12:39:00,0.001,0.001,0.001,0.001,0.001,0.0,0.0,0.0,0.0,0,0.005,67.5784,5.0,67.5834
2018-01-04 12:40:00,0.001,0.001,0.001,0.001,0.001,0.0,0.0,0.0,0.0,0,0.005,67.343,5.0,67.348
2018-01-04 12:41:00,0.001,0.001,0.001,0.001,0.001,0.0,0.0,0.0,0.0,0,0.005,67.2843,5.0,67.2893
2018-01-04 12:42:00,0.001,0.001,0.001,0.001,0.001,0.0,0.0,0.0,0.0,0,0.005,67.2256,5.0,67.2306
2018-01-04 12:43:00,0.001,0.001,0.001,0.001,0.001,0.0,0.0,0.0,0.0,0,0.005,67.1669,5.0,67.1719
2018-01-04 12:44:00,0.001,0.001,0.001,0.001,0.001,0.0,0.0,0.0,0.0,0,0.005,67.1082,5.0,67.11319999999999
2018-01-04 12:45:00,0.001,0.001,0.001,0.001,0.001,0.0,0.0,0.0,0.0,0,0.005,67.0495,5.0,67.05449999999999
2018-01-04 12:46:00,0.001,0.001,0.001,0.001,0.001,0.0,0.0,0.0,0.0,0,0.005,66.99080000000001,5.0,66.9958
2018-01-04 12:47:00,0.001,0.001,0.001,0.001,0.001,0.0,0.0,0.0,0.0,0,0.005,66.9321,5.0,66.9371
2018-01-04 12:48:00,0.001,0.001,0.001,0.0,0.001,0.0,0.0,0.0,0.0,0,0.004,66.8734,4.0,66.87740000000001
2018-01-04 12:49:00,0.001,0.001,0.001,0.0,0.001,0.0,0.0,0.0,0.0,0,0.004,66.8147,4.0,66.8187
2018-01-04 12:50:00,0.001,0.001,0.001,0.0,0.001,0.0,0.0,0.0,0.0,0,0.004,66.756,4.0,66.76
2018-01-04 12:51:00,0.001,0.001,0.001,0.0,0.001,0.0,0.0,0.0,0.0,0,0.004,66.7449,4.0,66.7489
2018-01-04 12:52:00,0.001,0.001,0.001,0.0,0.001,0.0,0.0,0.0,0.0,0,0.004,66.7338,4.0,66.73780000000001
2018-01-04 12:53:00,0.001,0.001,0.001,0.001,0.001,0.0,0.0,0.0,0.0,0,0.005,66.7227,5.0,66.7277
2018-01-04 12:54:00,0.001,0.001,0.001,0.001,0.001,0.0,0.0,0.0,0.0,0,0.005,66.7116,5.0,66.7166
2018-01-04 12:55:00,0.001,0.001,0.001,0.001,0.001,0.0,0.0,0.0,0.0,0,0.005,66.7005,5.0,66.7055
2018-01-04 12:56:00,0.001,0.001,0.001,0.001,0.001,0.0,0.0,0.0,0.0,0,0.005,66.68939999999999,5.0,66.69439999999999
2018-01-04 12:57:00,0.001,0.001,0.001,0.001,0.0,0.0,0.0,0.0,0.0,0,0.004,66.6783,4.0,66.6823
2018-01-04 12:58:00,0.001,0.001,0.001,0.001,0.001,0.0,0.0,0.0,0.0,0,0.005,66.6672,5.0,66.67219999999999
2018-01-04 12:59:00,0.001,0.001,0.001,0.001,0.001,0.0,0.0,0.0,0.0,0,0.005,66.6561,5.0,66.66109999999999
2018-01-04 13:00:00,0.001,0.001,0.001,0.001,0.001,0.0,0.0,0.0,0.0,0,0.005,66.645,5.0,66.64999999999999
2018-01-04 13:01:00,0.001,0.001,0.001,0.001,0.001,0.0,0.0,0.0,0.0,0,0.005,66.9704,5.0,66.9754
2018-01-04 13:02:00,0.001,0.001,0.001,0.001,0.001,0.0,0.0,0.0,0.0,0,0.005,67.2958,5.0,67.3008
2018-01-04 13:03:00,0.001,0.001,0.001,0.001,0.001,0.001,0.0,0.0,0.0,0,0.006,67.6212,6.0,67.6272
2018-01-04 13:04:00,0.001,0.001,0.001,0.001,0.001,0.001,0.0,0.0,0.0,0,0.006,67.9466,6.0,67.9526
2018-01-04 13:05:00,0.001,0.001,0.001,0.001,0.001,0.001,0.0,0.0,0.0,0,0.006,68.27199999999999,6.0,68.27799999999999
2018-01-04 13:06:00,0.001,0.001,0.001,0.001,0.001,0.001,0.0,0.0,0.0,0,0.006,68.5974,6.0,68.6034
2018-01-04 13:07:00,0.001,0.001,0.001,0.001,0.001,0.001,0.0,0.0,0.0,0,0.006,68.9228,6.0,68.9288
2018-01-04 13:08:00,0.001,0.001,0.001,0.001,0.001,0.001,0.0,0.0,0.0,0,0.006,69.2482,6.0,69.2542
2018-01-04 13:09:00,0.001,0.001,0.001,0.001,0.001,0.001,0.0,0.0,0.0,0,0.006,69.5736,6.0,69.5796
2018-01-04 13:10:00,0.001,0.001,0.001,0.001,0.001,0.001,0.0,0.0,0.0,0,0.006,69.899,6.0,69.905
2018-01-04 13:11:00,0.001,0.001,0.001,0.001,0.001,0.001,0.0,0.0,0.0,0,0.006,69.7877,6.0,69.7937
2018-01-04 13:12:00,0.001,0.001,0.001,0.001,0.001,0.001,0.0,0.0,0.0,0,0.006,69.6764,6.0,69.6824
2018-01-04 13:13:00,0.001,0.001,0.001,0.001,0.001,0.001,0.0,0.0,0.0,0,0.006,69.5651,6.0,69.5711
2018-01-04 13:14:00,0.001,0.001,0.001,0.001,0.001,0.001,0.0,0.0,0.0,0,0.006,69.4538,6.0,69.4598
2018-01-04 13:15:00,0.0,0.0,0.001,0.001,0.001,0.001,0.0,0.0,0.0,0,0.004,69.3425,4.0,69.3465
2018-01-04 13:16:00,0.0,0.0,0.001,0.001,0.001,0.001,0.0,0.0,0.0,0,0.004,69.2312,4.0,69.2352
2018-01-04 13:17:00,0.0,0.0,0.001,0.001,0.001,0.001,0.0,0.0,0.0,0,0.004,69.1199,4.0,69.1239
2018-01-04 13:18:00,0.0,0.0,0.001,0.001,0.001,0.001,0.0,0.0,0.0,0,0.004,69.0086,4.0,69.0126
2018-01-04 13:19:00,0.0,0.0,0.001,0.001,0.001,0.001,0.0,0.0,0.0,0,0.004,68.8973,4.0,68.9013
2018-01-04 13:20:00,0.0,0.0,0.001,0.001,0.001,0.001,0.0,0.0,0.0,0,0.004,68.786,4.0,68.79
2018-01-04 13:21:00,0.0,0.0,0.001,0.001,0.001,0.001,0.0,0.0,0.0,0,0.004,68.6061,4.0,68.6101
2018-01-04 13:22:00,0.001,0.0,0.0,0.001,0.001,0.001,0.0,0.0,0.0,0,0.004,68.4262,4.0,68.4302
2018-01-04 13:23:00,0.001,0.0,0.0,0.001,0.001,0.001,0.0,0.0,0.0,0,0.004,68.2463,4.0,68.25030000000001
2018-01-04 13:24:00,0.001,0.0,0.0,0.001,0.001,0.001,0.0,0.0,0.0,0,0.004,68.0664,4.0,68.0704
2018-01-04 13:25:00,0.001,0.0,0.0,0.001,0.001,0.001,0.0,0.0,0.0,0,0.004,67.8865,4.0,67.8905
2018-01-04 13:26:00,0.001,0.0,0.0,0.001,0.001,0.001,0.0,0.0,0.0,0,0.004,67.7066,4.0,67.7106
2018-01-04 13:27:00,0.001,0.0,0.0,0.001,0.001,0.001,0.0,0.0,0.0,0,0.004,67.52669999999999,4.0,67.5307
2018-01-04 13:28:00,0.001,0.0,0.0,0.001,0.001,0.001,0.0,0.0,0.0,0,0.004,67.3468,4.0,67.3508
2018-01-04 13:29:00,0.001,0.001,0.0,0.001,0.001,0.001,0.0,0.0,0.0,0,0.005,67.1669,5.0,67.1719
2018-01-04 13:30:00,0.001,0.001,0.0,0.001,0.001,0.001,0.0,0.0,0.0,0,0.005,66.987,5.0,66.99199999999999
2018-01-04 13:31:00,0.001,0.001,0.0,0.001,0.001,0.001,0.0,0.0,0.0,0,0.005,67.04939999999999,5.0,67.05439999999999
2018-01-04 13:32:00,0.001,0.001,0.0,0.001,0.001,0.001,0.0,0.0,0.0,0,0.005,67.1118,5.0,67.1168
2018-01-04 13:33:00,0.001,0.001,0.0,0.001,0.001,0.001,0.0,0.0,0.0,0,0.005,67.1742,5.0,67.1792
2018-01-04 13:34:00,0.001,0.001,0.0,0.001,0.001,0.001,0.0,0.0,0.0,0,0.005,67.2366,5.0,67.24159999999999
2018-01-04 13:35:00,0.001,0.001,0.0,0.001,0.001,0.001,0.0,0.0,0.0,0,0.005,67.299,5.0,67.304
2018-01-04 13:36:00,0.001,0.001,0.0,0.001,0.001,0.001,0.0,0.0,0.0,0,0.005,67.3614,5.0,67.3664
2018-01-04 13:37:00,0.001,0.001,0.0,0.001,0.001,0.001,0.0,0.0,0.0,0,0.005,67.4238,5.0,67.4288
2018-01-04 13:38:00,0.001,0.001,0.0,0.001,0.001,0.001,0.0,0.0,0.0,0,0.005,67.4862,5.0,67.49119999999999
2018-01-04 13:39:00,0.001,0.001,0.0,0.001,0.001,0.001,0.0,0.0,0.0,0,0.005,67.54860000000001,5.0,67.5536
2018-01-04 13:40:00,0.001,0.001,0.0,0.001,0.001,0.001,0.0,0.0,0.0,0,0.005,67.611,5.0,67.616
2018-01-04 13:41:00,0.001,0.001,0.0,0.001,0.001,0.001,0.0,0.0,0.0,0,0.005,67.2603,5.0,67.2653
2018-01-04 13:42:00,0.001,0.001,0.0,0.001,0.001,0.001,0.0,0.0,0.0,0,0.005,66.9096,5.0,66.9146
2018-01-04 13:43:00,0.001,0.001,0.0,0.001,0.001,0.001,0.0,0.0,0.0,0,0.005,66.55890000000001,5.0,66.5639
2018-01-04 13:44:00,0.001,0.001,0.0,0.001,0.001,0.001,0.0,0.0,0.0,0,0.005,66.2082,5.0,66.2132
2018-01-04 13:45:00,0.001,0.001,0.0,0.001,0.001,0.001,0.0,0.0,0.0,0,0.005,65.8575,5.0,65.8625
2018-01-04 13:46:00,0.001,0.001,0.0,0.001,0.001,0.001,0.0,0.0,0.0,0,0.005,65.5068,5.0,65.5118
2018-01-04 13:47:00,0.001,0.001,0.0,0.001,0.001,0.001,0.0,0.0,0.0,0,0.005,65.1561,5.0,65.16109999999999
2018-01-04 13:48:00,0.001,0.001,0.0,0.001,0.001,0.001,0.0,0.0,0.0,0,0.005,64.8054,5.0,64.8104
2018-01-04 13:49:00,0.001,0.001,0.0,0.001,0.001,0.001,0.0,0.0,0.0,0,0.005,64.4547,5.0,64.4597
2018-01-04 13:50:00,0.001,0.001,0.0,0.001,0.001,0.001,0.0,0.0,0.0,0,0.005,64.104,5.0,64.109
2018-01-04 13:51:00,0.001,0.001,0.001,0.001,0.001,0.001,0.0,0.0,0.0,0,0.006,64.1733,6.0,64.1793
2018-01-04 13:52:00,0.001,0.001,0.001,0.001,0.001,0.001,0.0,0.0,0.0,0,0.006,64.2426,6.0,64.2486
2018-01-04 13:53:00,0.001,0.001,0.001,0.001,0.001,0.001,0.0,0.0,0.0,0,0.006,64.3119,6.0,64.3179
2018-01-04 13:54:00,0.001,0.001,0.001,0.0,0.001,0.001,0.0,0.0,0.0,0,0.005,64.38119999999999,5.0,64.38619999999999
2018-01-04 13:55:00,0.001,0.001,0.001,0.0,0.001,0.001,0.0,0.0,0.0,0,0.005,64.4505,5.0,64.4555
2018-01-04 13:56:00,0.001,0.001,0.001,0.0,0.001,0.001,0.0,0.0,0.0,0,0.005,64.5198,5.0,64.5248
2018-01-04 13:57:00,0.001,0.001,0.001,0.0,0.001,0.001,0.0,0.0,0.0,0,0.005,64.5891,5.0,64.5941
2018-01-04 13:58:00,0.001,0.001,0.001,0.0,0.001,0.001,0.0,0.0,0.0,0,0.005,64.6584,5.0,64.6634
2018-01-04 13:59:00,0.001,0.001,0.001,0.0,0.0,0.001,0.0,0.0,0.0,0,0.004,64.7277,4.0,64.7317
2018-01-04 14:00:00,0.001,0.001,0.001,0.0,0.0,0.001,0.0,0.0,0.0,0,0.004,64.797,4.0,64.801
2018-01-04 14:01:00,0.001,0.001,0.001,0.0,0.0,0.001,0.0,0.0,0.0,0,0.004,64.61829999999999,4.0,64.6223
2018-01-04 14:02:00,0.001,0.001,0.001,0.0,0.0,0.001,0.0,0.0,0.0,0,0.004,64.4396,4.0,64.4436
2018-01-04 14:03:00,0.001,0.001,0.001,0.0,0.0,0.001,0.0,0.0,0.0,0,0.004,64.26089999999999,4.0,64.2649
2018-01-04 14:04:00,0.001,0.001,0.001,0.0,0.0,0.0,0.0,0.0,0.0,0,0.003,64.0822,3.0,64.0852
2018-01-04 14:05:00,0.001,0.001,0.001,0.0,0.0,0.0,0.0,0.0,0.0,0,0.003,63.903499999999994,3.0,63.906499999999994
2018-01-04 14:06:00,0.001,0.001,0.001,0.0,0.0,0.0,0.0,0.0,0.0,0,0.003,63.724799999999995,3.0,63.727799999999995
2018-01-04 14:07:00,0.001,0.001,0.001,0.0,0.0,0.0,0.0,0.0,0.0,0,0.003,63.546099999999996,3.0,63.549099999999996
2018-01-04 14:08:00,0.001,0.001,0.001,0.0,0.0,0.0,0.0,0.0,0.0,0,0.003,63.367399999999996,3.0,63.3704
2018-01-04 14:09:00,0.001,0.001,0.001,0.0,0.0,0.0,0.0,0.0,0.0,0,0.003,63.1887,3.0,63.1917
2018-01-04 14:10:00,0.001,0.001,0.001,0.0,0.0,0.0,0.0,0.0,0.0,0,0.003,63.01,3.0,63.013
2018-01-04 14:11:00,0.001,0.001,0.001,0.0,0.0,0.0,0.0,0.0,0.0,0,0.003,63.287499999999994,3.0,63.290499999999994
2018-01-04 14:12:00,0.001,0.001,0.001,0.0,0.0,0.0,0.0,0.0,0.0,0,0.003,63.565,3.0,63.568
2018-01-04 14:13:00,0.001,0.001,0.001,0.001,0.0,0.0,0.0,0.0,0.0,0,0.004,63.8425,4.0,63.8465
2018-01-04 14:14:00,0.001,0.001,0.001,0.001,0.0,0.0,0.0,0.0,0.0,0,0.004,64.12,4.0,64.12400000000001
2018-01-04 14:15:00,0.001,0.001,0.001,0.001,0.0,0.0,0.0,0.0,0.0,0,0.004,64.3975,4.0,64.4015
2018-01-04 14:16:00,0.001,0.001,0.001,0.001,0.0,0.0,0.0,0.0,0.0,0,0.004,64.675,4.0,64.679
2018-01-04 14:17:00,0.001,0.001,0.001,0.001,0.0,0.0,0.0,0.0,0.0,0,0.004,64.9525,4.0,64.9565
2018-01-04 14:18:00,0.001,0.001,0.001,0.001,0.0,0.0,0.0,0.0,0.0,0,0.004,65.22999999999999,4.0,65.234
2018-01-04 14:19:00,0.001,0.001,0.001,0.001,0.0,0.0,0.0,0.0,0.0,0,0.004,65.5075,4.0,65.5115
2018-01-04 14:20:00,0.001,0.001,0.001,0.001,0.001,0.0,0.0,0.0,0.0,0,0.005,65.785,5.0,65.78999999999999
2018-01-04 14:21:00,0.001,0.001,0.001,0.001,0.001,0.0,0.0,0.0,0.0,0,0.005,65.5343,5.0,65.5393
2018-01-04 14:22:00,0.001,0.001,0.001,0.001,0.001,0.0,0.0,0.0,0.0,0,0.005,65.28359999999999,5.0,65.28859999999999
2018-01-04 14:23:00,0.0,0.001,0.001,0.001,0.001,0.0,0.0,0.0,0.0,0,0.004,65.0329,4.0,65.0369
2018-01-04 14:24:00,0.0,0.001,0.001,0.001,0.001,0.0,0.0,0.0,0.0,0,0.004,64.7822,4.0,64.78620000000001
2018-01-04 14:25:00,0.0,0.001,0.001,0.001,0.001,0.0,0.0,0.0,0.0,0,0.004,64.5315,4.0,64.5355
2018-01-04 14:26:00,0.0,0.001,0.001,0.001,0.001,0.0,0.0,0.0,0.0,0,0.004,64.2808,4.0,64.2848
2018-01-04 14:27:00,0.0,0.001,0.001,0.001,0.001,0.0,0.0,0.0,0.0,0,0.004,64.0301,4.0,64.03410000000001
2018-01-04 14:28:00,0.0,0.001,0.001,0.001,0.001,0.0,0.0,0.0,0.0,0,0.004,63.779399999999995,4.0,63.78339999999999
2018-01-04 14:29:00,0.0,0.001,0.001,0.001,0.001,0.0,0.0,0.0,0.0,0,0.004,63.5287,4.0,63.5327
2018-01-04 14:30:00,0.0,0.0,0.001,0.001,0.001,0.0,0.0,0.0,0.0,0,0.003,63.278,3.0,63.281
2018-01-04 14:31:00,0.0,0.0,0.001,0.001,0.001,0.0,0.0,0.0,0.0,0,0.003,63.4636,3.0,63.4666
2018-01-04 14:32:00,0.0,0.0,0.001,0.001,0.001,0.0,0.0,0.0,0.0,0,0.003,63.6492,3.0,63.6522
2018-01-04 14:33:00,0.0,0.0,0.001,0.001,0.001,0.0,0.0,0.0,0.0,0,0.003,63.8348,3.0,63.8378
2018-01-04 14:34:00,0.0,0.0,0.001,0.001,0.001,0.0,0.0,0.0,0.0,0,0.003,64.0204,3.0,64.0234
2018-01-04 14:35:00,0.0,0.0,0.001,0.001,0.001,0.0,0.0,0.0,0.0,0,0.003,64.206,3.0,64.209
2018-01-04 14:36:00,0.0,0.0,0.001,0.001,0.001,0.0,0.0,0.0,0.0,0,0.003,64.3916,3.0,64.3946
2018-01-04 14:37:00,0.0,0.0,0.001,0.001,0.001,0.0,0.0,0.0,0.0,0,0.003,64.5772,3.0,64.5802
2018-01-04 14:38:00,0.0,0.0,0.001,0.001,0.001,0.0,0.0,0.0,0.0,0,0.003,64.7628,3.0,64.7658
2018-01-04 14:39:00,0.0,0.0,0.001,0.001,0.001,0.0,0.0,0.0,0.0,0,0.003,64.9484,3.0,64.9514
2018-01-04 14:40:00,0.0,0.0,0.001,0.001,0.001,0.0,0.0,0.0,0.0,0,0.003,65.134,3.0,65.137
2018-01-04 14:41:00,0.0,0.0,0.001,0.001,0.001,0.0,0.0,0.0,0.0,0,0.003,65.2615,3.0,65.2645
2018-01-04 14:42:00,0.0,0.0,0.001,0.001,0.001,0.0,0.0,0.0,0.0,0,0.003,65.389,3.0,65.392
2018-01-04 14:43:00,0.0,0.0,0.001,0.001,0.001,0.0,0.0,0.0,0.0,0,0.003,65.51650000000001,3.0,65.51950000000001
2018-01-04 14:44:00,0.0,0.0,0.001,0.001,0.001,0.0,0.0,0.0,0.0,0,0.003,65.644,3.0,65.647
2018-01-04 14:45:00,0.0,0.0,0.001,0.001,0.001,0.0,0.0,0.0,0.0,0,0.003,65.7715,3.0,65.7745
2018-01-04 14:46:00,0.0,0.0,0.001,0.001,0.001,0.0,0.0,0.0,0.0,0,0.003,65.899,3.0,65.902
2018-01-04 14:47:00,0.0,0.0,0.001,0.001,0.001,0.0,0.0,0.0,0.0,0,0.003,66.0265,3.0,66.0295
2018-01-04 14:48:00,0.001,0.0,0.001,0.001,0.001,0.0,0.0,0.0,0.0,0,0.004,66.15400000000001,4.0,66.15800000000002
2018-01-04 14:49:00,0.001,0.0,0.001,0.001,0.001,0.0,0.0,0.0,0.0,0,0.004,66.28150000000001,4.0,66.28550000000001
2018-01-04 14:50:00,0.001,0.0,0.001,0.001,0.001,0.0,0.0,0.0,0.0,0,0.004,66.409,4.0,66.41300000000001
2018-01-04 14:51:00,0.001,0.0,0.001,0.001,0.001,0.0,0.0,0.0,0.0,0,0.004,66.5086,4.0,66.5126
2018-01-04 14:52:00,0.001,0.0,0.0,0.001,0.001,0.0,0.0,0.0,0.0,0,0.003,66.60820000000001,3.0,66.61120000000001
2018-01-04 14:53:00,0.001,0.0,0.0,0.001,0.001,0.0,0.0,0.0,0.0,0,0.003,66.7078,3.0,66.7108
2018-01-04 14:54:00,0.001,0.0,0.0,0.001,0.001,0.0,0.0,0.0,0.0,0,0.003,66.8074,3.0,66.8104
2018-01-04 14:55:00,0.001,0.0,0.0,0.001,0.001,0.0,0.0,0.0,0.0,0,0.003,66.90700000000001,3.0,66.91000000000001
2018-01-04 14:56:00,0.001,0.0,0.0,0.001,0.001,0.0,0.0,0.0,0.0,0,0.003,67.0066,3.0,67.0096
2018-01-04 14:57:00,0.001,0.0,0.0,0.001,0.001,0.0,0.0,0.0,0.0,0,0.003,67.1062,3.0,67.1092
2018-01-04 14:58:00,0.001,0.0,0.0,0.001,0.001,0.0,0.0,0.0,0.0,0,0.003,67.2058,3.0,67.2088
2018-01-04 14:59:00,0.001,0.0,0.0,0.001,0.001,0.0,0.0,0.0,0.0,0,0.003,67.3054,3.0,67.3084
2018-01-04 15:00:00,0.001,0.0,0.0,0.001,0.001,0.0,0.0,0.0,0.0,0,0.003,67.405,3.0,67.408
2018-01-04 15:01:00,0.001,0.001,0.001,0.001,0.001,0.0,0.0,0.0,0.0,0,0.005,67.1409,5.0,67.1459
2018-01-04 15:02:00,0.001,0.001,0.001,0.001,0.001,0.0,0.0,0.0,0.0,0,0.005,66.8768,5.0,66.8818
2018-01-04 15:03:00,0.001,0.001,0.001,0.001,0.001,0.0,0.0,0.0,0.0,0,0.005,66.6127,5.0,66.6177
2018-01-04 15:04:00,0.001,0.001,0.001,0.001,0.001,0.0,0.0,0.0,0.0,0,0.005,66.3486,5.0,66.3536
2018-01-04 15:05:00,0.001,0.001,0.001,0.001,0.001,0.0,0.0,0.0,0.0,0,0.005,66.08449999999999,5.0,66.08949999999999
2018-01-04 15:06:00,0.001,0.001,0.001,0.001,0.001,0.0,0.0,0.0,0.0,0,0.005,65.82039999999999,5.0,65.82539999999999
2018-01-04 15:07:00,0.001,0.001,0.001,0.001,0.001,0.0,0.0,0.0,0.0,0,0.005,65.5563,5.0,65.56129999999999
2018-01-04 15:08:00,0.001,0.001,0.001,0.001,0.001,0.0,0.0,0.0,0.0,0,0.005,65.2922,5.0,65.29719999999999
2018-01-04 15:09:00,0.001,0.001,0.001,0.001,0.001,0.0,0.0,0.0,0.0,0,0.005,65.0281,5.0,65.03309999999999
2018-01-04 15:10:00,0.001,0.001,0.001,0.001,0.001,0.0,0.0,0.0,0.0,0,0.005,64.764,5.0,64.76899999999999
2018-01-04 15:11:00,0.001,0.001,0.001,0.001,0.001,0.0,0.0,0.0,0.0,0,0.005,64.8051,5.0,64.81009999999999
2018-01-04 15:12:00,0.001,0.001,0.001,0.001,0.001,0.0,0.0,0.0,0.0,0,0.005,64.8462,5.0,64.85119999999999
2018-01-04 15:13:00,0.001,0.001,0.001,0.001,0.001,0.0,0.0,0.0,0.0,0,0.005,64.8873,5.0,64.89229999999999
2018-01-04 15:14:00,0.001,0.001,0.001,0.0,0.001,0.0,0.0,0.0,0.0,0,0.004,64.9284,4.0,64.9324
2018-01-04 15:15:00,0.001,0.001,0.001,0.0,0.001,0.0,0.0,0.0,0.0,0,0.004,64.9695,4.0,64.9735
2018-01-04 15:16:00,0.001,0.001,0.001,0.0,0.001,0.0,0.0,0.0,0.0,0,0.004,65.0106,4.0,65.0146
2018-01-04 15:17:00,0.001,0.001,0.001,0.0,0.001,0.0,0.0,0.0,0.0,0,0.004,65.0517,4.0,65.0557
2018-01-04 15:18:00,0.001,0.001,0.001,0.0,0.001,0.0,0.0,0.0,0.0,0,0.004,65.0928,4.0,65.0968
2018-01-04 15:19:00,0.001,0.001,0.001,0.0,0.001,0.0,0.0,0.0,0.0,0,0.004,65.1339,4.0,65.1379
2018-01-04 15:20:00,0.001,0.001,0.001,0.0,0.001,0.0,0.0,0.0,0.0,0,0.004,65.175,4.0,65.179
2018-01-04 15:21:00,0.001,0.001,0.001,0.0,0.0,0.0,0.0,0.0,0.0,0,0.003,64.9953,3.0,64.9983
2018-01-04 15:22:00,0.001,0.001,0.001,0.0,0.0,0.0,0.0,0.0,0.0,0,0.003,64.8156,3.0,64.8186
2018-01-04 15:23:00,0.001,0.001,0.001,0.0,0.0,0.0,0.0,0.0,0.0,0,0.003,64.63589999999999,3.0,64.63889999999999
2018-01-04 15:24:00,0.001,0.001,0.001,0.0,0.0,0.0,0.0,0.0,0.0,0,0.003,64.4562,3.0,64.4592
2018-01-04 15:25:00,0.001,0.001,0.001,0.0,0.0,0.0,0.0,0.0,0.0,0,0.003,64.2765,3.0,64.2795
2018-01-04 15:26:00,0.001,0.001,0.001,0.0,0.0,0.0,0.0,0.0,0.0,0,0.003,64.0968,3.0,64.0998
2018-01-04 15:27:00,0.001,0.001,0.001,0.0,0.0,0.0,0.0,0.0,0.0,0,0.003,63.9171,3.0,63.9201
2018-01-04 15:28:00,0.001,0.001,0.001,0.0,0.0,0.0,0.0,0.0,0.0,0,0.003,63.7374,3.0,63.7404
2018-01-04 15:29:00,0.001,0.001,0.001,0.0,0.0,0.0,0.0,0.0,0.0,0,0.003,63.5577,3.0,63.5607
2018-01-04 15:30:00,0.001,0.001,0.001,0.0,0.0,0.0,0.0,0.0,0.0,0,0.003,63.378,3.0,63.381
2018-01-04 15:31:00,0.001,0.001,0.001,0.0,0.0,0.0,0.0,0.0,0.0,0,0.003,63.5229,3.0,63.5259
2018-01-04 15:32:00,0.001,0.001,0.001,0.0,0.0,0.0,0.0,0.0,0.0,0,0.003,63.6678,3.0,63.6708
2018-01-04 15:33:00,0.001,0.001,0.001,0.0,0.0,0.0,0.0,0.0,0.0,0,0.003,63.8127,3.0,63.8157
2018-01-04 15:34:00,0.001,0.001,0.001,0.0,0.0,0.0,0.0,0.0,0.0,0,0.003,63.9576,3.0,63.9606
2018-01-04 15:35:00,0.001,0.001,0.001,0.0,0.0,0.0,0.0,0.0,0.0,0,0.003,64.10249999999999,3.0,64.10549999999999
2018-01-04 15:36:00,0.001,0.001,0.001,0.0,0.0,0.0,0.0,0.0,0.0,0,0.003,64.2474,3.0,64.2504
2018-01-04 15:37:00,0.001,0.001,0.001,0.001,0.0,0.0,0.0,0.0,0.0,0,0.004,64.3923,4.0,64.39630000000001
2018-01-04 15:38:00,0.001,0.001,0.001,0.001,0.0,0.0,0.0,0.0,0.0,0,0.004,64.5372,4.0,64.5412
2018-01-04 15:39:00,0.001,0.001,0.001,0.001,0.0,0.0,0.0,0.0,0.0,0,0.004,64.68209999999999,4.0,64.6861
2018-01-04 15:40:00,0.001,0.001,0.001,0.001,0.0,0.0,0.0,0.0,0.0,0,0.004,64.827,4.0,64.831
2018-01-04 15:41:00,0.001,0.001,0.001,0.001,0.0,0.0,0.0,0.0,0.0,0,0.004,64.7058,4.0,64.7098
2018-01-04 15:42:00,0.001,0.001,0.001,0.001,0.0,0.0,0.0,0.0,0.0,0,0.004,64.5846,4.0,64.5886
2018-01-04 15:43:00,0.001,0.001,0.001,0.001,0.0,0.0,0.0,0.0,0.0,0,0.004,64.4634,4.0,64.4674
2018-01-04 15:44:00,0.001,0.001,0.001,0.001,0.0,0.0,0.0,0.0,0.0,0,0.004,64.3422,4.0,64.34620000000001
2018-01-04 15:45:00,0.001,0.001,0.001,0.001,0.0,0.0,0.0,0.0,0.0,0,0.004,64.221,4.0,64.22500000000001
2018-01-04 15:46:00,0.001,0.001,0.001,0.001,0.0,0.0,0.0,0.0,0.0,0,0.004,64.0998,4.0,64.1038
2018-01-04 15:47:00,0.001,0.001,0.001,0.001,0.0,0.0,0.0,0.0,0.0,0,0.004,63.9786,4.0,63.9826
2018-01-04 15:48:00,0.001,0.001,0.001,0.001,0.0,0.0,0.0,0.0,0.0,0,0.004,63.8574,4.0,63.861399999999996
2018-01-04 15:49:00,0.0,0.001,0.001,0.001,0.0,0.0,0.0,0.0,0.0,0,0.003,63.736200000000004,3.0,63.739200000000004
2018-01-04 15:50:00,0.0,0.001,0.001,0.001,0.0,0.0,0.0,0.0,0.0,0,0.003,63.615,3.0,63.618
2018-01-04 15:51:00,0.0,0.001,0.001,0.001,0.0,0.0,0.0,0.0,0.0,0,0.003,63.7293,3.0,63.7323
2018-01-04 15:52:00,0.0,0.001,0.001,0.001,0.0,0.0,0.0,0.0,0.0,0,0.003,63.8436,3.0,63.8466
2018-01-04 15:53:00,0.0,0.001,0.001,0.001,0.0,0.0,0.0,0.0,0.0,0,0.003,63.9579,3.0,63.9609
2018-01-04 15:54:00,0.0,0.001,0.001,0.001,0.0,0.0,0.0,0.0,0.0,0,0.003,64.0722,3.0,64.0752
2018-01-04 15:55:00,0.0,0.001,0.001,0.001,0.0,0.0,0.0,0.0,0.0,0,0.003,64.1865,3.0,64.1895
2018-01-04 15:56:00,0.0,0.001,0.001,0.001,0.0,0.0,0.0,0.0,0.0,0,0.003,64.3008,3.0,64.3038
2018-01-04 15:57:00,0.0,0.001,0.001,0.001,0.0,0.0,0.0,0.0,0.0,0,0.003,64.4151,3.0,64.4181
2018-01-04 15:58:00,0.0,0.001,0.001,0.001,0.0,0.0,0.0,0.0,0.0,0,0.003,64.5294,3.0,64.5324
2018-01-04 15:59:00,0.0,0.001,0.001,0.001,0.0,0.0,0.0,0.0,0.0,0,0.003,64.6437,3.0,64.6467
2018-01-04 16:00:00,0.0,0.001,0.001,0.001,0.0,0.0,0.0,0.0,0.0,0,0.003,64.758,3.0,64.761
2018-01-04 16:01:00,0.0,0.001,0.001,0.001,0.0,0.0,0.0,0.0,0.0,0,0.003,64.49329999999999,3.0,64.49629999999999
2018-01-04 16:02:00,0.0,0.0,0.0,0.001,0.0,0.0,0.0,0.0,0.0,0,0.001,64.2286,1.0,64.2296
2018-01-04 16:03:00,0.0,0.0,0.0,0.001,0.0,0.0,0.0,0.0,0.0,0,0.001,63.963899999999995,1.0,63.96489999999999
2018-01-04 16:04:00,0.0,0.0,0.0,0.001,0.0,0.0,0.0,0.0,0.0,0,0.001,63.6992,1.0,63.700199999999995
2018-01-04 16:05:00,0.0,0.0,0.0,0.001,0.0,0.0,0.0,0.0,0.0,0,0.001,63.4345,1.0,63.4355
2018-01-04 16:06:00,0.0,0.0,0.0,0.001,0.0,0.0,0.0,0.0,0.0,0,0.001,63.169799999999995,1.0,63.17079999999999
2018-01-04 16:07:00,0.0,0.0,0.0,0.001,0.0,0.0,0.0,0.0,0.0,0,0.001,62.9051,1.0,62.906099999999995
2018-01-04 16:08:00,0.0,0.0,0.0,0.001,0.0,0.0,0.0,0.0,0.0,0,0.001,62.6404,1.0,62.6414
2018-01-04 16:09:00,0.0,0.0,0.0,0.001,0.0,0.0,0.0,0.0,0.0,0,0.001,62.375699999999995,1.0,62.37669999999999
2018-01-04 16:10:00,0.001,0.0,0.0,0.001,0.0,0.0,0.0,0.0,0.0,0,0.002,62.111,2.0,62.113
2018-01-04 16:11:00,0.001,0.0,0.0,0.001,0.0,0.0,0.0,0.0,0.0,0,0.002,61.8863,2.0,61.8883
2018-01-04 16:12:00,0.001,0.0,0.0,0.001,0.0,0.0,0.0,0.0,0.0,0,0.002,61.6616,2.0,61.6636
2018-01-04 16:13:00,0.001,0.0,0.0,0.001,0.0,0.0,0.0,0.0,0.0,0,0.002,61.436899999999994,2.0,61.4389
2018-01-04 16:14:00,0.001,0.0,0.0,0.001,0.0,0.0,0.0,0.0,0.0,0,0.002,61.212199999999996,2.0,61.2142
2018-01-04 16:15:00,0.001,0.0,0.0,0.001,0.0,0.0,0.0,0.0,0.0,0,0.002,60.9875,2.0,60.9895
2018-01-04 16:16:00,0.001,0.0,0.0,0.001,0.0,0.0,0.0,0.0,0.0,0,0.002,60.7628,2.0,60.7648
2018-01-04 16:17:00,0.001,0.0,0.0,0.001,0.0,0.0,0.0,0.0,0.0,0,0.002,60.5381,2.0,60.5401
2018-01-04 16:18:00,0.001,0.0,0.0,0.001,0.0,0.0,0.0,0.0,0.0,0,0.002,60.313399999999994,2.0,60.3154
2018-01-04 16:19:00,0.001,0.001,0.0,0.001,0.0,0.0,0.0,0.0,0.0,0,0.003,60.088699999999996,3.0,60.091699999999996
2018-01-04 16:20:00,0.001,0.001,0.0,0.001,0.0,0.0,0.0,0.0,0.0,0,0.003,59.864,3.0,59.867
2018-01-04 16:21:00,0.001,0.001,0.0,0.001,0.0,0.0,0.0,0.0,0.0,0,0.003,59.4878,3.0,59.4908
2018-01-04 16:22:00,0.001,0.001,0.0,0.001,0.0,0.0,0.0,0.0,0.0,0,0.003,59.111599999999996,3.0,59.114599999999996
2018-01-04 16:23:00,0.001,0.001,0.0,0.001,0.0,0.0,0.0,0.0,0.0,0,0.003,58.7354,3.0,58.7384
2018-01-04 16:24:00,0.001,0.001,0.0,0.001,0.0,0.0,0.0,0.0,0.0,0,0.003,58.359199999999994,3.0,58.362199999999994
2018-01-04 16:25:00,0.001,0.001,0.0,0.001,0.0,0.0,0.0,0.0,0.0,0,0.003,57.983,3.0,57.986
2018-01-04 16:26:00,0.001,0.001,0.0,0.001,0.0,0.0,0.0,0.0,0.0,0,0.003,57.6068,3.0,57.6098
2018-01-04 16:27:00,0.001,0.001,0.0,0.001,0.0,0.0,0.0,0.0,0.0,0,0.003,57.230599999999995,3.0,57.233599999999996
2018-01-04 16:28:00,0.001,0.001,0.0,0.001,0.0,0.0,0.0,0.0,0.0,0,0.003,56.8544,3.0,56.8574
2018-01-04 16:29:00,0.001,0.001,0.0,0.001,0.0,0.0,0.0,0.0,0.0,0,0.003,56.478199999999994,3.0,56.481199999999994
2018-01-04 16:30:00,0.001,0.001,0.0,0.001,0.0,0.0,0.0,0.0,0.0,0,0.003,56.102,3.0,56.105
2018-01-04 16:31:00,0.001,0.001,0.0,0.001,0.0,0.0,0.0,0.0,0.0,0,0.003,56.4681,3.0,56.4711
2018-01-04 16:32:00,0.001,0.001,0.0,0.001,0.0,0.0,0.0,0.0,0.0,0,0.003,56.834199999999996,3.0,56.837199999999996
2018-01-04 16:33:00,0.001,0.001,0.0,0.001,0.0,0.0,0.0,0.0,0.0,0,0.003,57.2003,3.0,57.2033
2018-01-04 16:34:00,0.001,0.001,0.0,0.001,0.0,0.0,0.0,0.0,0.0,0,0.003,57.566399999999994,3.0,57.569399999999995
2018-01-04 16:35:00,0.001,0.001,0.0,0.001,0.0,0.0,0.0,0.0,0.0,0,0.003,57.9325,3.0,57.9355
2018-01-04 16:36:00,0.001,0.001,0.0,0.001,0.0,0.0,0.0,0.0,0.0,0,0.003,58.2986,3.0,58.3016
2018-01-04 16:37:00,0.001,0.001,0.0,0.001,0.0,0.0,0.0,0.0,0.0,0,0.003,58.664699999999996,3.0,58.667699999999996
2018-01-04 16:38:00,0.001,0.001,0.0,0.0,0.0,0.0,0.0,0.0,0.0,0,0.002,59.0308,2.0,59.0328
2018-01-04 16:39:00,0.001,0.001,0.0,0.0,0.0,0.0,0.0,0.0,0.0,0,0.002,59.396899999999995,2.0,59.3989
2018-01-04 16:40:00,0.001,0.001,0.001,0.0,0.0,0.0,0.0,0.0,0.0,0,0.003,59.763,3.0,59.766
2018-01-04 16:41:00,0.001,0.001,0.001,0.0,0.0,0.0,0.0,0.0,0.0,0,0.003,59.7599,3.0,59.7629
2018-01-04 16:42:00,0.001,0.001,0.001,0.0,0.0,0.0,0.0,0.0,0.0,0,0.003,59.7568,3.0,59.7598
2018-01-04 16:43:00,0.001,0.001,0.001,0.0,0.0,0.0,0.0,0.0,0.0,0,0.003,59.753699999999995,3.0,59.756699999999995
2018-01-04 16:44:00,0.001,0.001,0.001,0.0,0.0,0.0,0.0,0.0,0.0,0,0.003,59.7506,3.0,59.7536
2018-01-04 16:45:00,0.001,0.001,0.001,0.0,0.0,0.0,0.0,0.0,0.0,0,0.003,59.7475,3.0,59.7505
2018-01-04 16:46:00,0.001,0.001,0.001,0.001,0.0,0.0,0.0,0.0,0.0,0,0.004,59.7444,4.0,59.7484
2018-01-04 16:47:00,0.001,0.001,0.001,0.001,0.0,0.0,0.0,0.0,0.0,0,0.004,59.741299999999995,4.0,59.74529999999999
2018-01-04 16:48:00,0.001,0.001,0.001,0.001,0.001,0.0,0.0,0.0,0.0,0,0.005,59.7382,5.0,59.7432
2018-01-04 16:49:00,0.001,0.001,0.001,0.001,0.001,0.0,0.0,0.0,0.0,0,0.005,59.7351,5.0,59.740100000000005
2018-01-04 16:50:00,0.001,0.001,0.001,0.001,0.001,0.0,0.0,0.0,0.0,0,0.005,59.732,5.0,59.737
2018-01-04 16:51:00,0.001,0.001,0.001,0.001,0.001,0.0,0.0,0.0,0.0,0,0.005,59.3957,5.0,59.4007
2018-01-04 16:52:00,0.001,0.001,0.001,0.001,0.001,0.0,0.0,0.0,0.0,0,0.005,59.0594,5.0,59.0644
2018-01-04 16:53:00,0.001,0.001,0.001,0.001,0.001,0.0,0.0,0.0,0.0,0,0.005,58.7231,5.0,58.728100000000005
2018-01-04 16:54:00,0.001,0.001,0.001,0.001,0.001,0.0,0.0,0.0,0.0,0,0.005,58.3868,5.0,58.3918
2018-01-04 16:55:00,0.001,0.001,0.001,0.001,0.001,0.0,0.0,0.0,0.0,0,0.005,58.0505,5.0,58.0555
2018-01-04 16:56:00,0.001,0.001,0.001,0.001,0.001,0.0,0.0,0.0,0.0,0,0.005,57.7142,5.0,57.7192
2018-01-04 16:57:00,0.001,0.001,0.001,0.001,0.001,0.0,0.0,0.0,0.0,0,0.005,57.3779,5.0,57.3829
2018-01-04 16:58:00,0.001,0.001,0.001,0.001,0.001,0.0,0.0,0.0,0.0,0,0.005,57.0416,5.0,57.046600000000005
2018-01-04 16:59:00,0.001,0.001,0.001,0.001,0.001,0.0,0.0,0.0,0.0,0,0.005,56.7053,5.0,56.710300000000004
2018-01-04 17:00:00,0.001,0.001,0.001,0.001,0.001,0.0,0.0,0.0,0.0,0,0.005,56.369,5.0,56.374
2018-01-04 17:01:00,0.001,0.001,0.001,0.001,0.001,0.0,0.0,0.0,0.0,0,0.005,56.6164,5.0,56.6214
2018-01-04 17:02:00,0.001,0.001,0.001,0.001,0.001,0.0,0.0,0.0,0.0,0,0.005,56.8638,5.0,56.8688
2018-01-04 17:03:00,0.001,0.001,0.001,0.001,0.001,0.0,0.0,0.0,0.0,0,0.005,57.111200000000004,5.0,57.116200000000006
2018-01-04 17:04:00,0.001,0.001,0.001,0.001,0.001,0.0,0.0,0.0,0.0,0,0.005,57.3586,5.0,57.363600000000005
2018-01-04 17:05:00,0.001,0.001,0.001,0.001,0.001,0.001,0.0,0.0,0.0,0,0.006,57.606,6.0,57.612
2018-01-04 17:06:00,0.001,0.001,0.001,0.001,0.001,0.001,0.0,0.0,0.0,0,0.006,57.8534,6.0,57.8594
2018-01-04 17:07:00,0.001,0.001,0.001,0.001,0.001,0.001,0.0,0.0,0.0,0,0.006,58.1008,6.0,58.1068
2018-01-04 17:08:00,0.001,0.001,0.001,0.001,0.001,0.001,0.0,0.0,0.0,0,0.006,58.348200000000006,6.0,58.354200000000006
2018-01-04 17:09:00,0.001,0.001,0.001,0.001,0.001,0.001,0.0,0.0,0.0,0,0.006,58.595600000000005,6.0,58.601600000000005
2018-01-04 17:10:00,0.001,0.001,0.001,0.001,0.001,0.001,0.0,0.0,0.0,0,0.006,58.843,6.0,58.849000000000004
2018-01-04 17:11:00,0.0,0.001,0.001,0.001,0.001,0.001,0.0,0.0,0.0,0,0.005,58.513000000000005,5.0,58.51800000000001
2018-01-04 17:12:00,0.0,0.001,0.001,0.001,0.001,0.001,0.0,0.0,0.0,0,0.005,58.183,5.0,58.188
2018-01-04 17:13:00,0.0,0.001,0.001,0.001,0.001,0.001,0.0,0.0,0.0,0,0.005,57.853,5.0,57.858000000000004
2018-01-04 17:14:00,0.0,0.001,0.001,0.001,0.001,0.001,0.0,0.0,0.0,0,0.005,57.523,5.0,57.528000000000006
2018-01-04 17:15:00,0.0,0.001,0.001,0.001,0.001,0.001,0.0,0.0,0.0,0,0.005,57.193,5.0,57.198
2018-01-04 17:16:00,0.0,0.001,0.001,0.001,0.001,0.001,0.0,0.0,0.0,0,0.005,56.863,5.0,56.868
2018-01-04 17:17:00,0.0,0.001,0.001,0.001,0.001,0.001,0.0,0.0,0.0,0,0.005,56.533,5.0,56.538000000000004
2018-01-04 17:18:00,0.0,0.001,0.001,0.001,0.001,0.001,0.0,0.0,0.0,0,0.005,56.203,5.0,56.208000000000006
2018-01-04 17:19:00,0.0,0.001,0.001,0.001,0.001,0.001,0.0,0.0,0.0,0,0.005,55.873,5.0,55.878
2018-01-04 17:20:00,0.0,0.0,0.001,0.001,0.001,0.001,0.0,0.0,0.0,0,0.004,55.543,4.0,55.547
2018-01-04 17:21:00,0.0,0.0,0.001,0.001,0.001,0.001,0.0,0.0,0.0,0,0.004,55.3025,4.0,55.3065
2018-01-04 17:22:00,0.0,0.0,0.001,0.001,0.001,0.001,0.0,0.0,0.0,0,0.004,55.062,4.0,55.065999999999995
2018-01-04 17:23:00,0.0,0.0,0.001,0.001,0.001,0.001,0.0,0.0,0.0,0,0.004,54.8215,4.0,54.8255
2018-01-04 17:24:00,0.001,0.0,0.001,0.001,0.001,0.001,0.0,0.0,0.0,0,0.005,54.580999999999996,5.0,54.586
2018-01-04 17:25:00,0.001,0.0,0.001,0.001,0.001,0.001,0.0,0.0,0.0,0,0.005,54.3405,5.0,54.3455
2018-01-04 17:26:00,0.001,0.0,0.001,0.001,0.001,0.001,0.0,0.0,0.0,0,0.005,54.1,5.0,54.105000000000004
2018-01-04 17:27:00,0.001,0.0,0.001,0.001,0.001,0.001,0.0,0.0,0.0,0,0.005,53.8595,5.0,53.8645
2018-01-04 17:28:00,0.001,0.001,0.001,0.001,0.001,0.001,0.001,0.0,0.0,0,0.007,53.619,7.0,53.626
2018-01-04 17:29:00,0.001,0.001,0.001,0.001,0.001,0.001,0.001,0.0,0.0,0,0.007,53.378499999999995,7.0,53.38549999999999
2018-01-04 17:30:00,0.001,0.001,0.001,0.001,0.001,0.001,0.001,0.0,0.0,0,0.007,53.138,7.0,53.144999999999996
2018-01-04 17:31:00,0.001,0.001,0.001,0.001,0.001,0.001,0.001,0.0,0.0,0,0.007,53.3583,7.0,53.3653
2018-01-04 17:32:00,0.001,0.001,0.001,0.001,0.001,0.001,0.001,0.0,0.0,0,0.007,53.5786,7.0,53.5856
2018-01-04 17:33:00,0.001,0.001,0.001,0.001,0.001,0.001,0.001,0.0,0.0,0,0.007,53.798899999999996,7.0,53.805899999999994
2018-01-04 17:34:00,0.001,0.001,0.001,0.001,0.001,0.001,0.001,0.0,0.0,0,0.007,54.0192,7.0,54.026199999999996
2018-01-04 17:35:00,0.001,0.001,0.001,0.001,0.001,0.001,0.001,0.0,0.0,0,0.007,54.2395,7.0,54.2465
2018-01-04 17:36:00,0.001,0.001,0.001,0.001,0.001,0.001,0.001,0.0,0.0,0,0.007,54.4598,7.0,54.4668
2018-01-04 17:37:00,0.001,0.001,0.001,0.001,0.001,0.001,0.001,0.0,0.0,0,0.007,54.6801,7.0,54.6871
2018-01-04 17:38:00,0.001,0.001,0.001,0.001,0.001,0.001,0.001,0.0,0.0,0,0.007,54.9004,7.0,54.907399999999996
2018-01-04 17:39:00,0.001,0.001,0.001,0.001,0.001,0.001,0.001,0.0,0.0,0,0.007,55.1207,7.0,55.1277
2018-01-04 17:40:00,0.001,0.001,0.001,0.001,0.001,0.001,0.001,0.0,0.0,0,0.007,55.341,7.0,55.348
2018-01-04 17:41:00,0.001,0.001,0.0,0.001,0.001,0.001,0.001,0.0,0.0,0,0.006,55.4867,6.0,55.4927
2018-01-04 17:42:00,0.001,0.001,0.0,0.001,0.001,0.001,0.001,0.0,0.0,0,0.006,55.632400000000004,6.0,55.638400000000004
2018-01-04 17:43:00,0.001,0.001,0.0,0.001,0.001,0.001,0.001,0.0,0.0,0,0.006,55.7781,6.0,55.7841
2018-01-04 17:44:00,0.001,0.001,0.0,0.001,0.001,0.001,0.001,0.0,0.0,0,0.006,55.9238,6.0,55.9298
2018-01-04 17:45:00,0.001,0.001,0.0,0.001,0.001,0.001,0.001,0.0,0.0,0,0.006,56.069500000000005,6.0,56.075500000000005
2018-01-04 17:46:00,0.001,0.001,0.0,0.001,0.001,0.001,0.001,0.0,0.0,0,0.006,56.2152,6.0,56.2212
2018-01-04 17:47:00,0.001,0.001,0.0,0.0,0.001,0.001,0.001,0.0,0.0,0,0.005,56.3609,5.0,56.3659
2018-01-04 17:48:00,0.001,0.001,0.0,0.0,0.001,0.001,0.001,0.0,0.0,0,0.005,56.5066,5.0,56.5116
2018-01-04 17:49:00,0.001,0.001,0.0,0.0,0.0,0.001,0.001,0.0,0.0,0,0.004,56.652300000000004,4.0,56.6563
2018-01-04 17:50:00,0.001,0.001,0.0,0.0,0.0,0.001,0.001,0.0,0.0,0,0.004,56.798,4.0,56.802
2018-01-04 17:51:00,0.001,0.001,0.0,0.0,0.0,0.001,0.001,0.0,0.0,0,0.004,56.5446,4.0,56.5486
2018-01-04 17:52:00,0.001,0.001,0.0,0.0,0.0,0.001,0.001,0.0,0.0,0,0.004,56.2912,4.0,56.2952
2018-01-04 17:53:00,0.001,0.001,0.0,0.0,0.0,0.001,0.001,0.0,0.0,0,0.004,56.037800000000004,4.0,56.0418
2018-01-04 17:54:00,0.001,0.001,0.001,0.0,0.0,0.001,0.001,0.0,0.0,0,0.005,55.784400000000005,5.0,55.78940000000001
2018-01-04 17:55:00,0.001,0.001,0.001,0.0,0.0,0.001,0.001,0.0,0.0,0,0.005,55.531000000000006,5.0,55.53600000000001
2018-01-04 17:56:00,0.001,0.001,0.001,0.0,0.0,0.001,0.001,0.0,0.0,0,0.005,55.2776,5.0,55.2826
2018-01-04 17:57:00,0.001,0.001,0.001,0.0,0.0,0.001,0.001,0.0,0.0,0,0.005,55.0242,5.0,55.0292
2018-01-04 17:58:00,0.001,0.001,0.001,0.0,0.0,0.001,0.001,0.0,0.0,0,0.005,54.7708,5.0,54.775800000000004
2018-01-04 17:59:00,0.001,0.001,0.001,0.0,0.0,0.001,0.001,0.0,0.0,0,0.005,54.5174,5.0,54.522400000000005
2018-01-04 18:00:00,0.001,0.001,0.001,0.0,0.0,0.001,0.001,0.0,0.0,0,0.005,54.264,5.0,54.269000000000005
2018-01-04 18:01:00,0.001,0.001,0.001,0.0,0.0,0.001,0.001,0.0,0.0,0,0.005,54.110400000000006,5.0,54.11540000000001
2018-01-04 18:02:00,0.001,0.001,0.001,0.0,0.0,0.001,0.001,0.0,0.0,0,0.005,53.9568,5.0,53.961800000000004
2018-01-04 18:03:00,0.001,0.001,0.001,0.0,0.0,0.001,0.001,0.0,0.0,0,0.005,53.803200000000004,5.0,53.80820000000001
2018-01-04 18:04:00,0.001,0.001,0.001,0.0,0.0,0.001,0.001,0.0,0.0,0,0.005,53.6496,5.0,53.6546
2018-01-04 18:05:00,0.001,0.001,0.001,0.0,0.0,0.001,0.001,0.0,0.0,0,0.005,53.496,5.0,53.501000000000005
2018-01-04 18:06:00,0.001,0.001,0.001,0.0,0.0,0.0,0.001,0.0,0.0,0,0.004,53.342400000000005,4.0,53.3464
2018-01-04 18:07:00,0.001,0.001,0.001,0.0,0.0,0.0,0.001,0.0,0.0,0,0.004,53.1888,4.0,53.1928
2018-01-04 18:08:00,0.001,0.001,0.001,0.0,0.0,0.0,0.001,0.0,0.0,0,0.004,53.0352,4.0,53.0392
2018-01-04 18:09:00,0.001,0.001,0.001,0.001,0.0,0.0,0.001,0.0,0.0,0,0.005,52.8816,5.0,52.8866
2018-01-04 18:10:00,0.001,0.001,0.001,0.001,0.0,0.0,0.001,0.0,0.0,0,0.005,52.728,5.0,52.733000000000004
2018-01-04 18:11:00,0.001,0.001,0.001,0.001,0.0,0.0,0.001,0.0,0.0,0,0.005,52.3369,5.0,52.3419
2018-01-04 18:12:00,0.001,0.001,0.001,0.001,0.0,0.0,0.001,0.0,0.0,0,0.005,51.9458,5.0,51.9508
2018-01-04 18:13:00,0.001,0.001,0.001,0.001,0.0,0.0,0.001,0.0,0.0,0,0.005,51.554700000000004,5.0,51.55970000000001
2018-01-04 18:14:00,0.001,0.001,0.001,0.001,0.0,0.0,0.001,0.0,0.0,0,0.005,51.1636,5.0,51.168600000000005
2018-01-04 18:15:00,0.001,0.001,0.001,0.001,0.0,0.0,0.001,0.0,0.0,0,0.005,50.7725,5.0,50.7775
2018-01-04 18:16:00,0.001,0.001,0.001,0.001,0.0,0.0,0.001,0.0,0.0,0,0.005,50.3814,5.0,50.3864
2018-01-04 18:17:00,0.001,0.001,0.001,0.001,0.0,0.0,0.001,0.0,0.0,0,0.005,49.9903,5.0,49.9953
2018-01-04 18:18:00,0.001,0.001,0.001,0.001,0.001,0.0,0.001,0.0,0.0,0,0.006,49.5992,6.0,49.6052
2018-01-04 18:19:00,0.001,0.001,0.001,0.001,0.001,0.0,0.001,0.0,0.0,0,0.006,49.2081,6.0,49.2141
2018-01-04 18:20:00,0.001,0.001,0.001,0.001,0.001,0.001,0.001,0.0,0.0,0,0.007,48.817,7.0,48.824
2018-01-04 18:21:00,0.001,0.001,0.001,0.001,0.001,0.001,0.001,0.0,0.0,0,0.007,48.9838,7.0,48.9908
2018-01-04 18:22:00,0.001,0.001,0.001,0.001,0.001,0.001,0.001,0.001,0.0,0,0.008,49.1506,8.0,49.1586
2018-01-04 18:23:00,0.001,0.001,0.001,0.001,0.001,0.001,0.001,0.001,0.0,0,0.008,49.3174,8.0,49.3254
2018-01-04 18:24:00,0.001,0.001,0.001,0.001,0.001,0.001,0.001,0.001,0.0,0,0.008,49.4842,8.0,49.492200000000004
2018-01-04 18:25:00,0.001,0.001,0.001,0.001,0.001,0.001,0.001,0.001,0.0,0,0.008,49.650999999999996,8.0,49.659
2018-01-04 18:26:00,0.001,0.001,0.001,0.001,0.001,0.001,0.001,0.001,0.0,0,0.008,49.8178,8.0,49.8258
2018-01-04 18:27:00,0.001,0.001,0.001,0.001,0.001,0.001,0.001,0.001,0.0,0,0.008,49.9846,8.0,49.9926
2018-01-04 18:28:00,0.001,0.001,0.001,0.001,0.001,0.001,0.001,0.001,0.001,0,0.009000000000000001,50.1514,9.0,50.1604
2018-01-04 18:29:00,0.001,0.0,0.001,0.001,0.001,0.001,0.0,0.001,0.001,0,0.007,50.3182,7.0,50.325199999999995
2018-01-04 18:30:00,0.001,0.0,0.001,0.001,0.001,0.001,0.0,0.001,0.001,0,0.007,50.485,7.0,50.492
2018-01-04 18:31:00,0.001,0.0,0.001,0.001,0.001,0.001,0.0,0.001,0.001,0,0.007,50.3887,7.0,50.3957
2018-01-04 18:32:00,0.001,0.0,0.001,0.001,0.001,0.001,0.0,0.001,0.001,0,0.007,50.2924,7.0,50.2994
2018-01-04 18:33:00,0.001,0.0,0.001,0.001,0.001,0.001,0.0,0.001,0.001,0,0.007,50.1961,7.0,50.2031
2018-01-04 18:34:00,0.001,0.0,0.001,0.001,0.001,0.001,0.0,0.001,0.001,0,0.007,50.0998,7.0,50.1068
2018-01-04 18:35:00,0.001,0.0,0.001,0.001,0.001,0.001,0.0,0.001,0.001,0,0.007,50.0035,7.0,50.0105
2018-01-04 18:36:00,0.001,0.0,0.001,0.001,0.001,0.001,0.0,0.001,0.001,0,0.007,49.907199999999996,7.0,49.914199999999994
2018-01-04 18:37:00,0.001,0.0,0.001,0.001,0.001,0.001,0.0,0.001,0.001,0,0.007,49.8109,7.0,49.817899999999995
2018-01-04 18:38:00,0.001,0.0,0.001,0.001,0.001,0.001,0.0,0.001,0.001,0,0.007,49.7146,7.0,49.721599999999995
2018-01-04 18:39:00,0.001,0.0,0.001,0.001,0.001,0.001,0.0,0.001,0.001,0,0.007,49.6183,7.0,49.625299999999996
2018-01-04 18:40:00,0.001,0.0,0.001,0.001,0.001,0.001,0.0,0.001,0.001,0,0.007,49.522,7.0,49.528999999999996
2018-01-04 18:41:00,0.001,0.0,0.001,0.001,0.001,0.001,0.0,0.001,0.001,0,0.007,49.4583,7.0,49.4653
2018-01-04 18:42:00,0.001,0.0,0.001,0.001,0.001,0.001,0.0,0.001,0.001,0,0.007,49.3946,7.0,49.401599999999995
2018-01-04 18:43:00,0.001,0.0,0.001,0.001,0.001,0.001,0.0,0.001,0.001,0,0.007,49.3309,7.0,49.3379
2018-01-04 18:44:00,0.001,0.0,0.001,0.001,0.001,0.001,0.0,0.001,0.001,0,0.007,49.267199999999995,7.0,49.27419999999999
2018-01-04 18:45:00,0.001,0.0,0.001,0.001,0.001,0.001,0.0,0.001,0.001,0,0.007,49.2035,7.0,49.210499999999996
2018-01-04 18:46:00,0.001,0.0,0.001,0.001,0.001,0.001,0.0,0.001,0.001,0,0.007,49.1398,7.0,49.1468
2018-01-04 18:47:00,0.001,0.0,0.001,0.001,0.001,0.001,0.0,0.001,0.001,0,0.007,49.0761,7.0,49.083099999999995
2018-01-04 18:48:00,0.001,0.0,0.001,0.001,0.001,0.001,0.0,0.001,0.001,0,0.007,49.0124,7.0,49.0194
2018-01-04 18:49:00,0.001,0.0,0.001,0.001,0.001,0.001,0.0,0.001,0.001,0,0.007,48.948699999999995,7.0,48.95569999999999
2018-01-04 18:50:00,0.001,0.0,0.001,0.001,0.001,0.001,0.0,0.001,0.001,0,0.007,48.885,7.0,48.891999999999996
2018-01-04 18:51:00,0.001,0.0,0.001,0.001,0.001,0.001,0.0,0.001,0.001,0,0.007,48.546,7.0,48.553
2018-01-04 18:52:00,0.001,0.0,0.001,0.001,0.001,0.001,0.0,0.001,0.001,0,0.007,48.207,7.0,48.214
2018-01-04 18:53:00,0.001,0.0,0.001,0.001,0.001,0.001,0.0,0.001,0.001,0,0.007,47.867999999999995,7.0,47.87499999999999
2018-01-04 18:54:00,0.001,0.0,0.001,0.001,0.001,0.001,0.0,0.001,0.001,0,0.007,47.528999999999996,7.0,47.535999999999994
2018-01-04 18:55:00,0.001,0.0,0.0,0.001,0.001,0.001,0.0,0.001,0.001,0,0.006,47.19,6.0,47.196
2018-01-04 18:56:00,0.001,0.0,0.0,0.001,0.001,0.001,0.0,0.001,0.001,0,0.006,46.851,6.0,46.857
2018-01-04 18:57:00,0.001,0.0,0.0,0.001,0.001,0.001,0.0,0.001,0.001,0,0.006,46.512,6.0,46.518
2018-01-04 18:58:00,0.001,0.0,0.0,0.001,0.001,0.001,0.0,0.001,0.001,0,0.006,46.172999999999995,6.0,46.178999999999995
2018-01-04 18:59:00,0.001,0.0,0.0,0.001,0.001,0.001,0.0,0.001,0.001,0,0.006,45.833999999999996,6.0,45.839999999999996
2018-01-04 19:00:00,0.001,0.0,0.0,0.001,0.001,0.001,0.0,0.001,0.001,0,0.006,45.495,6.0,45.501
2018-01-04 19:01:00,0.001,0.0,0.0,0.001,0.001,0.001,0.0,0.001,0.001,0,0.006,45.393499999999996,6.0,45.399499999999996
2018-01-04 19:02:00,0.001,0.0,0.0,0.001,0.001,0.001,0.0,0.001,0.001,0,0.006,45.291999999999994,6.0,45.297999999999995
2018-01-04 19:03:00,0.001,0.0,0.0,0.001,0.001,0.001,0.0,0.001,0.001,0,0.006,45.1905,6.0,45.1965
2018-01-04 19:04:00,0.001,0.0,0.0,0.001,0.001,0.001,0.0,0.001,0.001,0,0.006,45.089,6.0,45.095
2018-01-04 19:05:00,0.001,0.0,0.0,0.001,0.001,0.001,0.0,0.001,0.001,0,0.006,44.9875,6.0,44.9935
2018-01-04 19:06:00,0.001,0.0,0.0,0.001,0.001,0.001,0.0,0.001,0.001,0,0.006,44.885999999999996,6.0,44.891999999999996
2018-01-04 19:07:00,0.001,0.0,0.0,0.001,0.001,0.001,0.0,0.001,0.001,0,0.006,44.784499999999994,6.0,44.790499999999994
2018-01-04 19:08:00,0.001,0.0,0.0,0.001,0.001,0.001,0.0,0.001,0.001,0,0.006,44.683,6.0,44.689
2018-01-04 19:09:00,0.001,0.0,0.0,0.001,0.001,0.001,0.0,0.001,0.001,0,0.006,44.5815,6.0,44.5875
2018-01-04 19:10:00,0.001,0.0,0.0,0.0,0.001,0.001,0.0,0.001,0.001,0,0.005,44.48,5.0,44.485
2018-01-04 19:11:00,0.001,0.0,0.0,0.0,0.001,0.001,0.0,0.001,0.001,0,0.005,44.267199999999995,5.0,44.2722
2018-01-04 19:12:00,0.001,0.0,0.0,0.0,0.001,0.001,0.0,0.001,0.001,0,0.005,44.054399999999994,5.0,44.0594
2018-01-04 19:13:00,0.001,0.0,0.0,0.0,0.001,0.001,0.0,0.001,0.001,0,0.005,43.8416,5.0,43.8466
2018-01-04 19:14:00,0.001,0.0,0.0,0.0,0.001,0.001,0.0,0.001,0.001,0,0.005,43.6288,5.0,43.6338
2018-01-04 19:15:00,0.001,0.001,0.0,0.0,0.001,0.001,0.0,0.001,0.001,0,0.006,43.416,6.0,43.422
2018-01-04 19:16:00,0.001,0.001,0.0,0.0,0.001,0.001,0.0,0.001,0.001,0,0.006,43.203199999999995,6.0,43.209199999999996
2018-01-04 19:17:00,0.001,0.001,0.0,0.0,0.001,0.001,0.0,0.001,0.001,0,0.006,42.990399999999994,6.0,42.996399999999994
2018-01-04 19:18:00,0.001,0.001,0.0,0.0,0.001,0.001,0.0,0.001,0.001,0,0.006,42.7776,6.0,42.7836
2018-01-04 19:19:00,0.001,0.001,0.0,0.0,0.0,0.001,0.0,0.001,0.001,0,0.005,42.5648,5.0,42.5698
2018-01-04 19:20:00,0.001,0.001,0.0,0.0,0.0,0.001,0.0,0.001,0.001,0,0.005,42.352,5.0,42.357
2018-01-04 19:21:00,0.001,0.001,0.0,0.0,0.0,0.0,0.0,0.001,0.001,0,0.004,42.1738,4.0,42.1778
2018-01-04 19:22:00,0.001,0.001,0.0,0.0,0.0,0.0,0.0,0.001,0.001,0,0.004,41.995599999999996,4.0,41.999599999999994
2018-01-04 19:23:00,0.001,0.001,0.0,0.0,0.0,0.0,0.0,0.0,0.001,0,0.003,41.8174,3.0,41.8204
2018-01-04 19:24:00,0.001,0.001,0.0,0.0,0.0,0.0,0.0,0.0,0.001,0,0.003,41.639199999999995,3.0,41.642199999999995
2018-01-04 19:25:00,0.001,0.001,0.001,0.0,0.0,0.0,0.0,0.0,0.001,0,0.004,41.461,4.0,41.464999999999996
2018-01-04 19:26:00,0.0,0.001,0.001,0.0,0.0,0.0,0.0,0.0,0.001,0,0.003,41.2828,3.0,41.2858
2018-01-04 19:27:00,0.0,0.001,0.001,0.0,0.0,0.0,0.0,0.0,0.001,0,0.003,41.1046,3.0,41.1076
2018-01-04 19:28:00,0.0,0.001,0.001,0.0,0.0,0.0,0.0,0.0,0.001,0,0.003,40.9264,3.0,40.9294
2018-01-04 19:29:00,0.0,0.001,0.001,0.0,0.0,0.0,0.0,0.0,0.0,0,0.002,40.7482,2.0,40.7502
2018-01-04 19:30:00,0.0,0.001,0.001,0.0,0.0,0.0,0.0,0.0,0.0,0,0.002,40.57,2.0,40.572
2018-01-04 19:31:00,0.0,0.001,0.001,0.0,0.0,0.0,0.0,0.0,0.0,0,0.002,40.466300000000004,2.0,40.468300000000006
2018-01-04 19:32:00,0.0,0.001,0.001,0.0,0.0,0.0,0.0,0.0,0.0,0,0.002,40.3626,2.0,40.3646
2018-01-04 19:33:00,0.0,0.001,0.001,0.0,0.0,0.0,0.0,0.0,0.0,0,0.002,40.2589,2.0,40.2609
2018-01-04 19:34:00,0.0,0.001,0.001,0.0,0.0,0.0,0.0,0.0,0.0,0,0.002,40.1552,2.0,40.1572
2018-01-04 19:35:00,0.0,0.001,0.001,0.0,0.0,0.0,0.0,0.0,0.0,0,0.002,40.051500000000004,2.0,40.05350000000001
2018-01-04 19:36:00,0.0,0.001,0.001,0.0,0.0,0.0,0.0,0.0,0.0,0,0.002,39.9478,2.0,39.9498
2018-01-04 19:37:00,0.0,0.001,0.001,0.0,0.0,0.0,0.0,0.0,0.0,0,0.002,39.8441,2.0,39.8461
2018-01-04 19:38:00,0.0,0.001,0.001,0.0,0.0,0.0,0.0,0.0,0.0,0,0.002,39.7404,2.0,39.7424
2018-01-04 19:39:00,0.0,0.001,0.001,0.0,0.0,0.0,0.0,0.0,0.0,0,0.002,39.636700000000005,2.0,39.63870000000001
2018-01-04 19:40:00,0.0,0.001,0.001,0.0,0.0,0.0,0.0,0.0,0.0,0,0.002,39.533,2.0,39.535000000000004
2018-01-04 19:41:00,0.0,0.001,0.001,0.0,0.0,0.0,0.0,0.0,0.0,0,0.002,39.225,2.0,39.227000000000004
2018-01-04 19:42:00,0.001,0.001,0.001,0.0,0.0,0.0,0.0,0.0,0.0,0,0.003,38.917,3.0,38.92
2018-01-04 19:43:00,0.001,0.001,0.001,0.0,0.0,0.0,0.0,0.0,0.0,0,0.003,38.609,3.0,38.612
2018-01-04 19:44:00,0.001,0.001,0.001,0.0,0.0,0.0,0.0,0.0,0.0,0,0.003,38.301,3.0,38.304
2018-01-04 19:45:00,0.001,0.001,0.001,0.0,0.0,0.0,0.0,0.0,0.0,0,0.003,37.993,3.0,37.996
2018-01-04 19:46:00,0.001,0.001,0.001,0.0,0.0,0.0,0.0,0.0,0.0,0,0.003,37.685,3.0,37.688
2018-01-04 19:47:00,0.001,0.001,0.001,0.0,0.0,0.0,0.0,0.0,0.0,0,0.003,37.377,3.0,37.38
2018-01-04 19:48:00,0.001,0.001,0.001,0.0,0.0,0.0,0.0,0.0,0.0,0,0.003,37.069,3.0,37.072
2018-01-04 19:49:00,0.001,0.001,0.001,0.0,0.0,0.0,0.0,0.0,0.0,0,0.003,36.761,3.0,36.764
2018-01-04 19:50:00,0.001,0.001,0.001,0.0,0.0,0.0,0.0,0.0,0.0,0,0.003,36.453,3.0,36.456
2018-01-04 19:51:00,0.001,0.001,0.001,0.001,0.0,0.0,0.0,0.0,0.0,0,0.004,36.084,4.0,36.088
2018-01-04 19:52:00,0.001,0.001,0.001,0.001,0.0,0.0,0.0,0.0,0.0,0,0.004,35.715,4.0,35.719
2018-01-04 19:53:00,0.001,0.001,0.001,0.001,0.0,0.0,0.0,0.0,0.0,0,0.004,35.346000000000004,4.0,35.35
2018-01-04 19:54:00,0.001,0.001,0.001,0.001,0.0,0.0,0.0,0.0,0.0,0,0.004,34.977000000000004,4.0,34.981
2018-01-04 19:55:00,0.001,0.001,0.001,0.001,0.0,0.0,0.0,0.0,0.0,0,0.004,34.608000000000004,4.0,34.612
2018-01-04 19:56:00,0.001,0.001,0.001,0.001,0.0,0.0,0.0,0.0,0.0,0,0.004,34.239,4.0,34.242999999999995
2018-01-04 19:57:00,0.001,0.001,0.001,0.001,0.0,0.0,0.0,0.0,0.0,0,0.004,33.87,4.0,33.873999999999995
2018-01-04 19:58:00,0.001,0.001,0.001,0.001,0.0,0.0,0.0,0.0,0.0,0,0.004,33.501,4.0,33.504999999999995
2018-01-04 19:59:00,0.001,0.001,0.001,0.001,0.0,0.0,0.0,0.0,0.0,0,0.004,33.132,4.0,33.135999999999996
2018-01-04 20:00:00,50.0,49.9999999999995,50.0,50.0,0.0,0.0,0.0,0.0,0.0,0,199.9999999999995,32.763,4.0,232.7629999999995
2018-01-04 20:01:00,50.0,50.0,50.0,50.0,0.0,0.0,0.0,0.0,0.0,0,200.0,32.439499999999995,4.0,232.4395
2018-01-04 20:02:00,50.0,50.0,50.0,50.0,0.0,0.0,0.0,0.0,0.0,0,200.0,32.116,4.0,232.11599999999999
2018-01-04 20:03:00,50.0,50.0,50.0,50.0,0.0,0.0,0.0,0.0,0.0,0,200.0,31.792499999999997,4.0,231.7925
2018-01-04 20:04:00,50.0,50.0,50.0,50.0,0.0,0.0,0.0,0.0,0.0,0,200.0,31.468999999999998,4.0,231.469
2018-01-04 20:05:00,50.0,50.0,50.0,50.0,0.0,0.0,0.0,0.0,0.0,0,200.0,31.1455,4.0,231.1455
2018-01-04 20:06:00,50.0,50.0,50.0,50.0,0.0,0.0,0.0,0.0,0.0,0,200.0,30.822,4.0,230.822
2018-01-04 20:07:00,50.0,50.0,50.0,50.0,0.0,0.0,0.0,0.0,0.0,0,200.0,30.4985,4.0,230.4985
2018-01-04 20:08:00,50.0,50.0,50.0,50.0,0.0,0.0,0.0,0.0,0.0,0,200.0,30.174999999999997,4.0,230.175
2018-01-04 20:09:00,50.0,50.0,50.0,50.0,0.0,0.0,0.0,0.0,0.0,0,200.0,29.851499999999998,4.0,229.8515
2018-01-04 20:10:00,50.0,0.0,50.0,50.0,0.0,0.0,0.0,0.0,0.0,0,150.0,29.528,3.0,179.528
2018-01-04 20:11:00,50.0,0.0,50.0,50.0,0.0,0.0,0.0,0.0,0.0,0,150.0,29.4866,3.0,179.4866
2018-01-04 20:12:00,50.0,0.0,50.0,50.0,0.0,0.0,0.0,0.0,0.0,0,150.0,29.4452,3.0,179.4452
2018-01-04 20:13:00,50.0,0.0,50.0,50.0,0.0,0.0,0.0,0.0,0.0,0,150.0,29.4038,3.0,179.4038
2018-01-04 20:14:00,50.0,0.0,50.0,50.0,0.0,0.0,0.0,0.0,0.0,0,150.0,29.3624,3.0,179.3624
2018-01-04 20:15:00,50.0,0.0,0.0,50.0,0.0,0.0,0.0,0.0,0.0,0,100.0,29.320999999999998,2.0,129.321
2018-01-04 20:16:00,50.0,0.0,0.0,50.0,0.0,0.0,0.0,0.0,0.0,0,100.0,29.2796,2.0,129.2796
2018-01-04 20:17:00,50.0,0.0,0.0,50.0,0.0,0.0,0.0,0.0,0.0,0,100.0,29.2382,2.0,129.2382
2018-01-04 20:18:00,50.0,0.0,0.0,50.0,0.0,0.0,0.0,0.0,0.0,0,100.0,29.1968,2.0,129.1968
2018-01-04 20:19:00,50.0,0.0,0.0,50.0,0.0,0.0,0.0,0.0,0.0,0,100.0,29.1554,2.0,129.1554
2018-01-04 20:20:00,50.0,0.0,0.0,50.0,0.0,0.0,0.0,0.0,0.0,0,100.0,29.114,2.0,129.114
2018-01-04 20:21:00,50.0,0.0,0.0,50.0,0.0,0.0,0.0,0.0,0.0,0,100.0,28.8259,2.0,128.8259
2018-01-04 20:22:00,50.0,0.0,0.0,50.0,0.0,0.0,0.0,0.0,0.0,0,100.0,28.5378,2.0,128.5378
2018-01-04 20:23:00,50.0,0.0,0.0,50.0,0.0,0.0,0.0,0.0,0.0,0,100.0,28.2497,2.0,128.2497
2018-01-04 20:24:00,0.0,0.0,0.0,50.0,0.0,0.0,0.0,0.0,0.0,0,50.0,27.9616,1.0,77.9616
2018-01-04 20:25:00,0.0,0.0,0.0,50.0,0.0,0.0,0.0,0.0,0.0,0,50.0,27.6735,1.0,77.6735
2018-01-04 20:26:00,0.0,0.0,0.0,50.0,0.0,0.0,0.0,0.0,0.0,0,50.0,27.3854,1.0,77.3854
2018-01-04 20:27:00,0.0,0.0,0.0,50.0,0.0,0.0,0.0,0.0,0.0,0,50.0,27.0973,1.0,77.0973
2018-01-04 20:28:00,0.0,0.0,0.0,0.0,0.0,0.0,0.0,0.0,0.0,0,0.0,26.8092,0.0,26.8092
2018-01-04 20:29:00,0.0,0.0,0.0,0.0,0.0,0.0,0.0,0.0,0.0,0,0.0,26.5211,0.0,26.5211
2018-01-04 20:30:00,0.0,0.0,0.0,0.0,0.0,0.0,0.0,0.0,0.0,0,0.0,26.233,0.0,26.233
2018-01-04 20:31:00,0.0,0.0,0.0,0.0,0.0,0.0,0.0,0.0,0.0,0,0.0,26.1552,0.0,26.1552
2018-01-04 20:32:00,0.0,0.0,0.0,0.0,0.0,0.0,0.0,0.0,0.0,0,0.0,26.0774,0.0,26.0774
2018-01-04 20:33:00,0.0,0.0,0.0,0.0,0.0,0.0,0.0,0.0,0.0,0,0.0,25.9996,0.0,25.9996
2018-01-04 20:34:00,0.0,0.0,0.0,0.0,0.0,0.0,0.0,0.0,0.0,0,0.0,25.9218,0.0,25.9218
2018-01-04 20:35:00,0.0,0.0,0.0,0.0,0.0,0.0,0.0,0.0,0.0,0,0.0,25.844,0.0,25.844
2018-01-04 20:36:00,0.0,0.0,0.0,0.0,0.0,0.0,0.0,0.0,0.0,0,0.0,25.766199999999998,0.0,25.766199999999998
2018-01-04 20:37:00,0.0,0.0,0.0,0.0,0.0,0.0,0.0,0.0,0.0,0,0.0,25.688399999999998,0.0,25.688399999999998
2018-01-04 20:38:00,0.0,0.0,0.0,0.0,0.0,0.0,0.0,0.0,0.0,0,0.0,25.610599999999998,0.0,25.610599999999998
2018-01-04 20:39:00,0.0,0.0,0.0,0.0,0.0,0.0,0.0,0.0,0.0,0,0.0,25.532799999999998,0.0,25.532799999999998
2018-01-04 20:40:00,0.0,0.0,0.0,0.0,0.0,0.0,0.0,0.0,0.0,0,0.0,25.455,0.0,25.455
2018-01-04 20:41:00,0.0,0.0,0.0,0.0,0.0,0.0,0.0,0.0,0.0,0,0.0,25.443299999999997,0.0,25.443299999999997
2018-01-04 20:42:00,0.0,0.0,0.0,0.0,0.0,0.0,0.0,0.0,0.0,0,0.0,25.4316,0.0,25.4316
2018-01-04 20:43:00,0.0,0.0,0.0,0.0,0.0,0.0,0.0,0.0,0.0,0,0.0,25.4199,0.0,25.4199
2018-01-04 20:44:00,0.0,0.0,0.0,0.0,0.0,0.0,0.0,0.0,0.0,0,0.0,25.4082,0.0,25.4082
2018-01-04 20:45:00,0.0,0.0,0.0,0.0,0.0,0.0,0.0,0.0,0.0,0,0.0,25.3965,0.0,25.3965
2018-01-04 20:46:00,0.0,0.0,0.0,0.0,0.0,0.0,0.0,0.0,0.0,0,0.0,25.3848,0.0,25.3848
2018-01-04 20:47:00,0.0,0.0,0.0,0.0,0.0,0.0,0.0,0.0,0.0,0,0.0,25.3731,0.0,25.3731
2018-01-04 20:48:00,0.0,0.0,0.0,0.0,0.0,0.0,0.0,0.0,0.0,0,0.0,25.3614,0.0,25.3614
2018-01-04 20:49:00,0.0,0.0,0.0,0.0,0.0,0.0,0.0,0.0,0.0,0,0.0,25.349700000000002,0.0,25.349700000000002
2018-01-04 20:50:00,0.0,0.0,0.0,0.0,0.0,0.0,0.0,0.0,0.0,0,0.0,25.338,0.0,25.338
2018-01-04 20:51:00,0.0,0.0,0.0,0.0,0.0,0.0,0.0,0.0,0.0,0,0.0,25.3943,0.0,25.3943
2018-01-04 20:52:00,0.0,0.0,0.0,0.0,0.0,0.0,0.0,0.0,0.0,0,0.0,25.4506,0.0,25.4506
2018-01-04 20:53:00,0.0,0.0,0.0,0.0,0.0,0.0,0.0,0.0,0.0,0,0.0,25.5069,0.0,25.5069
2018-01-04 20:54:00,0.0,0.0,0.0,0.0,0.0,0.0,0.0,0.0,0.0,0,0.0,25.563200000000002,0.0,25.563200000000002
2018-01-04 20:55:00,0.0,0.0,0.0,0.0,0.0,0.0,0.0,0.0,0.0,0,0.0,25.619500000000002,0.0,25.619500000000002
2018-01-04 20:56:00,0.0,0.0,0.0,0.0,0.0,0.0,0.0,0.0,0.0,0,0.0,25.6758,0.0,25.6758
2018-01-04 20:57:00,0.0,0.0,0.0,0.0,0.0,0.0,0.0,0.0,0.0,0,0.0,25.7321,0.0,25.7321
2018-01-04 20:58:00,0.0,0.0,0.0,0.0,0.0,0.0,0.0,0.0,0.0,0,0.0,25.7884,0.0,25.7884
2018-01-04 20:59:00,0.0,0.0,0.0,0.0,0.0,0.0,0.0,0.0,0.0,0,0.0,25.8447,0.0,25.8447
2018-01-04 21:00:00,0.0,0.0,0.0,0.0,0.0,0.0,0.0,0.0,0.0,0,0.0,25.901,0.0,25.901
2018-01-04 21:01:00,0.0,0.0,0.0,0.0,0.0,0.0,0.0,0.0,0.0,0,0.0,25.8797,0.0,25.8797
2018-01-04 21:02:00,0.0,0.0,0.0,0.0,0.0,0.0,0.0,0.0,0.0,0,0.0,25.8584,0.0,25.8584
2018-01-04 21:03:00,0.0,0.0,0.0,0.0,0.0,0.0,0.0,0.0,0.0,0,0.0,25.8371,0.0,25.8371
2018-01-04 21:04:00,0.0,0.0,0.0,0.0,0.0,0.0,0.0,0.0,0.0,0,0.0,25.8158,0.0,25.8158
2018-01-04 21:05:00,0.0,0.0,0.0,0.0,0.0,0.0,0.0,0.0,0.0,0,0.0,25.7945,0.0,25.7945
2018-01-04 21:06:00,0.0,0.0,0.0,0.0,0.0,0.0,0.0,0.0,0.0,0,0.0,25.7732,0.0,25.7732
2018-01-04 21:07:00,0.0,0.0,0.0,0.0,0.0,0.0,0.0,0.0,0.0,0,0.0,25.7519,0.0,25.7519
2018-01-04 21:08:00,0.0,0.0,0.0,0.0,0.0,0.0,0.0,0.0,0.0,0,0.0,25.7306,0.0,25.7306
2018-01-04 21:09:00,0.0,0.0,0.0,0.0,0.0,0.0,0.0,0.0,0.0,0,0.0,25.7093,0.0,25.7093
2018-01-04 21:10:00,0.0,0.0,0.0,0.0,0.0,0.0,0.0,0.0,0.0,0,0.0,25.688,0.0,25.688
2018-01-04 21:11:00,0.0,0.0,0.0,0.0,0.0,0.0,0.0,0.0,0.0,0,0.0,25.7779,0.0,25.7779
2018-01-04 21:12:00,0.0,0.0,0.0,0.0,0.0,0.0,0.0,0.0,0.0,0,0.0,25.8678,0.0,25.8678
2018-01-04 21:13:00,0.0,0.0,0.0,0.0,0.0,0.0,0.0,0.0,0.0,0,0.0,25.9577,0.0,25.9577
2018-01-04 21:14:00,0.0,0.0,0.0,0.0,0.0,0.0,0.0,0.0,0.0,0,0.0,26.0476,0.0,26.0476
2018-01-04 21:15:00,0.0,0.0,0.0,0.0,0.0,0.0,0.0,0.0,0.0,0,0.0,26.1375,0.0,26.1375
2018-01-04 21:16:00,0.0,0.0,0.0,0.0,0.0,0.0,0.0,0.0,0.0,0,0.0,26.2274,0.0,26.2274
2018-01-04 21:17:00,0.0,0.0,0.0,0.0,0.0,0.0,0.0,0.0,0.0,0,0.0,26.3173,0.0,26.3173
2018-01-04 21:18:00,0.0,0.0,0.0,0.0,0.0,0.0,0.0,0.0,0.0,0,0.0,26.4072,0.0,26.4072
2018-01-04 21:19:00,0.0,0.0,0.0,0.0,0.0,0.0,0.0,0.0,0.0,0,0.0,26.4971,0.0,26.4971
2018-01-04 21:20:00,0.0,0.0,0.0,0.0,0.0,0.0,0.0,0.0,0.0,0,0.0,26.587,0.0,26.587
2018-01-04 21:21:00,0.0,0.0,0.0,0.0,0.0,0.0,0.0,0.0,0.0,0,0.0,26.7547,0.0,26.7547
2018-01-04 21:22:00,0.0,0.0,0.0,0.0,0.0,0.0,0.0,0.0,0.0,0,0.0,26.9224,0.0,26.9224
2018-01-04 21:23:00,0.0,0.0,0.0,0.0,0.0,0.0,0.0,0.0,0.0,0,0.0,27.0901,0.0,27.0901
2018-01-04 21:24:00,0.0,0.0,0.0,0.0,0.0,0.0,0.0,0.0,0.0,0,0.0,27.2578,0.0,27.2578
2018-01-04 21:25:00,0.0,0.0,0.0,0.0,0.0,0.0,0.0,0.0,0.0,0,0.0,27.4255,0.0,27.4255
2018-01-04 21:26:00,0.0,0.0,0.0,0.0,0.0,0.0,0.0,0.0,0.0,0,0.0,27.5932,0.0,27.5932
2018-01-04 21:27:00,0.0,0.0,0.0,0.0,0.0,0.0,0.0,0.0,0.0,0,0.0,27.7609,0.0,27.7609
2018-01-04 21:28:00,0.0,0.0,0.0,0.0,0.0,0.0,0.0,0.0,0.0,0,0.0,27.9286,0.0,27.9286
2018-01-04 21:29:00,0.0,0.0,0.0,0.0,0.0,0.0,0.0,0.0,0.0,0,0.0,28.0963,0.0,28.0963
2018-01-04 21:30:00,0.0,0.0,0.0,0.0,0.0,0.0,0.0,0.0,0.0,0,0.0,28.264,0.0,28.264
2018-01-04 21:31:00,0.0,0.0,0.0,0.0,0.0,0.0,0.0,0.0,0.0,0,0.0,27.9998,0.0,27.9998
2018-01-04 21:32:00,0.0,0.0,0.0,0.0,0.0,0.0,0.0,0.0,0.0,0,0.0,27.735599999999998,0.0,27.735599999999998
2018-01-04 21:33:00,0.0,0.0,0.0,0.0,0.0,0.0,0.0,0.0,0.0,0,0.0,27.4714,0.0,27.4714
2018-01-04 21:34:00,0.0,0.0,0.0,0.0,0.0,0.0,0.0,0.0,0.0,0,0.0,27.2072,0.0,27.2072
2018-01-04 21:35:00,0.0,0.0,0.0,0.0,0.0,0.0,0.0,0.0,0.0,0,0.0,26.942999999999998,0.0,26.942999999999998
2018-01-04 21:36:00,0.0,0.0,0.0,0.0,0.0,0.0,0.0,0.0,0.0,0,0.0,26.6788,0.0,26.6788
2018-01-04 21:37:00,0.0,0.0,0.0,0.0,0.0,0.0,0.0,0.0,0.0,0,0.0,26.4146,0.0,26.4146
2018-01-04 21:38:00,0.0,0.0,0.0,0.0,0.0,0.0,0.0,0.0,0.0,0,0.0,26.1504,0.0,26.1504
2018-01-04 21:39:00,0.0,0.0,0.0,0.0,0.0,0.0,0.0,0.0,0.0,0,0.0,25.8862,0.0,25.8862
2018-01-04 21:40:00,0.0,0.0,0.0,0.0,0.0,0.0,0.0,0.0,0.0,0,0.0,25.622,0.0,25.622
2018-01-04 21:41:00,0.0,0.0,0.0,0.0,0.0,0.0,0.0,0.0,0.0,0,0.0,25.752,0.0,25.752
2018-01-04 21:42:00,0.0,0.0,0.0,0.0,0.0,0.0,0.0,0.0,0.0,0,0.0,25.882,0.0,25.882
2018-01-04 21:43:00,0.0,0.0,0.0,0.0,0.0,0.0,0.0,0.0,0.0,0,0.0,26.012,0.0,26.012
2018-01-04 21:44:00,0.0,0.0,0.0,0.0,0.0,0.0,0.0,0.0,0.0,0,0.0,26.142,0.0,26.142
2018-01-04 21:45:00,0.0,0.0,0.0,0.0,0.0,0.0,0.0,0.0,0.0,0,0.0,26.272,0.0,26.272
2018-01-04 21:46:00,0.0,0.0,0.0,0.0,0.0,0.0,0.0,0.0,0.0,0,0.0,26.402,0.0,26.402
2018-01-04 21:47:00,0.0,0.0,0.0,0.0,0.0,0.0,0.0,0.0,0.0,0,0.0,26.532,0.0,26.532
2018-01-04 21:48:00,0.0,0.0,0.0,0.0,0.0,0.0,0.0,0.0,0.0,0,0.0,26.662,0.0,26.662
2018-01-04 21:49:00,0.0,0.0,0.0,0.0,0.0,0.0,0.0,0.0,0.0,0,0.0,26.792,0.0,26.792
2018-01-04 21:50:00,0.0,0.0,0.0,0.0,0.0,0.0,0.0,0.0,0.0,0,0.0,26.922,0.0,26.922
2018-01-04 21:51:00,0.0,0.0,0.0,0.0,0.0,0.0,0.0,0.0,0.0,0,0.0,26.9495,0.0,26.9495
2018-01-04 21:52:00,0.0,0.0,0.0,0.0,0.0,0.0,0.0,0.0,0.0,0,0.0,26.977,0.0,26.977
2018-01-04 21:53:00,0.0,0.0,0.0,0.0,0.0,0.0,0.0,0.0,0.0,0,0.0,27.0045,0.0,27.0045
2018-01-04 21:54:00,0.0,0.0,0.0,0.0,0.0,0.0,0.0,0.0,0.0,0,0.0,27.032,0.0,27.032
2018-01-04 21:55:00,0.0,0.0,0.0,0.0,0.0,0.0,0.0,0.0,0.0,0,0.0,27.0595,0.0,27.0595
2018-01-04 21:56:00,0.0,0.0,0.0,0.0,0.0,0.0,0.0,0.0,0.0,0,0.0,27.087,0.0,27.087
2018-01-04 21:57:00,0.0,0.0,0.0,0.0,0.0,0.0,0.0,0.0,0.0,0,0.0,27.1145,0.0,27.1145
2018-01-04 21:58:00,0.0,0.0,0.0,0.0,0.0,0.0,0.0,0.0,0.0,0,0.0,27.142,0.0,27.142
2018-01-04 21:59:00,0.0,0.0,0.0,0.0,0.0,0.0,0.0,0.0,0.0,0,0.0,27.1695,0.0,27.1695
2018-01-04 22:00:00,0.0,0.0,0.0,0.0,0.0,0.0,0.0,0.0,0.0,0,0.0,27.197,0.0,27.197
2018-01-04 22:01:00,0.0,0.0,0.0,0.0,0.0,0.0,0.0,0.0,0.0,0,0.0,27.1398,0.0,27.1398
2018-01-04 22:02:00,0.0,0.0,0.0,0.0,0.0,0.0,0.0,0.0,0.0,0,0.0,27.0826,0.0,27.0826
2018-01-04 22:03:00,0.0,0.0,0.0,0.0,0.0,0.0,0.0,0.0,0.0,0,0.0,27.025399999999998,0.0,27.025399999999998
2018-01-04 22:04:00,0.0,0.0,0.0,0.0,0.0,0.0,0.0,0.0,0.0,0,0.0,26.9682,0.0,26.9682
2018-01-04 22:05:00,0.0,0.0,0.0,0.0,0.0,0.0,0.0,0.0,0.0,0,0.0,26.911,0.0,26.911
2018-01-04 22:06:00,0.0,0.0,0.0,0.0,0.0,0.0,0.0,0.0,0.0,0,0.0,26.8538,0.0,26.8538
2018-01-04 22:07:00,0.0,0.0,0.0,0.0,0.0,0.0,0.0,0.0,0.0,0,0.0,26.796599999999998,0.0,26.796599999999998
2018-01-04 22:08:00,0.0,0.0,0.0,0.0,0.0,0.0,0.0,0.0,0.0,0,0.0,26.7394,0.0,26.7394
2018-01-04 22:09:00,0.0,0.0,0.0,0.0,0.0,0.0,0.0,0.0,0.0,0,0.0,26.6822,0.0,26.6822
2018-01-04 22:10:00,0.0,0.0,0.0,0.0,0.0,0.0,0.0,0.0,0.0,0,0.0,26.625,0.0,26.625
2018-01-04 22:11:00,0.0,0.0,0.0,0.0,0.0,0.0,0.0,0.0,0.0,0,0.0,26.6439,0.0,26.6439
2018-01-04 22:12:00,0.0,0.0,0.0,0.0,0.0,0.0,0.0,0.0,0.0,0,0.0,26.6628,0.0,26.6628
2018-01-04 22:13:00,0.0,0.0,0.0,0.0,0.0,0.0,0.0,0.0,0.0,0,0.0,26.6817,0.0,26.6817
2018-01-04 22:14:00,0.0,0.0,0.0,0.0,0.0,0.0,0.0,0.0,0.0,0,0.0,26.7006,0.0,26.7006
2018-01-04 22:15:00,0.0,0.0,0.0,0.0,0.0,0.0,0.0,0.0,0.0,0,0.0,26.7195,0.0,26.7195
2018-01-04 22:16:00,0.0,0.0,0.0,0.0,0.0,0.0,0.0,0.0,0.0,0,0.0,26.7384,0.0,26.7384
2018-01-04 22:17:00,0.0,0.0,0.0,0.0,0.0,0.0,0.0,0.0,0.0,0,0.0,26.7573,0.0,26.7573
2018-01-04 22:18:00,0.0,0.0,0.0,0.0,0.0,0.0,0.0,0.0,0.0,0,0.0,26.7762,0.0,26.7762
2018-01-04 22:19:00,0.0,0.0,0.0,0.0,0.0,0.0,0.0,0.0,0.0,0,0.0,26.7951,0.0,26.7951
2018-01-04 22:20:00,0.0,0.0,0.0,0.0,0.0,0.0,0.0,0.0,0.0,0,0.0,26.814,0.0,26.814
2018-01-04 22:21:00,0.0,0.0,0.0,0.0,0.0,0.0,0.0,0.0,0.0,0,0.0,26.361,0.0,26.361
2018-01-04 22:22:00,0.0,0.0,0.0,0.0,0.0,0.0,0.0,0.0,0.0,0,0.0,25.908,0.0,25.908
2018-01-04 22:23:00,0.0,0.0,0.0,0.0,0.0,0.0,0.0,0.0,0.0,0,0.0,25.455,0.0,25.455
2018-01-04 22:24:00,0.0,0.0,0.0,0.0,0.0,0.0,0.0,0.0,0.0,0,0.0,25.002,0.0,25.002
2018-01-04 22:25:00,0.0,0.0,0.0,0.0,0.0,0.0,0.0,0.0,0.0,0,0.0,24.549,0.0,24.549
2018-01-04 22:26:00,0.0,0.0,0.0,0.0,0.0,0.0,0.0,0.0,0.0,0,0.0,24.096,0.0,24.096
2018-01-04 22:27:00,0.0,0.0,0.0,0.0,0.0,0.0,0.0,0.0,0.0,0,0.0,23.643,0.0,23.643
2018-01-04 22:28:00,0.0,0.0,0.0,0.0,0.0,0.0,0.0,0.0,0.0,0,0.0,23.189999999999998,0.0,23.189999999999998
2018-01-04 22:29:00,0.0,0.0,0.0,0.0,0.0,0.0,0.0,0.0,0.0,0,0.0,22.737,0.0,22.737
2018-01-04 22:30:00,0.0,0.0,0.0,0.0,0.0,0.0,0.0,0.0,0.0,0,0.0,22.284,0.0,22.284
2018-01-04 22:31:00,0.0,0.0,0.0,0.0,0.0,0.0,0.0,0.0,0.0,0,0.0,22.145,0.0,22.145
2018-01-04 22:32:00,0.0,0.0,0.0,0.0,0.0,0.0,0.0,0.0,0.0,0,0.0,22.006,0.0,22.006
2018-01-04 22:33:00,0.0,0.0,0.0,0.0,0.0,0.0,0.0,0.0,0.0,0,0.0,21.866999999999997,0.0,21.866999999999997
2018-01-04 22:34:00,0.0,0.0,0.0,0.0,0.0,0.0,0.0,0.0,0.0,0,0.0,21.727999999999998,0.0,21.727999999999998
2018-01-04 22:35:00,0.0,0.0,0.0,0.0,0.0,0.0,0.0,0.0,0.0,0,0.0,21.589,0.0,21.589
2018-01-04 22:36:00,0.0,0.0,0.0,0.0,0.0,0.0,0.0,0.0,0.0,0,0.0,21.45,0.0,21.45
2018-01-04 22:37:00,0.0,0.0,0.0,0.0,0.0,0.0,0.0,0.0,0.0,0,0.0,21.311,0.0,21.311
2018-01-04 22:38:00,0.0,0.0,0.0,0.0,0.0,0.0,0.0,0.0,0.0,0,0.0,21.171999999999997,0.0,21.171999999999997
2018-01-04 22:39:00,0.0,0.0,0.0,0.0,0.0,0.0,0.0,0.0,0.0,0,0.0,21.032999999999998,0.0,21.032999999999998
2018-01-04 22:40:00,0.0,0.0,0.0,0.0,0.0,0.0,0.0,0.0,0.0,0,0.0,20.894,0.0,20.894
2018-01-04 22:41:00,0.0,0.0,0.0,0.0,0.0,0.0,0.0,0.0,0.0,0,0.0,20.808699999999998,0.0,20.808699999999998
2018-01-04 22:42:00,0.0,0.0,0.0,0.0,0.0,0.0,0.0,0.0,0.0,0,0.0,20.723399999999998,0.0,20.723399999999998
2018-01-04 22:43:00,0.0,0.0,0.0,0.0,0.0,0.0,0.0,0.0,0.0,0,0.0,20.638099999999998,0.0,20.638099999999998
2018-01-04 22:44:00,0.0,0.0,0.0,0.0,0.0,0.0,0.0,0.0,0.0,0,0.0,20.552799999999998,0.0,20.552799999999998
2018-01-04 22:45:00,0.0,0.0,0.0,0.0,0.0,0.0,0.0,0.0,0.0,0,0.0,20.4675,0.0,20.4675
2018-01-04 22:46:00,0.0,0.0,0.0,0.0,0.0,0.0,0.0,0.0,0.0,0,0.0,20.3822,0.0,20.3822
2018-01-04 22:47:00,0.0,0.0,0.0,0.0,0.0,0.0,0.0,0.0,0.0,0,0.0,20.2969,0.0,20.2969
2018-01-04 22:48:00,0.0,0.0,0.0,0.0,0.0,0.0,0.0,0.0,0.0,0,0.0,20.2116,0.0,20.2116
2018-01-04 22:49:00,0.0,0.0,0.0,0.0,0.0,0.0,0.0,0.0,0.0,0,0.0,20.1263,0.0,20.1263
2018-01-04 22:50:00,0.0,0.0,0.0,0.0,0.0,0.0,0.0,0.0,0.0,0,0.0,20.041,0.0,20.041
2018-01-04 22:51:00,0.0,0.0,0.0,0.0,0.0,0.0,0.0,0.0,0.0,0,0.0,20.3194,0.0,20.3194
2018-01-04 22:52:00,0.0,0.0,0.0,0.0,0.0,0.0,0.0,0.0,0.0,0,0.0,20.5978,0.0,20.5978
2018-01-04 22:53:00,0.0,0.0,0.0,0.0,0.0,0.0,0.0,0.0,0.0,0,0.0,20.8762,0.0,20.8762
2018-01-04 22:54:00,0.0,0.0,0.0,0.0,0.0,0.0,0.0,0.0,0.0,0,0.0,21.1546,0.0,21.1546
2018-01-04 22:55:00,0.0,0.0,0.0,0.0,0.0,0.0,0.0,0.0,0.0,0,0.0,21.433,0.0,21.433
2018-01-04 22:56:00,0.0,0.0,0.0,0.0,0.0,0.0,0.0,0.0,0.0,0,0.0,21.7114,0.0,21.7114
2018-01-04 22:57:00,0.0,0.0,0.0,0.0,0.0,0.0,0.0,0.0,0.0,0,0.0,21.9898,0.0,21.9898
2018-01-04 22:58:00,0.0,0.0,0.0,0.0,0.0,0.0,0.0,0.0,0.0,0,0.0,22.2682,0.0,22.2682
2018-01-04 22:59:00,0.0,0.0,0.0,0.0,0.0,0.0,0.0,0.0,0.0,0,0.0,22.546599999999998,0.0,22.546599999999998
2018-01-04 23:00:00,0.0,0.0,0.0,0.0,0.0,0.0,0.0,0.0,0.0,0,0.0,22.825,0.0,22.825
2018-01-04 23:01:00,0.0,0.0,0.0,0.0,0.0,0.0,0.0,0.0,0.0,0,0.0,22.8185,0.0,22.8185
2018-01-04 23:02:00,0.0,0.0,0.0,0.0,0.0,0.0,0.0,0.0,0.0,0,0.0,22.812,0.0,22.812
2018-01-04 23:03:00,0.0,0.0,0.0,0.0,0.0,0.0,0.0,0.0,0.0,0,0.0,22.8055,0.0,22.8055
2018-01-04 23:04:00,0.0,0.0,0.0,0.0,0.0,0.0,0.0,0.0,0.0,0,0.0,22.799,0.0,22.799
2018-01-04 23:05:00,0.0,0.0,0.0,0.0,0.0,0.0,0.0,0.0,0.0,0,0.0,22.7925,0.0,22.7925
2018-01-04 23:06:00,0.0,0.0,0.0,0.0,0.0,0.0,0.0,0.0,0.0,0,0.0,22.786,0.0,22.786
2018-01-04 23:07:00,0.0,0.0,0.0,0.0,0.0,0.0,0.0,0.0,0.0,0,0.0,22.779500000000002,0.0,22.779500000000002
2018-01-04 23:08:00,0.0,0.0,0.0,0.0,0.0,0.0,0.0,0.0,0.0,0,0.0,22.773,0.0,22.773
2018-01-04 23:09:00,0.0,0.0,0.0,0.0,0.0,0.0,0.0,0.0,0.0,0,0.0,22.7665,0.0,22.7665
2018-01-04 23:10:00,0.0,0.0,0.0,0.0,0.0,0.0,0.0,0.0,0.0,0,0.0,22.76,0.0,22.76
2018-01-04 23:11:00,0.0,0.0,0.0,0.0,0.0,0.0,0.0,0.0,0.0,0,0.0,22.943800000000003,0.0,22.943800000000003
2018-01-04 23:12:00,0.0,0.0,0.0,0.0,0.0,0.0,0.0,0.0,0.0,0,0.0,23.1276,0.0,23.1276
2018-01-04 23:13:00,0.0,0.0,0.0,0.0,0.0,0.0,0.0,0.0,0.0,0,0.0,23.3114,0.0,23.3114
2018-01-04 23:14:00,0.0,0.0,0.0,0.0,0.0,0.0,0.0,0.0,0.0,0,0.0,23.4952,0.0,23.4952
2018-01-04 23:15:00,0.0,0.0,0.0,0.0,0.0,0.0,0.0,0.0,0.0,0,0.0,23.679000000000002,0.0,23.679000000000002
2018-01-04 23:16:00,0.0,0.0,0.0,0.0,0.0,0.0,0.0,0.0,0.0,0,0.0,23.8628,0.0,23.8628
2018-01-04 23:17:00,0.0,0.0,0.0,0.0,0.0,0.0,0.0,0.0,0.0,0,0.0,24.046599999999998,0.0,24.046599999999998
2018-01-04 23:18:00,0.0,0.0,0.0,0.0,0.0,0.0,0.0,0.0,0.0,0,0.0,24.2304,0.0,24.2304
2018-01-04 23:19:00,0.0,0.0,0.0,0.0,0.0,0.0,0.0,0.0,0.0,0,0.0,24.4142,0.0,24.4142
2018-01-04 23:20:00,0.0,0.0,0.0,0.0,0.0,0.0,0.0,0.0,0.0,0,0.0,24.598,0.0,24.598
2018-01-04 23:21:00,0.0,0.0,0.0,0.0,0.0,0.0,0.0,0.0,0.0,0,0.0,24.237499999999997,0.0,24.237499999999997
2018-01-04 23:22:00,0.0,0.0,0.0,0.0,0.0,0.0,0.0,0.0,0.0,0,0.0,23.877,0.0,23.877
2018-01-04 23:23:00,0.0,0.0,0.0,0.0,0.0,0.0,0.0,0.0,0.0,0,0.0,23.5165,0.0,23.5165
2018-01-04 23:24:00,0.0,0.0,0.0,0.0,0.0,0.0,0.0,0.0,0.0,0,0.0,23.156,0.0,23.156
2018-01-04 23:25:00,0.0,0.0,0.0,0.0,0.0,0.0,0.0,0.0,0.0,0,0.0,22.795499999999997,0.0,22.795499999999997
2018-01-04 23:26:00,0.0,0.0,0.0,0.0,0.0,0.0,0.0,0.0,0.0,0,0.0,22.435,0.0,22.435
2018-01-04 23:27:00,0.0,0.0,0.0,0.0,0.0,0.0,0.0,0.0,0.0,0,0.0,22.0745,0.0,22.0745
2018-01-04 23:28:00,0.0,0.0,0.0,0.0,0.0,0.0,0.0,0.0,0.0,0,0.0,21.714,0.0,21.714
2018-01-04 23:29:00,0.0,0.0,0.0,0.0,0.0,0.0,0.0,0.0,0.0,0,0.0,21.353499999999997,0.0,21.353499999999997
2018-01-04 23:30:00,0.0,0.0,0.0,0.0,0.0,0.0,0.0,0.0,0.0,0,0.0,20.993,0.0,20.993
2018-01-04 23:31:00,0.0,0.0,0.0,0.0,0.0,0.0,0.0,0.0,0.0,0,0.0,21.1008,0.0,21.1008
2018-01-04 23:32:00,0.0,0.0,0.0,0.0,0.0,0.0,0.0,0.0,0.0,0,0.0,21.2086,0.0,21.2086
2018-01-04 23:33:00,0.0,0.0,0.0,0.0,0.0,0.0,0.0,0.0,0.0,0,0.0,21.316399999999998,0.0,21.316399999999998
2018-01-04 23:34:00,0.0,0.0,0.0,0.0,0.0,0.0,0.0,0.0,0.0,0,0.0,21.4242,0.0,21.4242
2018-01-04 23:35:00,0.0,0.0,0.0,0.0,0.0,0.0,0.0,0.0,0.0,0,0.0,21.532,0.0,21.532
2018-01-04 23:36:00,0.0,0.0,0.0,0.0,0.0,0.0,0.0,0.0,0.0,0,0.0,21.6398,0.0,21.6398
2018-01-04 23:37:00,0.0,0.0,0.0,0.0,0.0,0.0,0.0,0.0,0.0,0,0.0,21.747600000000002,0.0,21.747600000000002
2018-01-04 23:38:00,0.0,0.0,0.0,0.0,0.0,0.0,0.0,0.0,0.0,0,0.0,21.8554,0.0,21.8554
2018-01-04 23:39:00,0.0,0.0,0.0,0.0,0.0,0.0,0.0,0.0,0.0,0,0.0,21.9632,0.0,21.9632
2018-01-04 23:40:00,0.0,0.0,0.0,0.0,0.0,0.0,0.0,0.0,0.0,0,0.0,22.071,0.0,22.071
2018-01-04 23:41:00,0.0,0.0,0.0,0.0,0.0,0.0,0.0,0.0,0.0,0,0.0,22.141000000000002,0.0,22.141000000000002
2018-01-04 23:42:00,0.0,0.0,0.0,0.0,0.0,0.0,0.0,0.0,0.0,0,0.0,22.211000000000002,0.0,22.211000000000002
2018-01-04 23:43:00,0.0,0.0,0.0,0.0,0.0,0.0,0.0,0.0,0.0,0,0.0,22.281000000000002,0.0,22.281000000000002
2018-01-04 23:44:00,0.0,0.0,0.0,0.0,0.0,0.0,0.0,0.0,0.0,0,0.0,22.351000000000003,0.0,22.351000000000003
2018-01-04 23:45:00,0.0,0.0,0.0,0.0,0.0,0.0,0.0,0.0,0.0,0,0.0,22.421,0.0,22.421
2018-01-04 23:46:00,0.0,0.0,0.0,0.0,0.0,0.0,0.0,0.0,0.0,0,0.0,22.491,0.0,22.491
2018-01-04 23:47:00,0.0,0.0,0.0,0.0,0.0,0.0,0.0,0.0,0.0,0,0.0,22.561,0.0,22.561
2018-01-04 23:48:00,0.0,0.0,0.0,0.0,0.0,0.0,0.0,0.0,0.0,0,0.0,22.631,0.0,22.631
2018-01-04 23:49:00,0.0,0.0,0.0,0.0,0.0,0.0,0.0,0.0,0.0,0,0.0,22.701,0.0,22.701
2018-01-04 23:50:00,0.0,0.0,0.0,0.0,0.0,0.0,0.0,0.0,0.0,0,0.0,22.771,0.0,22.771
2018-01-04 23:51:00,0.0,0.0,0.0,0.0,0.0,0.0,0.0,0.0,0.0,0,0.0,22.9095,0.0,22.9095
2018-01-04 23:52:00,0.0,0.0,0.0,0.0,0.0,0.0,0.0,0.0,0.0,0,0.0,23.048000000000002,0.0,23.048000000000002
2018-01-04 23:53:00,0.0,0.0,0.0,0.0,0.0,0.0,0.0,0.0,0.0,0,0.0,23.1865,0.0,23.1865
2018-01-04 23:54:00,0.0,0.0,0.0,0.0,0.0,0.0,0.0,0.0,0.0,0,0.0,23.325,0.0,23.325
2018-01-04 23:55:00,0.0,0.0,0.0,0.0,0.0,0.0,0.0,0.0,0.0,0,0.0,23.4635,0.0,23.4635
2018-01-04 23:56:00,0.0,0.0,0.0,0.0,0.0,0.0,0.0,0.0,0.0,0,0.0,23.602,0.0,23.602
2018-01-04 23:57:00,0.0,0.0,0.0,0.0,0.0,0.0,0.0,0.0,0.0,0,0.0,23.7405,0.0,23.7405
2018-01-04 23:58:00,0.0,0.0,0.0,0.0,0.0,0.0,0.0,0.0,0.0,0,0.0,23.878999999999998,0.0,23.878999999999998
2018-01-04 23:59:00,0.0,0.0,0.0,0.0,0.0,0.0,0.0,0.0,0.0,0,0.0,24.0175,0.0,24.0175
2018-01-05 00:00:00,0.0,0.0,0.0,0.0,0.0,0.0,0.0,0.0,0.0,0,0.0,24.156,0.0,24.156
2018-01-05 00:01:00,0.0,0.0,0.0,0.0,0.0,0.0,0.0,0.0,0.0,0,0.0,23.8177,0.0,23.8177
2018-01-05 00:02:00,0.0,0.0,0.0,0.0,0.0,0.0,0.0,0.0,0.0,0,0.0,23.4794,0.0,23.4794
2018-01-05 00:03:00,0.0,0.0,0.0,0.0,0.0,0.0,0.0,0.0,0.0,0,0.0,23.141099999999998,0.0,23.141099999999998
2018-01-05 00:04:00,0.0,0.0,0.0,0.0,0.0,0.0,0.0,0.0,0.0,0,0.0,22.802799999999998,0.0,22.802799999999998
2018-01-05 00:05:00,0.0,0.0,0.0,0.0,0.0,0.0,0.0,0.0,0.0,0,0.0,22.4645,0.0,22.4645
2018-01-05 00:06:00,0.0,0.0,0.0,0.0,0.0,0.0,0.0,0.0,0.0,0,0.0,22.126199999999997,0.0,22.126199999999997
2018-01-05 00:07:00,0.0,0.0,0.0,0.0,0.0,0.0,0.0,0.0,0.0,0,0.0,21.7879,0.0,21.7879
2018-01-05 00:08:00,0.0,0.0,0.0,0.0,0.0,0.0,0.0,0.0,0.0,0,0.0,21.4496,0.0,21.4496
2018-01-05 00:09:00,0.0,0.0,0.0,0.0,0.0,0.0,0.0,0.0,0.0,0,0.0,21.1113,0.0,21.1113
2018-01-05 00:10:00,0.0,0.0,0.0,0.0,0.0,0.0,0.0,0.0,0.0,0,0.0,20.773,0.0,20.773
2018-01-05 00:11:00,0.0,0.0,0.0,0.0,0.0,0.0,0.0,0.0,0.0,0,0.0,20.6885,0.0,20.6885
2018-01-05 00:12:00,0.0,0.0,0.0,0.0,0.0,0.0,0.0,0.0,0.0,0,0.0,20.604,0.0,20.604
2018-01-05 00:13:00,0.0,0.0,0.0,0.0,0.0,0.0,0.0,0.0,0.0,0,0.0,20.5195,0.0,20.5195
2018-01-05 00:14:00,0.0,0.0,0.0,0.0,0.0,0.0,0.0,0.0,0.0,0,0.0,20.435,0.0,20.435
2018-01-05 00:15:00,0.0,0.0,0.0,0.0,0.0,0.0,0.0,0.0,0.0,0,0.0,20.3505,0.0,20.3505
2018-01-05 00:16:00,0.0,0.0,0.0,0.0,0.0,0.0,0.0,0.0,0.0,0,0.0,20.266000000000002,0.0,20.266000000000002
2018-01-05 00:17:00,0.0,0.0,0.0,0.0,0.0,0.0,0.0,0.0,0.0,0,0.0,20.1815,0.0,20.1815
2018-01-05 00:18:00,0.0,0.0,0.0,0.0,0.0,0.0,0.0,0.0,0.0,0,0.0,20.097,0.0,20.097
2018-01-05 00:19:00,0.0,0.0,0.0,0.0,0.0,0.0,0.0,0.0,0.0,0,0.0,20.0125,0.0,20.0125
2018-01-05 00:20:00,0.0,0.0,0.0,0.0,0.0,0.0,0.0,0.0,0.0,0,0.0,19.928,0.0,19.928
2018-01-05 00:21:00,0.0,0.0,0.0,0.0,0.0,0.0,0.0,0.0,0.0,0,0.0,20.182000000000002,0.0,20.182000000000002
2018-01-05 00:22:00,0.0,0.0,0.0,0.0,0.0,0.0,0.0,0.0,0.0,0,0.0,20.436,0.0,20.436
2018-01-05 00:23:00,0.0,0.0,0.0,0.0,0.0,0.0,0.0,0.0,0.0,0,0.0,20.69,0.0,20.69
2018-01-05 00:24:00,0.0,0.0,0.0,0.0,0.0,0.0,0.0,0.0,0.0,0,0.0,20.944,0.0,20.944
2018-01-05 00:25:00,0.0,0.0,0.0,0.0,0.0,0.0,0.0,0.0,0.0,0,0.0,21.198,0.0,21.198
2018-01-05 00:26:00,0.0,0.0,0.0,0.0,0.0,0.0,0.0,0.0,0.0,0,0.0,21.452,0.0,21.452
2018-01-05 00:27:00,0.0,0.0,0.0,0.0,0.0,0.0,0.0,0.0,0.0,0,0.0,21.706,0.0,21.706
2018-01-05 00:28:00,0.0,0.0,0.0,0.0,0.0,0.0,0.0,0.0,0.0,0,0.0,21.96,0.0,21.96
2018-01-05 00:29:00,0.0,0.0,0.0,0.0,0.0,0.0,0.0,0.0,0.0,0,0.0,22.214,0.0,22.214
2018-01-05 00:30:00,0.0,0.0,0.0,0.0,0.0,0.0,0.0,0.0,0.0,0,0.0,22.468,0.0,22.468
2018-01-05 00:31:00,0.0,0.0,0.0,0.0,0.0,0.0,0.0,0.0,0.0,0,0.0,22.4501,0.0,22.4501
2018-01-05 00:32:00,0.0,0.0,0.0,0.0,0.0,0.0,0.0,0.0,0.0,0,0.0,22.4322,0.0,22.4322
2018-01-05 00:33:00,0.0,0.0,0.0,0.0,0.0,0.0,0.0,0.0,0.0,0,0.0,22.4143,0.0,22.4143
2018-01-05 00:34:00,0.0,0.0,0.0,0.0,0.0,0.0,0.0,0.0,0.0,0,0.0,22.3964,0.0,22.3964
2018-01-05 00:35:00,0.0,0.0,0.0,0.0,0.0,0.0,0.0,0.0,0.0,0,0.0,22.378500000000003,0.0,22.378500000000003
2018-01-05 00:36:00,0.0,0.0,0.0,0.0,0.0,0.0,0.0,0.0,0.0,0,0.0,22.3606,0.0,22.3606
2018-01-05 00:37:00,0.0,0.0,0.0,0.0,0.0,0.0,0.0,0.0,0.0,0,0.0,22.3427,0.0,22.3427
2018-01-05 00:38:00,0.0,0.0,0.0,0.0,0.0,0.0,0.0,0.0,0.0,0,0.0,22.3248,0.0,22.3248
2018-01-05 00:39:00,0.0,0.0,0.0,0.0,0.0,0.0,0.0,0.0,0.0,0,0.0,22.306900000000002,0.0,22.306900000000002
2018-01-05 00:40:00,0.0,0.0,0.0,0.0,0.0,0.0,0.0,0.0,0.0,0,0.0,22.289,0.0,22.289
2018-01-05 00:41:00,0.0,0.0,0.0,0.0,0.0,0.0,0.0,0.0,0.0,0,0.0,22.2676,0.0,22.2676
2018-01-05 00:42:00,0.0,0.0,0.0,0.0,0.0,0.0,0.0,0.0,0.0,0,0.0,22.2462,0.0,22.2462
2018-01-05 00:43:00,0.0,0.0,0.0,0.0,0.0,0.0,0.0,0.0,0.0,0,0.0,22.224800000000002,0.0,22.224800000000002
2018-01-05 00:44:00,0.0,0.0,0.0,0.0,0.0,0.0,0.0,0.0,0.0,0,0.0,22.203400000000002,0.0,22.203400000000002
2018-01-05 00:45:00,0.0,0.0,0.0,0.0,0.0,0.0,0.0,0.0,0.0,0,0.0,22.182000000000002,0.0,22.182000000000002
2018-01-05 00:46:00,0.0,0.0,0.0,0.0,0.0,0.0,0.0,0.0,0.0,0,0.0,22.1606,0.0,22.1606
2018-01-05 00:47:00,0.0,0.0,0.0,0.0,0.0,0.0,0.0,0.0,0.0,0,0.0,22.1392,0.0,22.1392
2018-01-05 00:48:00,0.0,0.0,0.0,0.0,0.0,0.0,0.0,0.0,0.0,0,0.0,22.1178,0.0,22.1178
2018-01-05 00:49:00,0.0,0.0,0.0,0.0,0.0,0.0,0.0,0.0,0.0,0,0.0,22.0964,0.0,22.0964
2018-01-05 00:50:00,0.0,0.0,0.0,0.0,0.0,0.0,0.0,0.0,0.0,0,0.0,22.075,0.0,22.075
2018-01-05 00:51:00,0.0,0.0,0.0,0.0,0.0,0.0,0.0,0.0,0.0,0,0.0,21.6804,0.0,21.6804
2018-01-05 00:52:00,0.0,0.0,0.0,0.0,0.0,0.0,0.0,0.0,0.0,0,0.0,21.2858,0.0,21.2858
2018-01-05 00:53:00,0.0,0.0,0.0,0.0,0.0,0.0,0.0,0.0,0.0,0,0.0,20.8912,0.0,20.8912
2018-01-05 00:54:00,0.0,0.0,0.0,0.0,0.0,0.0,0.0,0.0,0.0,0,0.0,20.4966,0.0,20.4966
2018-01-05 00:55:00,0.0,0.0,0.0,0.0,0.0,0.0,0.0,0.0,0.0,0,0.0,20.102,0.0,20.102
2018-01-05 00:56:00,0.0,0.0,0.0,0.0,0.0,0.0,0.0,0.0,0.0,0,0.0,19.7074,0.0,19.7074
2018-01-05 00:57:00,0.0,0.0,0.0,0.0,0.0,0.0,0.0,0.0,0.0,0,0.0,19.3128,0.0,19.3128
2018-01-05 00:58:00,0.0,0.0,0.0,0.0,0.0,0.0,0.0,0.0,0.0,0,0.0,18.918200000000002,0.0,18.918200000000002
2018-01-05 00:59:00,0.0,0.0,0.0,0.0,0.0,0.0,0.0,0.0,0.0,0,0.0,18.523600000000002,0.0,18.523600000000002
2018-01-05 01:00:00,0.0,0.0,0.0,0.0,0.0,0.0,0.0,0.0,0.0,0,0.0,18.129,0.0,18.129
2018-01-05 01:01:00,0.0,0.0,0.0,0.0,0.0,0.0,0.0,0.0,0.0,0,0.0,18.273200000000003,0.0,18.273200000000003
2018-01-05 01:02:00,0.0,0.0,0.0,0.0,0.0,0.0,0.0,0.0,0.0,0,0.0,18.4174,0.0,18.4174
2018-01-05 01:03:00,0.0,0.0,0.0,0.0,0.0,0.0,0.0,0.0,0.0,0,0.0,18.561600000000002,0.0,18.561600000000002
2018-01-05 01:04:00,0.0,0.0,0.0,0.0,0.0,0.0,0.0,0.0,0.0,0,0.0,18.7058,0.0,18.7058
2018-01-05 01:05:00,0.0,0.0,0.0,0.0,0.0,0.0,0.0,0.0,0.0,0,0.0,18.85,0.0,18.85
2018-01-05 01:06:00,0.0,0.0,0.0,0.0,0.0,0.0,0.0,0.0,0.0,0,0.0,18.994200000000003,0.0,18.994200000000003
2018-01-05 01:07:00,0.0,0.0,0.0,0.0,0.0,0.0,0.0,0.0,0.0,0,0.0,19.1384,0.0,19.1384
2018-01-05 01:08:00,0.0,0.0,0.0,0.0,0.0,0.0,0.0,0.0,0.0,0,0.0,19.282600000000002,0.0,19.282600000000002
2018-01-05 01:09:00,0.0,0.0,0.0,0.0,0.0,0.0,0.0,0.0,0.0,0,0.0,19.4268,0.0,19.4268
2018-01-05 01:10:00,0.0,0.0,0.0,0.0,0.0,0.0,0.0,0.0,0.0,0,0.0,19.571,0.0,19.571
2018-01-05 01:11:00,0.0,0.0,0.0,0.0,0.0,0.0,0.0,0.0,0.0,0,0.0,19.524500000000003,0.0,19.524500000000003
2018-01-05 01:12:00,0.0,0.0,0.0,0.0,0.0,0.0,0.0,0.0,0.0,0,0.0,19.478,0.0,19.478
2018-01-05 01:13:00,0.0,0.0,0.0,0.0,0.0,0.0,0.0,0.0,0.0,0,0.0,19.4315,0.0,19.4315
2018-01-05 01:14:00,0.0,0.0,0.0,0.0,0.0,0.0,0.0,0.0,0.0,0,0.0,19.385,0.0,19.385
2018-01-05 01:15:00,0.0,0.0,0.0,0.0,0.0,0.0,0.0,0.0,0.0,0,0.0,19.338500000000003,0.0,19.338500000000003
2018-01-05 01:16:00,0.0,0.0,0.0,0.0,0.0,0.0,0.0,0.0,0.0,0,0.0,19.292,0.0,19.292
2018-01-05 01:17:00,0.0,0.0,0.0,0.0,0.0,0.0,0.0,0.0,0.0,0,0.0,19.2455,0.0,19.2455
2018-01-05 01:18:00,0.0,0.0,0.0,0.0,0.0,0.0,0.0,0.0,0.0,0,0.0,19.199,0.0,19.199
2018-01-05 01:19:00,0.0,0.0,0.0,0.0,0.0,0.0,0.0,0.0,0.0,0,0.0,19.152500000000003,0.0,19.152500000000003
2018-01-05 01:20:00,0.0,0.0,0.0,0.0,0.0,0.0,0.0,0.0,0.0,0,0.0,19.106,0.0,19.106
2018-01-05 01:21:00,0.0,0.0,0.0,0.0,0.0,0.0,0.0,0.0,0.0,0,0.0,19.111600000000003,0.0,19.111600000000003
2018-01-05 01:22:00,0.0,0.0,0.0,0.0,0.0,0.0,0.0,0.0,0.0,0,0.0,19.1172,0.0,19.1172
2018-01-05 01:23:00,0.0,0.0,0.0,0.0,0.0,0.0,0.0,0.0,0.0,0,0.0,19.1228,0.0,19.1228
2018-01-05 01:24:00,0.0,0.0,0.0,0.0,0.0,0.0,0.0,0.0,0.0,0,0.0,19.1284,0.0,19.1284
2018-01-05 01:25:00,0.0,0.0,0.0,0.0,0.0,0.0,0.0,0.0,0.0,0,0.0,19.134,0.0,19.134
2018-01-05 01:26:00,0.0,0.0,0.0,0.0,0.0,0.0,0.0,0.0,0.0,0,0.0,19.1396,0.0,19.1396
2018-01-05 01:27:00,0.0,0.0,0.0,0.0,0.0,0.0,0.0,0.0,0.0,0,0.0,19.1452,0.0,19.1452
2018-01-05 01:28:00,0.0,0.0,0.0,0.0,0.0,0.0,0.0,0.0,0.0,0,0.0,19.1508,0.0,19.1508
2018-01-05 01:29:00,0.0,0.0,0.0,0.0,0.0,0.0,0.0,0.0,0.0,0,0.0,19.156399999999998,0.0,19.156399999999998
2018-01-05 01:30:00,0.0,0.0,0.0,0.0,0.0,0.0,0.0,0.0,0.0,0,0.0,19.162,0.0,19.162
2018-01-05 01:31:00,0.0,0.0,0.0,0.0,0.0,0.0,0.0,0.0,0.0,0,0.0,19.2216,0.0,19.2216
2018-01-05 01:32:00,0.0,0.0,0.0,0.0,0.0,0.0,0.0,0.0,0.0,0,0.0,19.2812,0.0,19.2812
2018-01-05 01:33:00,0.0,0.0,0.0,0.0,0.0,0.0,0.0,0.0,0.0,0,0.0,19.340799999999998,0.0,19.340799999999998
2018-01-05 01:34:00,0.0,0.0,0.0,0.0,0.0,0.0,0.0,0.0,0.0,0,0.0,19.400399999999998,0.0,19.400399999999998
2018-01-05 01:35:00,0.0,0.0,0.0,0.0,0.0,0.0,0.0,0.0,0.0,0,0.0,19.46,0.0,19.46
2018-01-05 01:36:00,0.0,0.0,0.0,0.0,0.0,0.0,0.0,0.0,0.0,0,0.0,19.5196,0.0,19.5196
2018-01-05 01:37:00,0.0,0.0,0.0,0.0,0.0,0.0,0.0,0.0,0.0,0,0.0,19.5792,0.0,19.5792
2018-01-05 01:38:00,0.0,0.0,0.0,0.0,0.0,0.0,0.0,0.0,0.0,0,0.0,19.6388,0.0,19.6388
2018-01-05 01:39:00,0.0,0.0,0.0,0.0,0.0,0.0,0.0,0.0,0.0,0,0.0,19.6984,0.0,19.6984
2018-01-05 01:40:00,0.0,0.0,0.0,0.0,0.0,0.0,0.0,0.0,0.0,0,0.0,19.758,0.0,19.758
2018-01-05 01:41:00,0.0,0.0,0.0,0.0,0.0,0.0,0.0,0.0,0.0,0,0.0,19.534599999999998,0.0,19.534599999999998
2018-01-05 01:42:00,0.0,0.0,0.0,0.0,0.0,0.0,0.0,0.0,0.0,0,0.0,19.3112,0.0,19.3112
2018-01-05 01:43:00,0.0,0.0,0.0,0.0,0.0,0.0,0.0,0.0,0.0,0,0.0,19.0878,0.0,19.0878
2018-01-05 01:44:00,0.0,0.0,0.0,0.0,0.0,0.0,0.0,0.0,0.0,0,0.0,18.8644,0.0,18.8644
2018-01-05 01:45:00,0.0,0.0,0.0,0.0,0.0,0.0,0.0,0.0,0.0,0,0.0,18.641,0.0,18.641
2018-01-05 01:46:00,0.0,0.0,0.0,0.0,0.0,0.0,0.0,0.0,0.0,0,0.0,18.4176,0.0,18.4176
2018-01-05 01:47:00,0.0,0.0,0.0,0.0,0.0,0.0,0.0,0.0,0.0,0,0.0,18.194200000000002,0.0,18.194200000000002
2018-01-05 01:48:00,0.0,0.0,0.0,0.0,0.0,0.0,0.0,0.0,0.0,0,0.0,17.9708,0.0,17.9708
2018-01-05 01:49:00,0.0,0.0,0.0,0.0,0.0,0.0,0.0,0.0,0.0,0,0.0,17.7474,0.0,17.7474
2018-01-05 01:50:00,0.0,0.0,0.0,0.0,0.0,0.0,0.0,0.0,0.0,0,0.0,17.524,0.0,17.524
2018-01-05 01:51:00,0.0,0.0,0.0,0.0,0.0,0.0,0.0,0.0,0.0,0,0.0,17.7122,0.0,17.7122
2018-01-05 01:52:00,0.0,0.0,0.0,0.0,0.0,0.0,0.0,0.0,0.0,0,0.0,17.9004,0.0,17.9004
2018-01-05 01:53:00,0.0,0.0,0.0,0.0,0.0,0.0,0.0,0.0,0.0,0,0.0,18.0886,0.0,18.0886
2018-01-05 01:54:00,0.0,0.0,0.0,0.0,0.0,0.0,0.0,0.0,0.0,0,0.0,18.2768,0.0,18.2768
2018-01-05 01:55:00,0.0,0.0,0.0,0.0,0.0,0.0,0.0,0.0,0.0,0,0.0,18.465,0.0,18.465
2018-01-05 01:56:00,0.0,0.0,0.0,0.0,0.0,0.0,0.0,0.0,0.0,0,0.0,18.6532,0.0,18.6532
2018-01-05 01:57:00,0.0,0.0,0.0,0.0,0.0,0.0,0.0,0.0,0.0,0,0.0,18.8414,0.0,18.8414
2018-01-05 01:58:00,0.0,0.0,0.0,0.0,0.0,0.0,0.0,0.0,0.0,0,0.0,19.0296,0.0,19.0296
2018-01-05 01:59:00,0.0,0.0,0.0,0.0,0.0,0.0,0.0,0.0,0.0,0,0.0,19.2178,0.0,19.2178
2018-01-05 02:00:00,0.0,0.0,0.0,0.0,0.0,0.0,0.0,0.0,0.0,0,0.0,19.406,0.0,19.406
2018-01-05 02:01:00,0.0,0.0,0.0,0.0,0.0,0.0,0.0,0.0,0.0,0,0.0,19.2728,0.0,19.2728
2018-01-05 02:02:00,0.0,0.0,0.0,0.0,0.0,0.0,0.0,0.0,0.0,0,0.0,19.139599999999998,0.0,19.139599999999998
2018-01-05 02:03:00,0.0,0.0,0.0,0.0,0.0,0.0,0.0,0.0,0.0,0,0.0,19.0064,0.0,19.0064
2018-01-05 02:04:00,0.0,0.0,0.0,0.0,0.0,0.0,0.0,0.0,0.0,0,0.0,18.8732,0.0,18.8732
2018-01-05 02:05:00,0.0,0.0,0.0,0.0,0.0,0.0,0.0,0.0,0.0,0,0.0,18.740000000000002,0.0,18.740000000000002
2018-01-05 02:06:00,0.0,0.0,0.0,0.0,0.0,0.0,0.0,0.0,0.0,0,0.0,18.6068,0.0,18.6068
2018-01-05 02:07:00,0.0,0.0,0.0,0.0,0.0,0.0,0.0,0.0,0.0,0,0.0,18.4736,0.0,18.4736
2018-01-05 02:08:00,0.0,0.0,0.0,0.0,0.0,0.0,0.0,0.0,0.0,0,0.0,18.340400000000002,0.0,18.340400000000002
2018-01-05 02:09:00,0.0,0.0,0.0,0.0,0.0,0.0,0.0,0.0,0.0,0,0.0,18.2072,0.0,18.2072
2018-01-05 02:10:00,0.0,0.0,0.0,0.0,0.0,0.0,0.0,0.0,0.0,0,0.0,18.074,0.0,18.074
2018-01-05 02:11:00,0.0,0.0,0.0,0.0,0.0,0.0,0.0,0.0,0.0,0,0.0,18.076300000000003,0.0,18.076300000000003
2018-01-05 02:12:00,0.0,0.0,0.0,0.0,0.0,0.0,0.0,0.0,0.0,0,0.0,18.0786,0.0,18.0786
2018-01-05 02:13:00,0.0,0.0,0.0,0.0,0.0,0.0,0.0,0.0,0.0,0,0.0,18.0809,0.0,18.0809
2018-01-05 02:14:00,0.0,0.0,0.0,0.0,0.0,0.0,0.0,0.0,0.0,0,0.0,18.0832,0.0,18.0832
2018-01-05 02:15:00,0.0,0.0,0.0,0.0,0.0,0.0,0.0,0.0,0.0,0,0.0,18.085500000000003,0.0,18.085500000000003
2018-01-05 02:16:00,0.0,0.0,0.0,0.0,0.0,0.0,0.0,0.0,0.0,0,0.0,18.0878,0.0,18.0878
2018-01-05 02:17:00,0.0,0.0,0.0,0.0,0.0,0.0,0.0,0.0,0.0,0,0.0,18.0901,0.0,18.0901
2018-01-05 02:18:00,0.0,0.0,0.0,0.0,0.0,0.0,0.0,0.0,0.0,0,0.0,18.0924,0.0,18.0924
2018-01-05 02:19:00,0.0,0.0,0.0,0.0,0.0,0.0,0.0,0.0,0.0,0,0.0,18.094700000000003,0.0,18.094700000000003
2018-01-05 02:20:00,0.0,0.0,0.0,0.0,0.0,0.0,0.0,0.0,0.0,0,0.0,18.097,0.0,18.097
2018-01-05 02:21:00,0.0,0.0,0.0,0.0,0.0,0.0,0.0,0.0,0.0,0,0.0,18.1112,0.0,18.1112
2018-01-05 02:22:00,0.0,0.0,0.0,0.0,0.0,0.0,0.0,0.0,0.0,0,0.0,18.125400000000003,0.0,18.125400000000003
2018-01-05 02:23:00,0.0,0.0,0.0,0.0,0.0,0.0,0.0,0.0,0.0,0,0.0,18.1396,0.0,18.1396
2018-01-05 02:24:00,0.0,0.0,0.0,0.0,0.0,0.0,0.0,0.0,0.0,0,0.0,18.1538,0.0,18.1538
2018-01-05 02:25:00,0.0,0.0,0.0,0.0,0.0,0.0,0.0,0.0,0.0,0,0.0,18.168,0.0,18.168
2018-01-05 02:26:00,0.0,0.0,0.0,0.0,0.0,0.0,0.0,0.0,0.0,0,0.0,18.1822,0.0,18.1822
2018-01-05 02:27:00,0.0,0.0,0.0,0.0,0.0,0.0,0.0,0.0,0.0,0,0.0,18.1964,0.0,18.1964
2018-01-05 02:28:00,0.0,0.0,0.0,0.0,0.0,0.0,0.0,0.0,0.0,0,0.0,18.2106,0.0,18.2106
2018-01-05 02:29:00,0.0,0.0,0.0,0.0,0.0,0.0,0.0,0.0,0.0,0,0.0,18.224800000000002,0.0,18.224800000000002
2018-01-05 02:30:00,0.0,0.0,0.0,0.0,0.0,0.0,0.0,0.0,0.0,0,0.0,18.239,0.0,18.239
2018-01-05 02:31:00,0.0,0.0,0.0,0.0,0.0,0.0,0.0,0.0,0.0,0,0.0,18.385,0.0,18.385
2018-01-05 02:32:00,0.0,0.0,0.0,0.0,0.0,0.0,0.0,0.0,0.0,0,0.0,18.531000000000002,0.0,18.531000000000002
2018-01-05 02:33:00,0.0,0.0,0.0,0.0,0.0,0.0,0.0,0.0,0.0,0,0.0,18.677,0.0,18.677
2018-01-05 02:34:00,0.0,0.0,0.0,0.0,0.0,0.0,0.0,0.0,0.0,0,0.0,18.823,0.0,18.823
2018-01-05 02:35:00,0.0,0.0,0.0,0.0,0.0,0.0,0.0,0.0,0.0,0,0.0,18.969,0.0,18.969
2018-01-05 02:36:00,0.0,0.0,0.0,0.0,0.0,0.0,0.0,0.0,0.0,0,0.0,19.115000000000002,0.0,19.115000000000002
2018-01-05 02:37:00,0.0,0.0,0.0,0.0,0.0,0.0,0.0,0.0,0.0,0,0.0,19.261000000000003,0.0,19.261000000000003
2018-01-05 02:38:00,0.0,0.0,0.0,0.0,0.0,0.0,0.0,0.0,0.0,0,0.0,19.407,0.0,19.407
2018-01-05 02:39:00,0.0,0.0,0.0,0.0,0.0,0.0,0.0,0.0,0.0,0,0.0,19.553,0.0,19.553
2018-01-05 02:40:00,0.0,0.0,0.0,0.0,0.0,0.0,0.0,0.0,0.0,0,0.0,19.699,0.0,19.699
2018-01-05 02:41:00,0.0,0.0,0.0,0.0,0.0,0.0,0.0,0.0,0.0,0,0.0,19.7876,0.0,19.7876
2018-01-05 02:42:00,0.0,0.0,0.0,0.0,0.0,0.0,0.0,0.0,0.0,0,0.0,19.8762,0.0,19.8762
2018-01-05 02:43:00,0.0,0.0,0.0,0.0,0.0,0.0,0.0,0.0,0.0,0,0.0,19.9648,0.0,19.9648
2018-01-05 02:44:00,0.0,0.0,0.0,0.0,0.0,0.0,0.0,0.0,0.0,0,0.0,20.0534,0.0,20.0534
2018-01-05 02:45:00,0.0,0.0,0.0,0.0,0.0,0.0,0.0,0.0,0.0,0,0.0,20.142000000000003,0.0,20.142000000000003
2018-01-05 02:46:00,0.0,0.0,0.0,0.0,0.0,0.0,0.0,0.0,0.0,0,0.0,20.230600000000003,0.0,20.230600000000003
2018-01-05 02:47:00,0.0,0.0,0.0,0.0,0.0,0.0,0.0,0.0,0.0,0,0.0,20.319200000000002,0.0,20.319200000000002
2018-01-05 02:48:00,0.0,0.0,0.0,0.0,0.0,0.0,0.0,0.0,0.0,0,0.0,20.4078,0.0,20.4078
2018-01-05 02:49:00,0.0,0.0,0.0,0.0,0.0,0.0,0.0,0.0,0.0,0,0.0,20.4964,0.0,20.4964
2018-01-05 02:50:00,0.0,0.0,0.0,0.0,0.0,0.0,0.0,0.0,0.0,0,0.0,20.585,0.0,20.585
2018-01-05 02:51:00,0.0,0.0,0.0,0.0,0.0,0.0,0.0,0.0,0.0,0,0.0,20.438100000000002,0.0,20.438100000000002
2018-01-05 02:52:00,0.0,0.0,0.0,0.0,0.0,0.0,0.0,0.0,0.0,0,0.0,20.2912,0.0,20.2912
2018-01-05 02:53:00,0.0,0.0,0.0,0.0,0.0,0.0,0.0,0.0,0.0,0,0.0,20.1443,0.0,20.1443
2018-01-05 02:54:00,0.0,0.0,0.0,0.0,0.0,0.0,0.0,0.0,0.0,0,0.0,19.9974,0.0,19.9974
2018-01-05 02:55:00,0.0,0.0,0.0,0.0,0.0,0.0,0.0,0.0,0.0,0,0.0,19.8505,0.0,19.8505
2018-01-05 02:56:00,0.0,0.0,0.0,0.0,0.0,0.0,0.0,0.0,0.0,0,0.0,19.7036,0.0,19.7036
2018-01-05 02:57:00,0.0,0.0,0.0,0.0,0.0,0.0,0.0,0.0,0.0,0,0.0,19.5567,0.0,19.5567
2018-01-05 02:58:00,0.0,0.0,0.0,0.0,0.0,0.0,0.0,0.0,0.0,0,0.0,19.4098,0.0,19.4098
2018-01-05 02:59:00,0.0,0.0,0.0,0.0,0.0,0.0,0.0,0.0,0.0,0,0.0,19.2629,0.0,19.2629
2018-01-05 03:00:00,0.0,0.0,0.0,0.0,0.0,0.0,0.0,0.0,0.0,0,0.0,19.116,0.0,19.116
2018-01-05 03:01:00,0.0,0.0,0.0,0.0,0.0,0.0,0.0,0.0,0.0,0,0.0,19.1858,0.0,19.1858
2018-01-05 03:02:00,0.0,0.0,0.0,0.0,0.0,0.0,0.0,0.0,0.0,0,0.0,19.2556,0.0,19.2556
2018-01-05 03:03:00,0.0,0.0,0.0,0.0,0.0,0.0,0.0,0.0,0.0,0,0.0,19.3254,0.0,19.3254
2018-01-05 03:04:00,0.0,0.0,0.0,0.0,0.0,0.0,0.0,0.0,0.0,0,0.0,19.3952,0.0,19.3952
2018-01-05 03:05:00,0.0,0.0,0.0,0.0,0.0,0.0,0.0,0.0,0.0,0,0.0,19.465,0.0,19.465
2018-01-05 03:06:00,0.0,0.0,0.0,0.0,0.0,0.0,0.0,0.0,0.0,0,0.0,19.5348,0.0,19.5348
2018-01-05 03:07:00,0.0,0.0,0.0,0.0,0.0,0.0,0.0,0.0,0.0,0,0.0,19.6046,0.0,19.6046
2018-01-05 03:08:00,0.0,0.0,0.0,0.0,0.0,0.0,0.0,0.0,0.0,0,0.0,19.6744,0.0,19.6744
2018-01-05 03:09:00,0.0,0.0,0.0,0.0,0.0,0.0,0.0,0.0,0.0,0,0.0,19.7442,0.0,19.7442
2018-01-05 03:10:00,0.0,0.0,0.0,0.0,0.0,0.0,0.0,0.0,0.0,0,0.0,19.814,0.0,19.814
2018-01-05 03:11:00,0.0,0.0,0.0,0.0,0.0,0.0,0.0,0.0,0.0,0,0.0,19.7426,0.0,19.7426
2018-01-05 03:12:00,0.0,0.0,0.0,0.0,0.0,0.0,0.0,0.0,0.0,0,0.0,19.6712,0.0,19.6712
2018-01-05 03:13:00,0.0,0.0,0.0,0.0,0.0,0.0,0.0,0.0,0.0,0,0.0,19.599800000000002,0.0,19.599800000000002
2018-01-05 03:14:00,0.0,0.0,0.0,0.0,0.0,0.0,0.0,0.0,0.0,0,0.0,19.5284,0.0,19.5284
2018-01-05 03:15:00,0.0,0.0,0.0,0.0,0.0,0.0,0.0,0.0,0.0,0,0.0,19.457,0.0,19.457
2018-01-05 03:16:00,0.0,0.0,0.0,0.0,0.0,0.0,0.0,0.0,0.0,0,0.0,19.3856,0.0,19.3856
2018-01-05 03:17:00,0.0,0.0,0.0,0.0,0.0,0.0,0.0,0.0,0.0,0,0.0,19.3142,0.0,19.3142
2018-01-05 03:18:00,0.0,0.0,0.0,0.0,0.0,0.0,0.0,0.0,0.0,0,0.0,19.242800000000003,0.0,19.242800000000003
2018-01-05 03:19:00,0.0,0.0,0.0,0.0,0.0,0.0,0.0,0.0,0.0,0,0.0,19.171400000000002,0.0,19.171400000000002
2018-01-05 03:20:00,0.0,0.0,0.0,0.0,0.0,0.0,0.0,0.0,0.0,0,0.0,19.1,0.0,19.1
2018-01-05 03:21:00,0.0,0.0,0.0,0.0,0.0,0.0,0.0,0.0,0.0,0,0.0,19.0684,0.0,19.0684
2018-01-05 03:22:00,0.0,0.0,0.0,0.0,0.0,0.0,0.0,0.0,0.0,0,0.0,19.0368,0.0,19.0368
2018-01-05 03:23:00,0.0,0.0,0.0,0.0,0.0,0.0,0.0,0.0,0.0,0,0.0,19.005200000000002,0.0,19.005200000000002
2018-01-05 03:24:00,0.0,0.0,0.0,0.0,0.0,0.0,0.0,0.0,0.0,0,0.0,18.9736,0.0,18.9736
2018-01-05 03:25:00,0.0,0.0,0.0,0.0,0.0,0.0,0.0,0.0,0.0,0,0.0,18.942,0.0,18.942
2018-01-05 03:26:00,0.0,0.0,0.0,0.0,0.0,0.0,0.0,0.0,0.0,0,0.0,18.9104,0.0,18.9104
2018-01-05 03:27:00,0.0,0.0,0.0,0.0,0.0,0.0,0.0,0.0,0.0,0,0.0,18.8788,0.0,18.8788
2018-01-05 03:28:00,0.0,0.0,0.0,0.0,0.0,0.0,0.0,0.0,0.0,0,0.0,18.8472,0.0,18.8472
2018-01-05 03:29:00,0.0,0.0,0.0,0.0,0.0,0.0,0.0,0.0,0.0,0,0.0,18.8156,0.0,18.8156
2018-01-05 03:30:00,0.0,0.0,0.0,0.0,0.0,0.0,0.0,0.0,0.0,0,0.0,18.784,0.0,18.784
2018-01-05 03:31:00,0.0,0.0,0.0,0.0,0.0,0.0,0.0,0.0,0.0,0,0.0,18.737499999999997,0.0,18.737499999999997
2018-01-05 03:32:00,0.0,0.0,0.0,0.0,0.0,0.0,0.0,0.0,0.0,0,0.0,18.691,0.0,18.691
2018-01-05 03:33:00,0.0,0.0,0.0,0.0,0.0,0.0,0.0,0.0,0.0,0,0.0,18.6445,0.0,18.6445
2018-01-05 03:34:00,0.0,0.0,0.0,0.0,0.0,0.0,0.0,0.0,0.0,0,0.0,18.598,0.0,18.598
2018-01-05 03:35:00,0.0,0.0,0.0,0.0,0.0,0.0,0.0,0.0,0.0,0,0.0,18.551499999999997,0.0,18.551499999999997
2018-01-05 03:36:00,0.0,0.0,0.0,0.0,0.0,0.0,0.0,0.0,0.0,0,0.0,18.505,0.0,18.505
2018-01-05 03:37:00,0.0,0.0,0.0,0.0,0.0,0.0,0.0,0.0,0.0,0,0.0,18.4585,0.0,18.4585
2018-01-05 03:38:00,0.0,0.0,0.0,0.0,0.0,0.0,0.0,0.0,0.0,0,0.0,18.412,0.0,18.412
2018-01-05 03:39:00,0.0,0.0,0.0,0.0,0.0,0.0,0.0,0.0,0.0,0,0.0,18.365499999999997,0.0,18.365499999999997
2018-01-05 03:40:00,0.0,0.0,0.0,0.0,0.0,0.0,0.0,0.0,0.0,0,0.0,18.319,0.0,18.319
2018-01-05 03:41:00,0.0,0.0,0.0,0.0,0.0,0.0,0.0,0.0,0.0,0,0.0,18.3542,0.0,18.3542
2018-01-05 03:42:00,0.0,0.0,0.0,0.0,0.0,0.0,0.0,0.0,0.0,0,0.0,18.3894,0.0,18.3894
2018-01-05 03:43:00,0.0,0.0,0.0,0.0,0.0,0.0,0.0,0.0,0.0,0,0.0,18.424599999999998,0.0,18.424599999999998
2018-01-05 03:44:00,0.0,0.0,0.0,0.0,0.0,0.0,0.0,0.0,0.0,0,0.0,18.459799999999998,0.0,18.459799999999998
2018-01-05 03:45:00,0.0,0.0,0.0,0.0,0.0,0.0,0.0,0.0,0.0,0,0.0,18.494999999999997,0.0,18.494999999999997
2018-01-05 03:46:00,0.0,0.0,0.0,0.0,0.0,0.0,0.0,0.0,0.0,0,0.0,18.5302,0.0,18.5302
2018-01-05 03:47:00,0.0,0.0,0.0,0.0,0.0,0.0,0.0,0.0,0.0,0,0.0,18.5654,0.0,18.5654
2018-01-05 03:48:00,0.0,0.0,0.0,0.0,0.0,0.0,0.0,0.0,0.0,0,0.0,18.6006,0.0,18.6006
2018-01-05 03:49:00,0.0,0.0,0.0,0.0,0.0,0.0,0.0,0.0,0.0,0,0.0,18.6358,0.0,18.6358
2018-01-05 03:50:00,0.0,0.0,0.0,0.0,0.0,0.0,0.0,0.0,0.0,0,0.0,18.671,0.0,18.671
2018-01-05 03:51:00,0.0,0.0,0.0,0.0,0.0,0.0,0.0,0.0,0.0,0,0.0,18.8018,0.0,18.8018
2018-01-05 03:52:00,0.0,0.0,0.0,0.0,0.0,0.0,0.0,0.0,0.0,0,0.0,18.9326,0.0,18.9326
2018-01-05 03:53:00,0.0,0.0,0.0,0.0,0.0,0.0,0.0,0.0,0.0,0,0.0,19.063399999999998,0.0,19.063399999999998
2018-01-05 03:54:00,0.0,0.0,0.0,0.0,0.0,0.0,0.0,0.0,0.0,0,0.0,19.1942,0.0,19.1942
2018-01-05 03:55:00,0.0,0.0,0.0,0.0,0.0,0.0,0.0,0.0,0.0,0,0.0,19.325,0.0,19.325
2018-01-05 03:56:00,0.0,0.0,0.0,0.0,0.0,0.0,0.0,0.0,0.0,0,0.0,19.4558,0.0,19.4558
2018-01-05 03:57:00,0.0,0.0,0.0,0.0,0.0,0.0,0.0,0.0,0.0,0,0.0,19.5866,0.0,19.5866
2018-01-05 03:58:00,0.0,0.0,0.0,0.0,0.0,0.0,0.0,0.0,0.0,0,0.0,19.717399999999998,0.0,19.717399999999998
2018-01-05 03:59:00,0.0,0.0,0.0,0.0,0.0,0.0,0.0,0.0,0.0,0,0.0,19.8482,0.0,19.8482
2018-01-05 04:00:00,0.0,0.0,0.0,0.0,0.0,0.0,0.0,0.0,0.0,0,0.0,19.979,0.0,19.979
2018-01-05 04:01:00,0.0,0.0,0.0,0.0,0.0,0.0,0.0,0.0,0.0,0,0.0,19.9701,0.0,19.9701
2018-01-05 04:02:00,0.0,0.0,0.0,0.0,0.0,0.0,0.0,0.0,0.0,0,0.0,19.961199999999998,0.0,19.961199999999998
2018-01-05 04:03:00,0.0,0.0,0.0,0.0,0.0,0.0,0.0,0.0,0.0,0,0.0,19.9523,0.0,19.9523
2018-01-05 04:04:00,0.0,0.0,0.0,0.0,0.0,0.0,0.0,0.0,0.0,0,0.0,19.9434,0.0,19.9434
2018-01-05 04:05:00,0.0,0.0,0.0,0.0,0.0,0.0,0.0,0.0,0.0,0,0.0,19.9345,0.0,19.9345
2018-01-05 04:06:00,0.0,0.0,0.0,0.0,0.0,0.0,0.0,0.0,0.0,0,0.0,19.9256,0.0,19.9256
2018-01-05 04:07:00,0.0,0.0,0.0,0.0,0.0,0.0,0.0,0.0,0.0,0,0.0,19.9167,0.0,19.9167
2018-01-05 04:08:00,0.0,0.0,0.0,0.0,0.0,0.0,0.0,0.0,0.0,0,0.0,19.9078,0.0,19.9078
2018-01-05 04:09:00,0.0,0.0,0.0,0.0,0.0,0.0,0.0,0.0,0.0,0,0.0,19.8989,0.0,19.8989
2018-01-05 04:10:00,0.0,0.0,0.0,0.0,0.0,0.0,0.0,0.0,0.0,0,0.0,19.89,0.0,19.89
2018-01-05 04:11:00,0.0,0.0,0.0,0.0,0.0,0.0,0.0,0.0,0.0,0,0.0,19.7337,0.0,19.7337
2018-01-05 04:12:00,0.0,0.0,0.0,0.0,0.0,0.0,0.0,0.0,0.0,0,0.0,19.5774,0.0,19.5774
2018-01-05 04:13:00,0.0,0.0,0.0,0.0,0.0,0.0,0.0,0.0,0.0,0,0.0,19.421100000000003,0.0,19.421100000000003
2018-01-05 04:14:00,0.0,0.0,0.0,0.0,0.0,0.0,0.0,0.0,0.0,0,0.0,19.2648,0.0,19.2648
2018-01-05 04:15:00,0.0,0.0,0.0,0.0,0.0,0.0,0.0,0.0,0.0,0,0.0,19.1085,0.0,19.1085
2018-01-05 04:16:00,0.0,0.0,0.0,0.0,0.0,0.0,0.0,0.0,0.0,0,0.0,18.9522,0.0,18.9522
2018-01-05 04:17:00,0.0,0.0,0.0,0.0,0.0,0.0,0.0,0.0,0.0,0,0.0,18.795900000000003,0.0,18.795900000000003
2018-01-05 04:18:00,0.0,0.0,0.0,0.0,0.0,0.0,0.0,0.0,0.0,0,0.0,18.6396,0.0,18.6396
2018-01-05 04:19:00,0.0,0.0,0.0,0.0,0.0,0.0,0.0,0.0,0.0,0,0.0,18.4833,0.0,18.4833
2018-01-05 04:20:00,0.0,0.0,0.0,0.0,0.0,0.0,0.0,0.0,0.0,0,0.0,18.327,0.0,18.327
2018-01-05 04:21:00,0.0,0.0,0.0,0.0,0.0,0.0,0.0,0.0,0.0,0,0.0,18.419700000000002,0.0,18.419700000000002
2018-01-05 04:22:00,0.0,0.0,0.0,0.0,0.0,0.0,0.0,0.0,0.0,0,0.0,18.512400000000003,0.0,18.512400000000003
2018-01-05 04:23:00,0.0,0.0,0.0,0.0,0.0,0.0,0.0,0.0,0.0,0,0.0,18.6051,0.0,18.6051
2018-01-05 04:24:00,0.0,0.0,0.0,0.0,0.0,0.0,0.0,0.0,0.0,0,0.0,18.6978,0.0,18.6978
2018-01-05 04:25:00,0.0,0.0,0.0,0.0,0.0,0.0,0.0,0.0,0.0,0,0.0,18.7905,0.0,18.7905
2018-01-05 04:26:00,0.0,0.0,0.0,0.0,0.0,0.0,0.0,0.0,0.0,0,0.0,18.883200000000002,0.0,18.883200000000002
2018-01-05 04:27:00,0.0,0.0,0.0,0.0,0.0,0.0,0.0,0.0,0.0,0,0.0,18.975900000000003,0.0,18.975900000000003
2018-01-05 04:28:00,0.0,0.0,0.0,0.0,0.0,0.0,0.0,0.0,0.0,0,0.0,19.0686,0.0,19.0686
2018-01-05 04:29:00,0.0,0.0,0.0,0.0,0.0,0.0,0.0,0.0,0.0,0,0.0,19.1613,0.0,19.1613
2018-01-05 04:30:00,0.0,0.0,0.0,0.0,0.0,0.0,0.0,0.0,0.0,0,0.0,19.254,0.0,19.254
2018-01-05 04:31:00,0.0,0.0,0.0,0.0,0.0,0.0,0.0,0.0,0.0,0,0.0,19.1901,0.0,19.1901
2018-01-05 04:32:00,0.0,0.0,0.0,0.0,0.0,0.0,0.0,0.0,0.0,0,0.0,19.1262,0.0,19.1262
2018-01-05 04:33:00,0.0,0.0,0.0,0.0,0.0,0.0,0.0,0.0,0.0,0,0.0,19.0623,0.0,19.0623
2018-01-05 04:34:00,0.0,0.0,0.0,0.0,0.0,0.0,0.0,0.0,0.0,0,0.0,18.9984,0.0,18.9984
2018-01-05 04:35:00,0.0,0.0,0.0,0.0,0.0,0.0,0.0,0.0,0.0,0,0.0,18.9345,0.0,18.9345
2018-01-05 04:36:00,0.0,0.0,0.0,0.0,0.0,0.0,0.0,0.0,0.0,0,0.0,18.8706,0.0,18.8706
2018-01-05 04:37:00,0.0,0.0,0.0,0.0,0.0,0.0,0.0,0.0,0.0,0,0.0,18.8067,0.0,18.8067
2018-01-05 04:38:00,0.0,0.0,0.0,0.0,0.0,0.0,0.0,0.0,0.0,0,0.0,18.7428,0.0,18.7428
2018-01-05 04:39:00,0.0,0.0,0.0,0.0,0.0,0.0,0.0,0.0,0.0,0,0.0,18.6789,0.0,18.6789
2018-01-05 04:40:00,0.0,0.0,0.0,0.0,0.0,0.0,0.0,0.0,0.0,0,0.0,18.615,0.0,18.615
2018-01-05 04:41:00,0.0,0.0,0.0,0.0,0.0,0.0,0.0,0.0,0.0,0,0.0,18.7976,0.0,18.7976
2018-01-05 04:42:00,0.0,0.0,0.0,0.0,0.0,0.0,0.0,0.0,0.0,0,0.0,18.9802,0.0,18.9802
2018-01-05 04:43:00,0.0,0.0,0.0,0.0,0.0,0.0,0.0,0.0,0.0,0,0.0,19.162799999999997,0.0,19.162799999999997
2018-01-05 04:44:00,0.0,0.0,0.0,0.0,0.0,0.0,0.0,0.0,0.0,0,0.0,19.345399999999998,0.0,19.345399999999998
2018-01-05 04:45:00,0.0,0.0,0.0,0.0,0.0,0.0,0.0,0.0,0.0,0,0.0,19.528,0.0,19.528
2018-01-05 04:46:00,0.0,0.0,0.0,0.0,0.0,0.0,0.0,0.0,0.0,0,0.0,19.7106,0.0,19.7106
2018-01-05 04:47:00,0.0,0.0,0.0,0.0,0.0,0.0,0.0,0.0,0.0,0,0.0,19.8932,0.0,19.8932
2018-01-05 04:48:00,0.0,0.0,0.0,0.0,0.0,0.0,0.0,0.0,0.0,0,0.0,20.075799999999997,0.0,20.075799999999997
2018-01-05 04:49:00,0.0,0.0,0.0,0.0,0.0,0.0,0.0,0.0,0.0,0,0.0,20.258399999999998,0.0,20.258399999999998
2018-01-05 04:50:00,0.0,0.0,0.0,0.0,0.0,0.0,0.0,0.0,0.0,0,0.0,20.441,0.0,20.441
2018-01-05 04:51:00,0.0,0.0,0.0,0.0,0.0,0.0,0.0,0.0,0.0,0,0.0,21.356199999999998,0.0,21.356199999999998
2018-01-05 04:52:00,0.0,0.0,0.0,0.0,0.0,0.0,0.0,0.0,0.0,0,0.0,22.2714,0.0,22.2714
2018-01-05 04:53:00,0.0,0.0,0.0,0.0,0.0,0.0,0.0,0.0,0.0,0,0.0,23.1866,0.0,23.1866
2018-01-05 04:54:00,0.0,0.0,0.0,0.0,0.0,0.0,0.0,0.0,0.0,0,0.0,24.1018,0.0,24.1018
2018-01-05 04:55:00,0.0,0.0,0.0,0.0,0.0,0.0,0.0,0.0,0.0,0,0.0,25.017,0.0,25.017
2018-01-05 04:56:00,0.0,0.0,0.0,0.0,0.0,0.0,0.0,0.0,0.0,0,0.0,25.9322,0.0,25.9322
2018-01-05 04:57:00,0.0,0.0,0.0,0.0,0.0,0.0,0.0,0.0,0.0,0,0.0,26.8474,0.0,26.8474
2018-01-05 04:58:00,0.0,0.0,0.0,0.0,0.0,0.0,0.0,0.0,0.0,0,0.0,27.7626,0.0,27.7626
2018-01-05 04:59:00,0.0,0.0,0.0,0.0,0.0,0.0,0.0,0.0,0.0,0,0.0,28.677799999999998,0.0,28.677799999999998
2018-01-05 05:00:00,0.0,0.0,0.0,0.0,0.0,0.0,0.0,0.0,0.0,0,0.0,29.593,0.0,29.593
2018-01-05 05:01:00,0.0,0.0,0.0,0.0,0.0,0.0,0.0,0.0,0.0,0,0.0,29.7222,0.0,29.7222
2018-01-05 05:02:00,0.0,0.0,0.0,0.0,0.0,0.0,0.0,0.0,0.0,0,0.0,29.8514,0.0,29.8514
2018-01-05 05:03:00,0.0,0.0,0.0,0.0,0.0,0.0,0.0,0.0,0.0,0,0.0,29.9806,0.0,29.9806
2018-01-05 05:04:00,0.0,0.0,0.0,0.0,0.0,0.0,0.0,0.0,0.0,0,0.0,30.1098,0.0,30.1098
2018-01-05 05:05:00,0.0,0.0,0.0,0.0,0.0,0.0,0.0,0.0,0.0,0,0.0,30.239,0.0,30.239
2018-01-05 05:06:00,0.0,0.0,0.0,0.0,0.0,0.0,0.0,0.0,0.0,0,0.0,30.3682,0.0,30.3682
2018-01-05 05:07:00,0.0,0.0,0.0,0.0,0.0,0.0,0.0,0.0,0.0,0,0.0,30.497400000000003,0.0,30.497400000000003
2018-01-05 05:08:00,0.0,0.0,0.0,0.0,0.0,0.0,0.0,0.0,0.0,0,0.0,30.6266,0.0,30.6266
2018-01-05 05:09:00,0.0,0.0,0.0,0.0,0.0,0.0,0.0,0.0,0.0,0,0.0,30.7558,0.0,30.7558
2018-01-05 05:10:00,0.0,0.0,0.0,0.0,0.0,0.0,0.0,0.0,0.0,0,0.0,30.885,0.0,30.885
2018-01-05 05:11:00,0.0,0.0,0.0,0.0,0.0,0.0,0.0,0.0,0.0,0,0.0,31.390800000000002,0.0,31.390800000000002
2018-01-05 05:12:00,0.0,0.0,0.0,0.0,0.0,0.0,0.0,0.0,0.0,0,0.0,31.8966,0.0,31.8966
2018-01-05 05:13:00,0.0,0.0,0.0,0.0,0.0,0.0,0.0,0.0,0.0,0,0.0,32.4024,0.0,32.4024
2018-01-05 05:14:00,0.0,0.0,0.0,0.0,0.0,0.0,0.0,0.0,0.0,0,0.0,32.9082,0.0,32.9082
2018-01-05 05:15:00,0.0,0.0,0.0,0.0,0.0,0.0,0.0,0.0,0.0,0,0.0,33.414,0.0,33.414
2018-01-05 05:16:00,0.0,0.0,0.0,0.0,0.0,0.0,0.0,0.0,0.0,0,0.0,33.9198,0.0,33.9198
2018-01-05 05:17:00,0.0,0.0,0.0,0.0,0.0,0.0,0.0,0.0,0.0,0,0.0,34.425599999999996,0.0,34.425599999999996
2018-01-05 05:18:00,0.0,0.0,0.0,0.0,0.0,0.0,0.0,0.0,0.0,0,0.0,34.9314,0.0,34.9314
2018-01-05 05:19:00,0.0,0.0,0.0,0.0,0.0,0.0,0.0,0.0,0.0,0,0.0,35.4372,0.0,35.4372
2018-01-05 05:20:00,0.0,0.0,0.0,0.0,0.0,0.0,0.0,0.0,0.0,0,0.0,35.943,0.0,35.943
2018-01-05 05:21:00,0.0,0.0,0.0,0.0,0.0,0.0,0.0,0.0,0.0,0,0.0,36.3253,0.0,36.3253
2018-01-05 05:22:00,0.0,0.0,0.0,0.0,0.0,0.0,0.0,0.0,0.0,0,0.0,36.7076,0.0,36.7076
2018-01-05 05:23:00,0.0,0.0,0.0,0.0,0.0,0.0,0.0,0.0,0.0,0,0.0,37.0899,0.0,37.0899
2018-01-05 05:24:00,0.0,0.0,0.0,0.0,0.0,0.0,0.0,0.0,0.0,0,0.0,37.4722,0.0,37.4722
2018-01-05 05:25:00,0.0,0.0,0.0,0.0,0.0,0.0,0.0,0.0,0.0,0,0.0,37.8545,0.0,37.8545
2018-01-05 05:26:00,0.0,0.0,0.0,0.0,0.0,0.0,0.0,0.0,0.0,0,0.0,38.236799999999995,0.0,38.236799999999995
2018-01-05 05:27:00,0.0,0.0,0.0,0.0,0.0,0.0,0.0,0.0,0.0,0,0.0,38.619099999999996,0.0,38.619099999999996
2018-01-05 05:28:00,0.0,0.0,0.0,0.0,0.0,0.0,0.0,0.0,0.0,0,0.0,39.0014,0.0,39.0014
2018-01-05 05:29:00,0.0,0.0,0.0,0.0,0.0,0.0,0.0,0.0,0.0,0,0.0,39.3837,0.0,39.3837
2018-01-05 05:30:00,0.0,0.0,0.0,0.0,0.0,0.0,0.0,0.0,0.0,0,0.0,39.766,0.0,39.766
2018-01-05 05:31:00,0.0,0.0,0.0,0.0,0.0,0.0,0.0,0.0,0.0,0,0.0,39.6065,0.0,39.6065
2018-01-05 05:32:00,0.0,0.0,0.0,0.0,0.0,0.0,0.0,0.0,0.0,0,0.0,39.446999999999996,0.0,39.446999999999996
2018-01-05 05:33:00,0.0,0.0,0.0,0.0,0.0,0.0,0.0,0.0,0.0,0,0.0,39.2875,0.0,39.2875
2018-01-05 05:34:00,0.0,0.0,0.0,0.0,0.0,0.0,0.0,0.0,0.0,0,0.0,39.128,0.0,39.128
2018-01-05 05:35:00,0.0,0.0,0.0,0.0,0.0,0.0,0.0,0.0,0.0,0,0.0,38.9685,0.0,38.9685
2018-01-05 05:36:00,0.0,0.0,0.0,0.0,0.0,0.0,0.0,0.0,0.0,0,0.0,38.809,0.0,38.809
2018-01-05 05:37:00,0.0,0.0,0.0,0.0,0.0,0.0,0.0,0.0,0.0,0,0.0,38.649499999999996,0.0,38.649499999999996
2018-01-05 05:38:00,0.0,0.0,0.0,0.0,0.0,0.0,0.0,0.0,0.0,0,0.0,38.49,0.0,38.49
2018-01-05 05:39:00,0.0,0.0,0.0,0.0,0.0,0.0,0.0,0.0,0.0,0,0.0,38.3305,0.0,38.3305
2018-01-05 05:40:00,0.0,0.0,0.0,0.0,0.0,0.0,0.0,0.0,0.0,0,0.0,38.171,0.0,38.171
2018-01-05 05:41:00,0.0,0.0,0.0,0.0,0.0,0.0,0.0,0.0,0.0,0,0.0,37.7121,0.0,37.7121
2018-01-05 05:42:00,0.0,0.0,0.0,0.0,0.0,0.0,0.0,0.0,0.0,0,0.0,37.2532,0.0,37.2532
2018-01-05 05:43:00,0.0,0.0,0.0,0.0,0.0,0.0,0.0,0.0,0.0,0,0.0,36.7943,0.0,36.7943
2018-01-05 05:44:00,0.0,0.0,0.0,0.0,0.0,0.0,0.0,0.0,0.0,0,0.0,36.3354,0.0,36.3354
2018-01-05 05:45:00,0.0,0.0,0.0,0.0,0.0,0.0,0.0,0.0,0.0,0,0.0,35.8765,0.0,35.8765
2018-01-05 05:46:00,0.0,0.0,0.0,0.0,0.0,0.0,0.0,0.0,0.0,0,0.0,35.4176,0.0,35.4176
2018-01-05 05:47:00,0.0,0.0,0.0,0.0,0.0,0.0,0.0,0.0,0.0,0,0.0,34.9587,0.0,34.9587
2018-01-05 05:48:00,0.0,0.0,0.0,0.0,0.0,0.0,0.0,0.0,0.0,0,0.0,34.4998,0.0,34.4998
2018-01-05 05:49:00,0.0,0.0,0.0,0.0,0.0,0.0,0.0,0.0,0.0,0,0.0,34.0409,0.0,34.0409
2018-01-05 05:50:00,0.0,0.0,0.0,0.0,0.0,0.0,0.0,0.0,0.0,0,0.0,33.582,0.0,33.582
2018-01-05 05:51:00,0.0,0.0,0.0,0.0,0.0,0.0,0.0,0.0,0.0,0,0.0,33.4338,0.0,33.4338
2018-01-05 05:52:00,0.0,0.0,0.0,0.0,0.0,0.0,0.0,0.0,0.0,0,0.0,33.2856,0.0,33.2856
2018-01-05 05:53:00,0.0,0.0,0.0,0.0,0.0,0.0,0.0,0.0,0.0,0,0.0,33.1374,0.0,33.1374
2018-01-05 05:54:00,0.0,0.0,0.0,0.0,0.0,0.0,0.0,0.0,0.0,0,0.0,32.989200000000004,0.0,32.989200000000004
2018-01-05 05:55:00,0.0,0.0,0.0,0.0,0.0,0.0,0.0,0.0,0.0,0,0.0,32.841,0.0,32.841
2018-01-05 05:56:00,0.0,0.0,0.0,0.0,0.0,0.0,0.0,0.0,0.0,0,0.0,32.6928,0.0,32.6928
2018-01-05 05:57:00,0.0,0.0,0.0,0.0,0.0,0.0,0.0,0.0,0.0,0,0.0,32.5446,0.0,32.5446
2018-01-05 05:58:00,0.0,0.0,0.0,0.0,0.0,0.0,0.0,0.0,0.0,0,0.0,32.3964,0.0,32.3964
2018-01-05 05:59:00,0.0,0.0,0.0,0.0,0.0,0.0,0.0,0.0,0.0,0,0.0,32.248200000000004,0.0,32.248200000000004
2018-01-05 06:00:00,0.0,0.0,0.0,0.0,0.0,0.0,0.0,0.0,0.0,0,0.0,32.1,0.0,32.1
2018-01-05 06:01:00,0.0,0.0,0.0,0.0,0.0,0.0,0.0,0.0,0.0,0,0.0,32.4437,0.0,32.4437
2018-01-05 06:02:00,0.0,0.0,0.0,0.0,0.0,0.0,0.0,0.0,0.0,0,0.0,32.7874,0.0,32.7874
2018-01-05 06:03:00,0.0,0.0,0.0,0.0,0.0,0.0,0.0,0.0,0.0,0,0.0,33.1311,0.0,33.1311
2018-01-05 06:04:00,0.0,0.0,0.0,0.0,0.0,0.0,0.0,0.0,0.0,0,0.0,33.4748,0.0,33.4748
2018-01-05 06:05:00,0.0,0.0,0.0,0.0,0.0,0.0,0.0,0.0,0.0,0,0.0,33.8185,0.0,33.8185
2018-01-05 06:06:00,0.0,0.0,0.0,0.0,0.0,0.0,0.0,0.0,0.0,0,0.0,34.1622,0.0,34.1622
2018-01-05 06:07:00,0.0,0.0,0.0,0.0,0.0,0.0,0.0,0.0,0.0,0,0.0,34.5059,0.0,34.5059
2018-01-05 06:08:00,0.0,0.0,0.0,0.0,0.0,0.0,0.0,0.0,0.0,0,0.0,34.8496,0.0,34.8496
2018-01-05 06:09:00,0.0,0.0,0.0,0.0,0.0,0.0,0.0,0.0,0.0,0,0.0,35.1933,0.0,35.1933
2018-01-05 06:10:00,0.0,0.0,0.0,0.0,0.0,0.0,0.0,0.0,0.0,0,0.0,35.537,0.0,35.537
2018-01-05 06:11:00,0.0,0.0,0.0,0.0,0.0,0.0,0.0,0.0,0.0,0,0.0,35.4082,0.0,35.4082
2018-01-05 06:12:00,0.0,0.0,0.0,0.0,0.0,0.0,0.0,0.0,0.0,0,0.0,35.2794,0.0,35.2794
2018-01-05 06:13:00,0.0,0.0,0.0,0.0,0.0,0.0,0.0,0.0,0.0,0,0.0,35.1506,0.0,35.1506
2018-01-05 06:14:00,0.0,0.0,0.0,0.0,0.0,0.0,0.0,0.0,0.0,0,0.0,35.0218,0.0,35.0218
2018-01-05 06:15:00,0.0,0.0,0.0,0.0,0.0,0.0,0.0,0.0,0.0,0,0.0,34.893,0.0,34.893
2018-01-05 06:16:00,0.0,0.0,0.0,0.0,0.0,0.0,0.0,0.0,0.0,0,0.0,34.7642,0.0,34.7642
2018-01-05 06:17:00,0.0,0.0,0.0,0.0,0.0,0.0,0.0,0.0,0.0,0,0.0,34.635400000000004,0.0,34.635400000000004
2018-01-05 06:18:00,0.0,0.0,0.0,0.0,0.0,0.0,0.0,0.0,0.0,0,0.0,34.5066,0.0,34.5066
2018-01-05 06:19:00,0.0,0.0,0.0,0.0,0.0,0.0,0.0,0.0,0.0,0,0.0,34.3778,0.0,34.3778
2018-01-05 06:20:00,0.0,0.0,0.0,0.0,0.0,0.0,0.0,0.0,0.0,0,0.0,34.249,0.0,34.249
2018-01-05 06:21:00,0.0,0.0,0.0,0.0,0.0,0.0,0.0,0.0,0.0,0,0.0,34.09,0.0,34.09
2018-01-05 06:22:00,0.0,0.0,0.0,0.0,0.0,0.0,0.0,0.0,0.0,0,0.0,33.931000000000004,0.0,33.931000000000004
2018-01-05 06:23:00,0.0,0.0,0.0,0.0,0.0,0.0,0.0,0.0,0.0,0,0.0,33.772,0.0,33.772
2018-01-05 06:24:00,0.0,0.0,0.0,0.0,0.0,0.0,0.0,0.0,0.0,0,0.0,33.613,0.0,33.613
2018-01-05 06:25:00,0.0,0.0,0.0,0.0,0.0,0.0,0.0,0.0,0.0,0,0.0,33.454,0.0,33.454
2018-01-05 06:26:00,0.0,0.0,0.0,0.0,0.0,0.0,0.0,0.0,0.0,0,0.0,33.295,0.0,33.295
2018-01-05 06:27:00,0.0,0.0,0.0,0.0,0.0,0.0,0.0,0.0,0.0,0,0.0,33.136,0.0,33.136
2018-01-05 06:28:00,0.0,0.0,0.0,0.0,0.0,0.0,0.0,0.0,0.0,0,0.0,32.977,0.0,32.977
2018-01-05 06:29:00,0.0,0.0,0.0,0.0,0.0,0.0,0.0,0.0,0.0,0,0.0,32.818,0.0,32.818
2018-01-05 06:30:00,0.0,0.0,0.0,0.0,0.0,0.0,0.0,0.0,0.0,0,0.0,32.659,0.0,32.659
2018-01-05 06:31:00,0.0,0.0,0.0,0.0,0.0,0.0,0.0,0.0,0.0,0,0.0,32.3234,0.0,32.3234
2018-01-05 06:32:00,0.0,0.0,0.0,0.0,0.0,0.0,0.0,0.0,0.0,0,0.0,31.9878,0.0,31.9878
2018-01-05 06:33:00,0.0,0.0,0.0,0.0,0.0,0.0,0.0,0.0,0.0,0,0.0,31.6522,0.0,31.6522
2018-01-05 06:34:00,0.0,0.0,0.0,0.0,0.0,0.0,0.0,0.0,0.0,0,0.0,31.3166,0.0,31.3166
2018-01-05 06:35:00,0.0,0.0,0.0,0.0,0.0,0.0,0.0,0.0,0.0,0,0.0,30.981,0.0,30.981
2018-01-05 06:36:00,0.0,0.0,0.0,0.0,0.0,0.0,0.0,0.0,0.0,0,0.0,30.645400000000002,0.0,30.645400000000002
2018-01-05 06:37:00,0.0,0.0,0.0,0.0,0.0,0.0,0.0,0.0,0.0,0,0.0,30.3098,0.0,30.3098
2018-01-05 06:38:00,0.0,0.0,0.0,0.0,0.0,0.0,0.0,0.0,0.0,0,0.0,29.9742,0.0,29.9742
2018-01-05 06:39:00,0.0,0.0,0.0,0.0,0.0,0.0,0.0,0.0,0.0,0,0.0,29.6386,0.0,29.6386
2018-01-05 06:40:00,0.0,0.0,0.0,0.0,0.0,0.0,0.0,0.0,0.0,0,0.0,29.303,0.0,29.303
2018-01-05 06:41:00,0.0,0.0,0.0,0.0,0.0,0.0,0.0,0.0,0.0,0,0.0,29.465500000000002,0.0,29.465500000000002
2018-01-05 06:42:00,0.0,0.0,0.0,0.0,0.0,0.0,0.0,0.0,0.0,0,0.0,29.628,0.0,29.628
2018-01-05 06:43:00,0.0,0.0,0.0,0.0,0.0,0.0,0.0,0.0,0.0,0,0.0,29.7905,0.0,29.7905
2018-01-05 06:44:00,0.0,0.0,0.0,0.0,0.0,0.0,0.0,0.0,0.0,0,0.0,29.953,0.0,29.953
2018-01-05 06:45:00,0.0,0.0,0.0,0.0,0.0,0.0,0.0,0.0,0.0,0,0.0,30.1155,0.0,30.1155
2018-01-05 06:46:00,0.0,0.0,0.0,0.0,0.0,0.0,0.0,0.0,0.0,0,0.0,30.278000000000002,0.0,30.278000000000002
2018-01-05 06:47:00,0.0,0.0,0.0,0.0,0.0,0.0,0.0,0.0,0.0,0,0.0,30.4405,0.0,30.4405
2018-01-05 06:48:00,0.0,0.0,0.0,0.0,0.0,0.0,0.0,0.0,0.0,0,0.0,30.603,0.0,30.603
2018-01-05 06:49:00,0.0,0.0,0.0,0.0,0.0,0.0,0.0,0.0,0.0,0,0.0,30.7655,0.0,30.7655
2018-01-05 06:50:00,0.0,0.0,0.0,0.0,0.0,0.0,0.0,0.0,0.0,0,0.0,30.928,0.0,30.928
2018-01-05 06:51:00,0.0,0.0,0.0,0.0,0.0,0.0,0.0,0.0,0.0,0,0.0,31.343700000000002,0.0,31.343700000000002
2018-01-05 06:52:00,0.0,0.0,0.0,0.0,0.0,0.0,0.0,0.0,0.0,0,0.0,31.7594,0.0,31.7594
2018-01-05 06:53:00,0.0,0.0,0.0,0.0,0.0,0.0,0.0,0.0,0.0,0,0.0,32.1751,0.0,32.1751
2018-01-05 06:54:00,0.0,0.0,0.0,0.0,0.0,0.0,0.0,0.0,0.0,0,0.0,32.5908,0.0,32.5908
2018-01-05 06:55:00,0.0,0.0,0.0,0.0,0.0,0.0,0.0,0.0,0.0,0,0.0,33.0065,0.0,33.0065
2018-01-05 06:56:00,0.0,0.0,0.0,0.0,0.0,0.0,0.0,0.0,0.0,0,0.0,33.422200000000004,0.0,33.422200000000004
2018-01-05 06:57:00,0.0,0.0,0.0,0.0,0.0,0.0,0.0,0.0,0.0,0,0.0,33.8379,0.0,33.8379
2018-01-05 06:58:00,0.0,0.0,0.0,0.0,0.0,0.0,0.0,0.0,0.0,0,0.0,34.2536,0.0,34.2536
2018-01-05 06:59:00,0.0,0.0,0.0,0.0,0.0,0.0,0.0,0.0,0.0,0,0.0,34.6693,0.0,34.6693
2018-01-05 07:00:00,0.0,0.0,0.0,0.0,0.0,0.0,0.0,0.0,0.0,0,0.0,35.085,0.0,35.085
2018-01-05 07:01:00,0.0,0.0,0.0,0.0,0.0,0.0,0.0,0.0,0.0,0,0.0,35.1004,0.0,35.1004
2018-01-05 07:02:00,0.0,0.0,0.0,0.0,0.0,0.0,0.0,0.0,0.0,0,0.0,35.1158,0.0,35.1158
2018-01-05 07:03:00,0.0,0.0,0.0,0.0,0.0,0.0,0.0,0.0,0.0,0,0.0,35.1312,0.0,35.1312
2018-01-05 07:04:00,0.0,0.0,0.0,0.0,0.0,0.0,0.0,0.0,0.0,0,0.0,35.1466,0.0,35.1466
2018-01-05 07:05:00,0.0,0.0,0.0,0.0,0.0,0.0,0.0,0.0,0.0,0,0.0,35.162,0.0,35.162
2018-01-05 07:06:00,0.0,0.0,0.0,0.0,0.0,0.0,0.0,0.0,0.0,0,0.0,35.1774,0.0,35.1774
2018-01-05 07:07:00,0.0,0.0,0.0,0.0,0.0,0.0,0.0,0.0,0.0,0,0.0,35.1928,0.0,35.1928
2018-01-05 07:08:00,0.0,0.0,0.0,0.0,0.0,0.0,0.0,0.0,0.0,0,0.0,35.2082,0.0,35.2082
2018-01-05 07:09:00,0.0,0.0,0.0,0.0,0.0,0.0,0.0,0.0,0.0,0,0.0,35.2236,0.0,35.2236
2018-01-05 07:10:00,0.0,0.0,0.0,0.0,0.0,0.0,0.0,0.0,0.0,0,0.0,35.239,0.0,35.239
2018-01-05 07:11:00,0.0,0.0,0.0,0.0,0.0,0.0,0.0,0.0,0.0,0,0.0,35.038599999999995,0.0,35.038599999999995
2018-01-05 07:12:00,0.0,0.0,0.0,0.0,0.0,0.0,0.0,0.0,0.0,0,0.0,34.8382,0.0,34.8382
2018-01-05 07:13:00,0.0,0.0,0.0,0.0,0.0,0.0,0.0,0.0,0.0,0,0.0,34.6378,0.0,34.6378
2018-01-05 07:14:00,0.0,0.0,0.0,0.0,0.0,0.0,0.0,0.0,0.0,0,0.0,34.4374,0.0,34.4374
2018-01-05 07:15:00,0.0,0.0,0.0,0.0,0.0,0.0,0.0,0.0,0.0,0,0.0,34.236999999999995,0.0,34.236999999999995
2018-01-05 07:16:00,0.0,0.0,0.0,0.0,0.0,0.0,0.0,0.0,0.0,0,0.0,34.0366,0.0,34.0366
2018-01-05 07:17:00,0.0,0.0,0.0,0.0,0.0,0.0,0.0,0.0,0.0,0,0.0,33.8362,0.0,33.8362
2018-01-05 07:18:00,0.0,0.0,0.0,0.0,0.0,0.0,0.0,0.0,0.0,0,0.0,33.635799999999996,0.0,33.635799999999996
2018-01-05 07:19:00,0.0,0.0,0.0,0.0,0.0,0.0,0.0,0.0,0.0,0,0.0,33.4354,0.0,33.4354
2018-01-05 07:20:00,0.0,0.0,0.0,0.0,0.0,0.0,0.0,0.0,0.0,0,0.0,33.235,0.0,33.235
2018-01-05 07:21:00,0.0,0.0,0.0,0.0,0.0,0.0,0.0,0.0,0.0,0,0.0,33.6352,0.0,33.6352
2018-01-05 07:22:00,0.0,0.0,0.0,0.0,0.0,0.0,0.0,0.0,0.0,0,0.0,34.0354,0.0,34.0354
2018-01-05 07:23:00,0.0,0.0,0.0,0.0,0.0,0.0,0.0,0.0,0.0,0,0.0,34.4356,0.0,34.4356
2018-01-05 07:24:00,0.0,0.0,0.0,0.0,0.0,0.0,0.0,0.0,0.0,0,0.0,34.8358,0.0,34.8358
2018-01-05 07:25:00,0.0,0.0,0.0,0.0,0.0,0.0,0.0,0.0,0.0,0,0.0,35.236000000000004,0.0,35.236000000000004
2018-01-05 07:26:00,0.0,0.0,0.0,0.0,0.0,0.0,0.0,0.0,0.0,0,0.0,35.6362,0.0,35.6362
2018-01-05 07:27:00,0.0,0.0,0.0,0.0,0.0,0.0,0.0,0.0,0.0,0,0.0,36.0364,0.0,36.0364
2018-01-05 07:28:00,0.0,0.0,0.0,0.0,0.0,0.0,0.0,0.0,0.0,0,0.0,36.4366,0.0,36.4366
2018-01-05 07:29:00,0.0,0.0,0.0,0.0,0.0,0.0,0.0,0.0,0.0,0,0.0,36.836800000000004,0.0,36.836800000000004
2018-01-05 07:30:00,0.0,0.0,0.0,0.0,0.0,0.0,0.0,0.0,0.0,0,0.0,37.237,0.0,37.237
2018-01-05 07:31:00,0.0,0.0,0.0,0.0,0.0,0.0,0.0,0.0,0.0,0,0.0,37.4354,0.0,37.4354
2018-01-05 07:32:00,0.0,0.0,0.0,0.0,0.0,0.0,0.0,0.0,0.0,0,0.0,37.6338,0.0,37.6338
2018-01-05 07:33:00,0.0,0.0,0.0,0.0,0.0,0.0,0.0,0.0,0.0,0,0.0,37.8322,0.0,37.8322
2018-01-05 07:34:00,0.0,0.0,0.0,0.0,0.0,0.0,0.0,0.0,0.0,0,0.0,38.0306,0.0,38.0306
2018-01-05 07:35:00,0.0,0.0,0.0,0.0,0.0,0.0,0.0,0.0,0.0,0,0.0,38.229,0.0,38.229
2018-01-05 07:36:00,0.0,0.0,0.0,0.0,0.0,0.0,0.0,0.0,0.0,0,0.0,38.4274,0.0,38.4274
2018-01-05 07:37:00,0.0,0.0,0.0,0.0,0.0,0.0,0.0,0.0,0.0,0,0.0,38.6258,0.0,38.6258
2018-01-05 07:38:00,0.0,0.0,0.0,0.0,0.0,0.0,0.0,0.0,0.0,0,0.0,38.8242,0.0,38.8242
2018-01-05 07:39:00,0.0,0.0,0.0,0.0,0.0,0.0,0.0,0.0,0.0,0,0.0,39.0226,0.0,39.0226
2018-01-05 07:40:00,0.0,0.0,0.0,0.0,0.0,0.0,0.0,0.0,0.0,0,0.0,39.221,0.0,39.221
2018-01-05 07:41:00,0.0,0.0,0.0,0.0,0.0,0.0,0.0,0.0,0.0,0,0.0,40.010299999999994,0.0,40.010299999999994
2018-01-05 07:42:00,0.0,0.0,0.0,0.0,0.0,0.0,0.0,0.0,0.0,0,0.0,40.7996,0.0,40.7996
2018-01-05 07:43:00,0.0,0.0,0.0,0.0,0.0,0.0,0.0,0.0,0.0,0,0.0,41.588899999999995,0.0,41.588899999999995
2018-01-05 07:44:00,0.0,0.0,0.0,0.0,0.0,0.0,0.0,0.0,0.0,0,0.0,42.3782,0.0,42.3782
2018-01-05 07:45:00,0.0,0.0,0.0,0.0,0.0,0.0,0.0,0.0,0.0,0,0.0,43.1675,0.0,43.1675
2018-01-05 07:46:00,0.0,0.0,0.0,0.0,0.0,0.0,0.0,0.0,0.0,0,0.0,43.9568,0.0,43.9568
2018-01-05 07:47:00,0.0,0.0,0.0,0.0,0.0,0.0,0.0,0.0,0.0,0,0.0,44.7461,0.0,44.7461
2018-01-05 07:48:00,0.0,0.0,0.0,0.0,0.0,0.0,0.0,0.0,0.0,0,0.0,45.535399999999996,0.0,45.535399999999996
2018-01-05 07:49:00,0.0,0.0,0.0,0.0,0.0,0.0,0.0,0.0,0.0,0,0.0,46.3247,0.0,46.3247
2018-01-05 07:50:00,0.0,0.0,0.0,0.0,0.0,0.0,0.0,0.0,0.0,0,0.0,47.114,0.0,47.114
2018-01-05 07:51:00,0.0,0.0,0.0,0.0,0.0,0.0,0.0,0.0,0.0,0,0.0,47.243199999999995,0.0,47.243199999999995
2018-01-05 07:52:00,0.0,0.0,0.0,0.0,0.0,0.0,0.0,0.0,0.0,0,0.0,47.3724,0.0,47.3724
2018-01-05 07:53:00,0.0,0.0,0.0,0.0,0.0,0.0,0.0,0.0,0.0,0,0.0,47.501599999999996,0.0,47.501599999999996
2018-01-05 07:54:00,0.0,0.0,0.0,0.0,0.0,0.0,0.0,0.0,0.0,0,0.0,47.6308,0.0,47.6308
2018-01-05 07:55:00,0.0,0.0,0.0,0.0,0.0,0.0,0.0,0.0,0.0,0,0.0,47.76,0.0,47.76
2018-01-05 07:56:00,0.0,0.0,0.0,0.0,0.0,0.0,0.0,0.0,0.0,0,0.0,47.889199999999995,0.0,47.889199999999995
2018-01-05 07:57:00,0.0,0.0,0.0,0.0,0.0,0.0,0.0,0.0,0.0,0,0.0,48.0184,0.0,48.0184
2018-01-05 07:58:00,0.0,0.0,0.0,0.0,0.0,0.0,0.0,0.0,0.0,0,0.0,48.1476,0.0,48.1476
2018-01-05 07:59:00,0.0,0.0,0.0,0.0,0.0,0.0,0.0,0.0,0.0,0,0.0,48.2768,0.0,48.2768
2018-01-05 08:00:00,0.0,0.0,0.0,0.0,0.0,0.0,0.0,0.0,0.0,0,0.0,48.406,0.0,48.406
2018-01-05 08:01:00,0.0,0.0,0.0,0.0,0.0,0.0,0.0,0.0,0.0,0,0.0,48.2731,0.0,48.2731
2018-01-05 08:02:00,0.0,0.0,0.0,0.0,0.0,0.0,0.0,0.0,0.0,0,0.0,48.1402,0.0,48.1402
2018-01-05 08:03:00,0.0,0.0,0.0,0.0,0.0,0.0,0.0,0.0,0.0,0,0.0,48.0073,0.0,48.0073
2018-01-05 08:04:00,0.0,0.0,0.0,0.0,0.0,0.0,0.0,0.0,0.0,0,0.0,47.8744,0.0,47.8744
2018-01-05 08:05:00,0.0,0.0,0.0,0.0,0.0,0.0,0.0,0.0,0.0,0,0.0,47.7415,0.0,47.7415
2018-01-05 08:06:00,0.0,0.0,0.0,0.0,0.0,0.0,0.0,0.0,0.0,0,0.0,47.608599999999996,0.0,47.608599999999996
2018-01-05 08:07:00,0.0,0.0,0.0,0.0,0.0,0.0,0.0,0.0,0.0,0,0.0,47.475699999999996,0.0,47.475699999999996
2018-01-05 08:08:00,0.0,0.0,0.0,0.0,0.0,0.0,0.0,0.0,0.0,0,0.0,47.3428,0.0,47.3428
2018-01-05 08:09:00,0.0,0.0,0.0,0.0,0.0,0.0,0.0,0.0,0.0,0,0.0,47.2099,0.0,47.2099
2018-01-05 08:10:00,0.0,0.0,0.0,0.0,0.0,0.0,0.0,0.0,0.0,0,0.0,47.077,0.0,47.077
2018-01-05 08:11:00,0.0,0.0,0.0,0.0,0.0,0.0,0.0,0.0,0.0,0,0.0,47.6844,0.0,47.6844
2018-01-05 08:12:00,0.0,0.0,0.0,0.0,0.0,0.0,0.0,0.0,0.0,0,0.0,48.2918,0.0,48.2918
2018-01-05 08:13:00,0.0,0.0,0.0,0.0,0.0,0.0,0.0,0.0,0.0,0,0.0,48.8992,0.0,48.8992
2018-01-05 08:14:00,0.0,0.0,0.0,0.0,0.0,0.0,0.0,0.0,0.0,0,0.0,49.5066,0.0,49.5066
2018-01-05 08:15:00,0.0,0.0,0.0,0.0,0.0,0.0,0.0,0.0,0.0,0,0.0,50.114000000000004,0.0,50.114000000000004
2018-01-05 08:16:00,0.0,0.0,0.0,0.0,0.0,0.0,0.0,0.0,0.0,0,0.0,50.7214,0.0,50.7214
2018-01-05 08:17:00,0.0,0.0,0.0,0.0,0.0,0.0,0.0,0.0,0.0,0,0.0,51.3288,0.0,51.3288
2018-01-05 08:18:00,0.0,0.0,0.0,0.0,0.0,0.0,0.0,0.0,0.0,0,0.0,51.9362,0.0,51.9362
2018-01-05 08:19:00,0.0,0.0,0.0,0.0,0.0,0.0,0.0,0.0,0.0,0,0.0,52.543600000000005,0.0,52.543600000000005
2018-01-05 08:20:00,0.0,0.0,0.0,0.0,0.0,0.0,0.0,0.0,0.0,0,0.0,53.151,0.0,53.151
2018-01-05 08:21:00,0.0,0.0,0.0,0.0,0.0,0.0,0.0,0.0,0.0,0,0.0,53.5912,0.0,53.5912
2018-01-05 08:22:00,0.0,0.0,0.0,0.0,0.0,0.0,0.0,0.0,0.0,0,0.0,54.031400000000005,0.0,54.031400000000005
2018-01-05 08:23:00,0.0,0.0,0.0,0.0,0.0,0.0,0.0,0.0,0.0,0,0.0,54.4716,0.0,54.4716
2018-01-05 08:24:00,0.0,0.0,0.0,0.0,0.0,0.0,0.0,0.0,0.0,0,0.0,54.9118,0.0,54.9118
2018-01-05 08:25:00,0.0,0.0,0.0,0.0,0.0,0.0,0.0,0.0,0.0,0,0.0,55.352000000000004,0.0,55.352000000000004
2018-01-05 08:26:00,0.0,0.0,0.0,0.0,0.0,0.0,0.0,0.0,0.0,0,0.0,55.7922,0.0,55.7922
2018-01-05 08:27:00,0.0,0.0,0.0,0.0,0.0,0.0,0.0,0.0,0.0,0,0.0,56.2324,0.0,56.2324
2018-01-05 08:28:00,0.0,0.0,0.0,0.0,0.0,0.0,0.0,0.0,0.0,0,0.0,56.672599999999996,0.0,56.672599999999996
2018-01-05 08:29:00,0.0,0.0,0.0,0.0,0.0,0.0,0.0,0.0,0.0,0,0.0,57.1128,0.0,57.1128
2018-01-05 08:30:00,0.0,0.0,0.0,0.0,0.0,0.0,0.0,0.0,0.0,0,0.0,57.553,0.0,57.553
2018-01-05 08:31:00,0.0,0.0,0.0,0.0,0.0,0.0,0.0,0.0,0.0,0,0.0,57.779399999999995,0.0,57.779399999999995
2018-01-05 08:32:00,0.0,0.0,0.0,0.0,0.0,0.0,0.0,0.0,0.0,0,0.0,58.0058,0.0,58.0058
2018-01-05 08:33:00,0.0,0.0,0.0,0.0,0.0,0.0,0.0,0.0,0.0,0,0.0,58.2322,0.0,58.2322
2018-01-05 08:34:00,0.0,0.0,0.0,0.0,0.0,0.0,0.0,0.0,0.0,0,0.0,58.4586,0.0,58.4586
2018-01-05 08:35:00,50.0,0.0,0.0,0.0,0.0,0.0,0.0,0.0,0.0,0,50.0,58.685,1.0,108.685
2018-01-05 08:36:00,50.0,0.0,0.0,0.0,0.0,0.0,0.0,0.0,0.0,0,50.0,58.9114,1.0,108.9114
2018-01-05 08:37:00,50.0,0.0,0.0,0.0,0.0,0.0,0.0,0.0,0.0,0,50.0,59.1378,1.0,109.1378
2018-01-05 08:38:00,50.0,0.0,0.0,0.0,0.0,0.0,0.0,0.0,0.0,0,50.0,59.3642,1.0,109.3642
2018-01-05 08:39:00,50.0,0.0,0.0,0.0,0.0,0.0,0.0,0.0,0.0,0,50.0,59.5906,1.0,109.5906
2018-01-05 08:40:00,50.0,0.0,0.0,0.0,0.0,0.0,0.0,0.0,0.0,0,50.0,59.817,1.0,109.81700000000001
2018-01-05 08:41:00,50.0,0.0,0.0,0.0,0.0,0.0,0.0,0.0,0.0,0,50.0,59.8762,1.0,109.8762
2018-01-05 08:42:00,50.0,0.0,0.0,0.0,0.0,0.0,0.0,0.0,0.0,0,50.0,59.9354,1.0,109.9354
2018-01-05 08:43:00,50.0,0.0,0.0,0.0,0.0,0.0,0.0,0.0,0.0,0,50.0,59.9946,1.0,109.99459999999999
2018-01-05 08:44:00,50.0,0.0,0.0,0.0,0.0,0.0,0.0,0.0,0.0,0,50.0,60.0538,1.0,110.0538
2018-01-05 08:45:00,50.0,0.0,0.0,0.0,0.0,0.0,0.0,0.0,0.0,0,50.0,60.113,1.0,110.113
2018-01-05 08:46:00,50.0,0.0,0.0,0.0,0.0,0.0,0.0,0.0,0.0,0,50.0,60.1722,1.0,110.1722
2018-01-05 08:47:00,50.0,0.0,0.0,0.0,0.0,0.0,0.0,0.0,0.0,0,50.0,60.2314,1.0,110.23140000000001
2018-01-05 08:48:00,50.0,0.0,0.0,0.0,0.0,0.0,0.0,0.0,0.0,0,50.0,60.2906,1.0,110.2906
2018-01-05 08:49:00,50.0,0.0,0.0,0.0,0.0,0.0,0.0,0.0,0.0,0,50.0,60.3498,1.0,110.3498
2018-01-05 08:50:00,50.0,0.0,0.0,0.0,0.0,0.0,0.0,0.0,0.0,0,50.0,60.409,1.0,110.40899999999999
2018-01-05 08:51:00,50.0,50.0,0.0,0.0,0.0,0.0,0.0,0.0,0.0,0,100.0,60.6365,2.0,160.6365
2018-01-05 08:52:00,50.0,50.0,0.0,0.0,0.0,0.0,0.0,0.0,0.0,0,100.0,60.864,2.0,160.864
2018-01-05 08:53:00,50.0,50.0,0.0,0.0,0.0,0.0,0.0,0.0,0.0,0,100.0,61.091499999999996,2.0,161.0915
2018-01-05 08:54:00,50.0,50.0,0.0,0.0,0.0,0.0,0.0,0.0,0.0,0,100.0,61.318999999999996,2.0,161.319
2018-01-05 08:55:00,50.0,50.0,0.0,0.0,0.0,0.0,0.0,0.0,0.0,0,100.0,61.546499999999995,2.0,161.54649999999998
2018-01-05 08:56:00,50.0,50.0,0.0,0.0,0.0,0.0,0.0,0.0,0.0,0,100.0,61.774,2.0,161.774
2018-01-05 08:57:00,50.0,50.0,0.0,0.0,0.0,0.0,0.0,0.0,0.0,0,100.0,62.0015,2.0,162.0015
2018-01-05 08:58:00,50.0,50.0,0.0,0.0,0.0,0.0,0.0,0.0,0.0,0,100.0,62.229,2.0,162.22899999999998
2018-01-05 08:59:00,50.0,50.0,0.0,0.0,0.0,0.0,0.0,0.0,0.0,0,100.0,62.4565,2.0,162.4565
2018-01-05 09:00:00,50.0,50.0,0.0,0.0,0.0,0.0,0.0,0.0,0.0,0,100.0,62.684,2.0,162.684
2018-01-05 09:01:00,50.0,50.0,0.0,0.0,0.0,0.0,0.0,0.0,0.0,0,100.0,62.9496,2.0,162.9496
2018-01-05 09:02:00,50.0,50.0,0.0,0.0,0.0,0.0,0.0,0.0,0.0,0,100.0,63.215199999999996,2.0,163.21519999999998
2018-01-05 09:03:00,50.0,50.0,0.0,0.0,0.0,0.0,0.0,0.0,0.0,0,100.0,63.4808,2.0,163.4808
2018-01-05 09:04:00,50.0,50.0,0.0,0.0,0.0,0.0,0.0,0.0,0.0,0,100.0,63.7464,2.0,163.7464
2018-01-05 09:05:00,50.0,50.0,0.0,0.0,0.0,0.0,0.0,0.0,0.0,0,100.0,64.012,2.0,164.012
2018-01-05 09:06:00,50.0,50.0,0.0,0.0,0.0,0.0,0.0,0.0,0.0,0,100.0,64.2776,2.0,164.2776
2018-01-05 09:07:00,50.0,50.0,0.0,0.0,0.0,0.0,0.0,0.0,0.0,0,100.0,64.5432,2.0,164.5432
2018-01-05 09:08:00,0.0,50.0,0.0,0.0,0.0,0.0,0.0,0.0,0.0,0,50.0,64.8088,1.0,114.8088
2018-01-05 09:09:00,0.0,50.0,0.0,0.0,0.0,0.0,0.0,0.0,0.0,0,50.0,65.0744,1.0,115.0744
2018-01-05 09:10:00,50.0,50.0,0.0,0.0,0.0,0.0,0.0,0.0,0.0,0,100.0,65.34,2.0,165.34
2018-01-05 09:11:00,50.0,50.0,0.0,0.0,0.0,0.0,0.0,0.0,0.0,0,100.0,65.03540000000001,2.0,165.0354
2018-01-05 09:12:00,50.0,50.0,0.0,0.0,0.0,0.0,0.0,0.0,0.0,0,100.0,64.7308,2.0,164.7308
2018-01-05 09:13:00,50.0,50.0,50.0,0.0,0.0,0.0,0.0,0.0,0.0,0,150.0,64.4262,3.0,214.4262
2018-01-05 09:14:00,50.0,50.0,50.0,0.0,0.0,0.0,0.0,0.0,0.0,0,150.0,64.1216,3.0,214.1216
2018-01-05 09:15:00,50.0,50.0,50.0,0.0,0.0,0.0,0.0,0.0,0.0,0,150.0,63.817,3.0,213.817
2018-01-05 09:16:00,50.0,50.0,50.0,0.0,0.0,0.0,0.0,0.0,0.0,0,150.0,63.5124,3.0,213.5124
2018-01-05 09:17:00,50.0,50.0,50.0,0.0,0.0,0.0,0.0,0.0,0.0,0,150.0,63.2078,3.0,213.2078
2018-01-05 09:18:00,50.0,50.0,50.0,50.0,0.0,0.0,0.0,0.0,0.0,0,200.0,62.9032,4.0,262.90319999999997
2018-01-05 09:19:00,50.0,50.0,50.0,50.0,0.0,0.0,0.0,0.0,0.0,0,200.0,62.5986,4.0,262.5986
2018-01-05 09:20:00,50.0,50.0,50.0,50.0,50.0,0.0,0.0,0.0,0.0,0,250.0,62.294,5.0,312.294
2018-01-05 09:21:00,50.0,50.0,50.0,50.0,50.0,0.0,0.0,0.0,0.0,0,250.0,62.239999999999995,5.0,312.24
2018-01-05 09:22:00,50.0,50.0,50.0,50.0,50.0,0.0,0.0,0.0,0.0,0,250.0,62.186,5.0,312.186
2018-01-05 09:23:00,50.0,50.0,50.0,50.0,50.0,0.0,0.0,0.0,0.0,0,250.0,62.132,5.0,312.132
2018-01-05 09:24:00,50.0,0.0,50.0,50.0,50.0,0.0,0.0,0.0,0.0,0,200.0,62.077999999999996,4.0,262.078
2018-01-05 09:25:00,50.0,0.0,50.0,50.0,50.0,0.0,0.0,0.0,0.0,0,200.0,62.024,4.0,262.024
2018-01-05 09:26:00,50.0,0.0,50.0,50.0,50.0,0.0,0.0,0.0,0.0,0,200.0,61.97,4.0,261.97
2018-01-05 09:27:00,50.0,0.0,50.0,50.0,50.0,0.0,0.0,0.0,0.0,0,200.0,61.916,4.0,261.916
2018-01-05 09:28:00,50.0,0.0,50.0,50.0,50.0,0.0,0.0,0.0,0.0,0,200.0,61.861999999999995,4.0,261.86199999999997
2018-01-05 09:29:00,50.0,0.0,50.0,50.0,50.0,0.0,0.0,0.0,0.0,0,200.0,61.808,4.0,261.808
2018-01-05 09:30:00,50.0,0.0,50.0,50.0,50.0,0.0,0.0,0.0,0.0,0,200.0,61.754,4.0,261.754
2018-01-05 09:31:00,50.0,0.0,50.0,50.0,50.0,0.0,0.0,0.0,0.0,0,200.0,61.7024,4.0,261.7024
2018-01-05 09:32:00,50.0,0.0,50.0,50.0,50.0,0.0,0.0,0.0,0.0,0,200.0,61.6508,4.0,261.6508
2018-01-05 09:33:00,50.0,0.0,50.0,50.0,50.0,0.0,0.0,0.0,0.0,0,200.0,61.599199999999996,4.0,261.5992
2018-01-05 09:34:00,50.0,50.0,50.0,50.0,50.0,0.0,0.0,0.0,0.0,0,250.0,61.547599999999996,5.0,311.5476
2018-01-05 09:35:00,50.0,50.0,50.0,50.0,50.0,0.0,0.0,0.0,0.0,0,250.0,61.495999999999995,5.0,311.496
2018-01-05 09:36:00,50.0,50.0,50.0,50.0,50.0,0.0,0.0,0.0,0.0,0,250.0,61.4444,5.0,311.4444
2018-01-05 09:37:00,50.0,50.0,50.0,50.0,50.0,0.0,0.0,0.0,0.0,0,250.0,61.3928,5.0,311.3928
2018-01-05 09:38:00,50.0,50.0,50.0,50.0,50.0,0.0,0.0,0.0,0.0,0,250.0,61.3412,5.0,311.3412
2018-01-05 09:39:00,50.0,50.0,50.0,50.0,50.0,0.0,0.0,0.0,0.0,0,250.0,61.2896,5.0,311.2896
2018-01-05 09:40:00,50.0,50.0,50.0,50.0,50.0,0.0,0.0,0.0,0.0,0,250.0,61.238,5.0,311.238
2018-01-05 09:41:00,50.0,50.0,50.0,50.0,50.0,0.0,0.0,0.0,0.0,0,250.0,62.1146,5.0,312.1146
2018-01-05 09:42:00,50.0,50.0,50.0,50.0,50.0,0.0,0.0,0.0,0.0,0,250.0,62.9912,5.0,312.9912
2018-01-05 09:43:00,0.0,50.0,50.0,50.0,50.0,0.0,0.0,0.0,0.0,0,200.0,63.8678,4.0,263.8678
2018-01-05 09:44:00,0.0,50.0,50.0,50.0,50.0,0.0,0.0,0.0,0.0,0,200.0,64.7444,4.0,264.7444
2018-01-05 09:45:00,0.0,50.0,50.0,50.0,50.0,0.0,0.0,0.0,0.0,0,200.0,65.62100000000001,4.0,265.621
2018-01-05 09:46:00,0.0,50.0,0.0,50.0,50.0,0.0,0.0,0.0,0.0,0,150.0,66.4976,3.0,216.4976
2018-01-05 09:47:00,0.0,50.0,0.0,50.0,50.0,0.0,0.0,0.0,0.0,0,150.0,67.3742,3.0,217.3742
2018-01-05 09:48:00,0.0,50.0,0.0,50.0,50.0,0.0,0.0,0.0,0.0,0,150.0,68.2508,3.0,218.2508
2018-01-05 09:49:00,0.0,50.0,0.0,50.0,50.0,0.0,0.0,0.0,0.0,0,150.0,69.12740000000001,3.0,219.12740000000002
2018-01-05 09:50:00,0.0,50.0,0.0,50.0,50.0,0.0,0.0,0.0,0.0,0,150.0,70.004,3.0,220.00400000000002
2018-01-05 09:51:00,0.0,50.0,0.0,0.0,50.0,0.0,0.0,0.0,0.0,0,100.0,70.3288,2.0,170.3288
2018-01-05 09:52:00,0.0,50.0,0.0,0.0,50.0,0.0,0.0,0.0,0.0,0,100.0,70.6536,2.0,170.65359999999998
2018-01-05 09:53:00,0.0,50.0,0.0,0.0,0.0,0.0,0.0,0.0,0.0,0,50.0,70.97840000000001,1.0,120.97840000000001
2018-01-05 09:54:00,0.0,50.0,0.0,0.0,0.0,0.0,0.0,0.0,0.0,0,50.0,71.3032,1.0,121.3032
2018-01-05 09:55:00,0.0,50.0,0.0,0.0,0.0,0.0,0.0,0.0,0.0,0,50.0,71.628,1.0,121.628
2018-01-05 09:56:00,0.0,50.0,0.0,0.0,0.0,0.0,0.0,0.0,0.0,0,50.0,71.9528,1.0,121.9528
2018-01-05 09:57:00,0.0,50.0,0.0,0.0,0.0,0.0,0.0,0.0,0.0,0,50.0,72.27759999999999,1.0,122.27759999999999
2018-01-05 09:58:00,0.0,50.0,0.0,0.0,0.0,0.0,0.0,0.0,0.0,0,50.0,72.6024,1.0,122.6024
2018-01-05 09:59:00,0.0,50.0,0.0,0.0,0.0,0.0,0.0,0.0,0.0,0,50.0,72.9272,1.0,122.9272
2018-01-05 10:00:00,0.0,50.0,0.0,0.0,0.0,0.0,0.0,0.0,0.0,0,50.0,73.252,1.0,123.252
2018-01-05 10:01:00,0.0,0.001,0.0,0.0,0.0,0.0,0.0,0.0,0.0,0,0.001,72.8624,1.0,72.8634
2018-01-05 10:02:00,0.0,0.001,0.0,0.0,0.0,0.0,0.0,0.0,0.0,0,0.001,72.47279999999999,1.0,72.4738
2018-01-05 10:03:00,0.0,0.001,0.0,0.0,0.0,0.0,0.0,0.0,0.0,0,0.001,72.08319999999999,1.0,72.0842
2018-01-05 10:04:00,0.0,0.001,0.0,0.0,0.0,0.0,0.0,0.0,0.0,0,0.001,71.69359999999999,1.0,71.6946
2018-01-05 10:05:00,0.0,0.001,0.0,0.0,0.0,0.0,0.0,0.0,0.0,0,0.001,71.304,1.0,71.305
2018-01-05 10:06:00,0.0,0.001,0.0,0.0,0.0,0.0,0.0,0.0,0.0,0,0.001,70.9144,1.0,70.9154
2018-01-05 10:07:00,0.0,0.001,0.0,0.0,0.0,0.0,0.0,0.0,0.0,0,0.001,70.5248,1.0,70.5258
2018-01-05 10:08:00,0.0,0.001,0.0,0.0,0.0,0.0,0.0,0.0,0.0,0,0.001,70.1352,1.0,70.1362
2018-01-05 10:09:00,0.0,0.001,0.0,0.0,0.0,0.0,0.0,0.0,0.0,0,0.001,69.7456,1.0,69.7466
2018-01-05 10:10:00,0.0,0.001,0.0,0.0,0.0,0.0,0.0,0.0,0.0,0,0.001,69.356,1.0,69.357
2018-01-05 10:11:00,0.0,0.001,0.0,0.0,0.0,0.0,0.0,0.0,0.0,0,0.001,69.4194,1.0,69.4204
2018-01-05 10:12:00,0.0,0.001,0.0,0.0,0.0,0.0,0.0,0.0,0.0,0,0.001,69.4828,1.0,69.4838
2018-01-05 10:13:00,0.0,0.001,0.0,0.0,0.0,0.0,0.0,0.0,0.0,0,0.001,69.5462,1.0,69.5472
2018-01-05 10:14:00,0.0,0.001,0.0,0.0,0.0,0.0,0.0,0.0,0.0,0,0.001,69.6096,1.0,69.6106
2018-01-05 10:15:00,0.0,0.001,0.0,0.0,0.0,0.0,0.0,0.0,0.0,0,0.001,69.673,1.0,69.674
2018-01-05 10:16:00,0.0,0.001,0.0,0.0,0.0,0.0,0.0,0.0,0.0,0,0.001,69.73639999999999,1.0,69.7374
2018-01-05 10:17:00,0.0,0.001,0.0,0.0,0.0,0.0,0.0,0.0,0.0,0,0.001,69.79979999999999,1.0,69.8008
2018-01-05 10:18:00,0.0,0.001,0.0,0.0,0.0,0.0,0.0,0.0,0.0,0,0.001,69.86319999999999,1.0,69.8642
2018-01-05 10:19:00,0.0,0.001,0.0,0.0,0.0,0.0,0.0,0.0,0.0,0,0.001,69.9266,1.0,69.9276
2018-01-05 10:20:00,0.0,0.001,0.0,0.0,0.0,0.0,0.0,0.0,0.0,0,0.001,69.99,1.0,69.991
2018-01-05 10:21:00,0.0,0.001,0.0,0.0,0.0,0.0,0.0,0.0,0.0,0,0.001,69.87169999999999,1.0,69.8727
2018-01-05 10:22:00,0.0,0.001,0.0,0.0,0.0,0.0,0.0,0.0,0.0,0,0.001,69.7534,1.0,69.7544
2018-01-05 10:23:00,0.0,0.001,0.0,0.0,0.0,0.0,0.0,0.0,0.0,0,0.001,69.6351,1.0,69.6361
2018-01-05 10:24:00,0.0,0.001,0.0,0.0,0.0,0.0,0.0,0.0,0.0,0,0.001,69.5168,1.0,69.51780000000001
2018-01-05 10:25:00,0.0,0.001,0.0,0.0,0.0,0.0,0.0,0.0,0.0,0,0.001,69.3985,1.0,69.3995
2018-01-05 10:26:00,0.0,0.001,0.0,0.0,0.0,0.0,0.0,0.0,0.0,0,0.001,69.2802,1.0,69.2812
2018-01-05 10:27:00,0.0,0.001,0.0,0.0,0.0,0.0,0.0,0.0,0.0,0,0.001,69.1619,1.0,69.16290000000001
2018-01-05 10:28:00,0.0,0.001,0.0,0.0,0.0,0.0,0.0,0.0,0.0,0,0.001,69.0436,1.0,69.0446
2018-01-05 10:29:00,0.0,0.001,0.0,0.0,0.0,0.0,0.0,0.0,0.0,0,0.001,68.92530000000001,1.0,68.92630000000001
2018-01-05 10:30:00,0.0,0.001,0.0,0.0,0.0,0.0,0.0,0.0,0.0,0,0.001,68.807,1.0,68.808
2018-01-05 10:31:00,0.0,0.001,0.0,0.0,0.0,0.0,0.0,0.0,0.0,0,0.001,68.5442,1.0,68.54520000000001
2018-01-05 10:32:00,0.0,0.001,0.0,0.0,0.0,0.0,0.0,0.0,0.0,0,0.001,68.2814,1.0,68.28240000000001
2018-01-05 10:33:00,0.0,0.001,0.0,0.0,0.0,0.0,0.0,0.0,0.0,0,0.001,68.0186,1.0,68.01960000000001
2018-01-05 10:34:00,0.0,0.001,0.0,0.0,0.0,0.0,0.0,0.0,0.0,0,0.001,67.75580000000001,1.0,67.75680000000001
2018-01-05 10:35:00,0.0,0.0,0.0,0.0,0.0,0.0,0.0,0.0,0.0,0,0.0,67.493,0.0,67.493
2018-01-05 10:36:00,0.0,0.0,0.0,0.0,0.0,0.0,0.0,0.0,0.0,0,0.0,67.2302,0.0,67.2302
2018-01-05 10:37:00,0.0,0.0,0.0,0.0,0.0,0.0,0.0,0.0,0.0,0,0.0,66.9674,0.0,66.9674
2018-01-05 10:38:00,0.0,0.0,0.0,0.0,0.0,0.0,0.0,0.0,0.0,0,0.0,66.7046,0.0,66.7046
2018-01-05 10:39:00,0.0,0.0,0.0,0.0,0.0,0.0,0.0,0.0,0.0,0,0.0,66.4418,0.0,66.4418
2018-01-05 10:40:00,0.0,0.0,0.0,0.0,0.0,0.0,0.0,0.0,0.0,0,0.0,66.179,0.0,66.179
2018-01-05 10:41:00,0.0,0.0,0.0,0.0,0.0,0.0,0.0,0.0,0.0,0,0.0,66.3712,0.0,66.3712
2018-01-05 10:42:00,0.0,0.0,0.0,0.0,0.0,0.0,0.0,0.0,0.0,0,0.0,66.5634,0.0,66.5634
2018-01-05 10:43:00,0.0,0.0,0.0,0.0,0.0,0.0,0.0,0.0,0.0,0,0.0,66.7556,0.0,66.7556
2018-01-05 10:44:00,0.0,0.0,0.0,0.0,0.0,0.0,0.0,0.0,0.0,0,0.0,66.9478,0.0,66.9478
2018-01-05 10:45:00,0.0,0.0,0.0,0.0,0.0,0.0,0.0,0.0,0.0,0,0.0,67.14,0.0,67.14
2018-01-05 10:46:00,0.0,0.0,0.0,0.0,0.0,0.0,0.0,0.0,0.0,0,0.0,67.3322,0.0,67.3322
2018-01-05 10:47:00,0.0,0.0,0.0,0.0,0.0,0.0,0.0,0.0,0.0,0,0.0,67.5244,0.0,67.5244
2018-01-05 10:48:00,0.0,0.0,0.0,0.0,0.0,0.0,0.0,0.0,0.0,0,0.0,67.7166,0.0,67.7166
2018-01-05 10:49:00,0.0,0.0,0.0,0.0,0.0,0.0,0.0,0.0,0.0,0,0.0,67.9088,0.0,67.9088
2018-01-05 10:50:00,0.0,0.0,0.0,0.0,0.0,0.0,0.0,0.0,0.0,0,0.0,68.101,0.0,68.101
2018-01-05 10:51:00,0.0,0.0,0.0,0.0,0.0,0.0,0.0,0.0,0.0,0,0.0,67.9425,0.0,67.9425
2018-01-05 10:52:00,0.0,0.0,0.0,0.0,0.0,0.0,0.0,0.0,0.0,0,0.0,67.784,0.0,67.784
2018-01-05 10:53:00,0.0,0.0,0.0,0.0,0.0,0.0,0.0,0.0,0.0,0,0.0,67.6255,0.0,67.6255
2018-01-05 10:54:00,0.0,0.0,0.0,0.0,0.0,0.0,0.0,0.0,0.0,0,0.0,67.467,0.0,67.467
2018-01-05 10:55:00,0.0,0.0,0.0,0.0,0.0,0.0,0.0,0.0,0.0,0,0.0,67.30850000000001,0.0,67.30850000000001
2018-01-05 10:56:00,0.0,0.0,0.0,0.0,0.0,0.0,0.0,0.0,0.0,0,0.0,67.15,0.0,67.15
2018-01-05 10:57:00,0.0,0.0,0.0,0.0,0.0,0.0,0.0,0.0,0.0,0,0.0,66.9915,0.0,66.9915
2018-01-05 10:58:00,0.0,0.0,0.0,0.0,0.0,0.0,0.0,0.0,0.0,0,0.0,66.833,0.0,66.833
2018-01-05 10:59:00,0.0,0.0,0.0,0.0,0.0,0.0,0.0,0.0,0.0,0,0.0,66.67450000000001,0.0,66.67450000000001
2018-01-05 11:00:00,0.0,0.0,0.0,0.0,0.0,0.0,0.0,0.0,0.0,0,0.0,66.516,0.0,66.516
2018-01-05 11:01:00,0.0,0.0,0.0,0.0,0.0,0.0,0.0,0.0,0.0,0,0.0,66.6179,0.0,66.6179
2018-01-05 11:02:00,0.0,0.0,0.0,0.0,0.0,0.0,0.0,0.0,0.0,0,0.0,66.7198,0.0,66.7198
2018-01-05 11:03:00,0.0,0.0,0.0,0.0,0.0,0.0,0.0,0.0,0.0,0,0.0,66.8217,0.0,66.8217
2018-01-05 11:04:00,0.0,0.0,0.0,0.0,0.0,0.0,0.0,0.0,0.0,0,0.0,66.92360000000001,0.0,66.92360000000001
2018-01-05 11:05:00,0.0,0.0,0.0,0.0,0.0,0.0,0.0,0.0,0.0,0,0.0,67.0255,0.0,67.0255
2018-01-05 11:06:00,0.0,0.0,0.0,0.0,0.0,0.0,0.0,0.0,0.0,0,0.0,67.1274,0.0,67.1274
2018-01-05 11:07:00,0.0,0.0,0.0,0.0,0.0,0.0,0.0,0.0,0.0,0,0.0,67.2293,0.0,67.2293
2018-01-05 11:08:00,0.0,0.0,0.0,0.0,0.0,0.0,0.0,0.0,0.0,0,0.0,67.3312,0.0,67.3312
2018-01-05 11:09:00,0.0,0.0,0.0,0.0,0.0,0.0,0.0,0.0,0.0,0,0.0,67.4331,0.0,67.4331
2018-01-05 11:10:00,0.0,0.0,0.0,0.0,0.0,0.0,0.0,0.0,0.0,0,0.0,67.535,0.0,67.535
2018-01-05 11:11:00,0.0,0.0,0.0,0.0,0.0,0.0,0.0,0.0,0.0,0,0.0,67.4298,0.0,67.4298
2018-01-05 11:12:00,0.0,0.0,0.0,0.0,0.0,0.0,0.0,0.0,0.0,0,0.0,67.3246,0.0,67.3246
2018-01-05 11:13:00,0.0,0.0,0.0,0.0,0.0,0.0,0.0,0.0,0.0,0,0.0,67.2194,0.0,67.2194
2018-01-05 11:14:00,0.0,0.0,0.0,0.0,0.0,0.0,0.0,0.0,0.0,0,0.0,67.1142,0.0,67.1142
2018-01-05 11:15:00,0.0,0.0,0.0,0.0,0.0,0.0,0.0,0.0,0.0,0,0.0,67.009,0.0,67.009
2018-01-05 11:16:00,0.0,0.0,0.0,0.0,0.0,0.0,0.0,0.0,0.0,0,0.0,66.9038,0.0,66.9038
2018-01-05 11:17:00,0.0,0.0,0.0,0.0,0.0,0.0,0.0,0.0,0.0,0,0.0,66.79860000000001,0.0,66.79860000000001
2018-01-05 11:18:00,0.0,0.0,0.0,0.0,0.0,0.0,0.0,0.0,0.0,0,0.0,66.6934,0.0,66.6934
2018-01-05 11:19:00,0.0,0.0,0.0,0.0,0.0,0.0,0.0,0.0,0.0,0,0.0,66.5882,0.0,66.5882
2018-01-05 11:20:00,0.0,0.0,0.0,0.0,0.0,0.0,0.0,0.0,0.0,0,0.0,66.483,0.0,66.483
2018-01-05 11:21:00,0.0,0.0,0.0,0.0,0.0,0.0,0.0,0.0,0.0,0,0.0,66.181,0.0,66.181
2018-01-05 11:22:00,0.0,0.0,0.0,0.0,0.0,0.0,0.0,0.0,0.0,0,0.0,65.879,0.0,65.879
2018-01-05 11:23:00,0.0,0.0,0.0,0.0,0.0,0.0,0.0,0.0,0.0,0,0.0,65.577,0.0,65.577
2018-01-05 11:24:00,0.0,0.0,0.0,0.0,0.0,0.0,0.0,0.0,0.0,0,0.0,65.275,0.0,65.275
2018-01-05 11:25:00,0.0,0.0,0.0,0.0,0.0,0.0,0.0,0.0,0.0,0,0.0,64.973,0.0,64.973
2018-01-05 11:26:00,0.0,0.0,0.0,0.0,0.0,0.0,0.0,0.0,0.0,0,0.0,64.671,0.0,64.671
2018-01-05 11:27:00,0.0,0.0,0.0,0.0,0.0,0.0,0.0,0.0,0.0,0,0.0,64.369,0.0,64.369
2018-01-05 11:28:00,0.0,0.0,0.0,0.0,0.0,0.0,0.0,0.0,0.0,0,0.0,64.06700000000001,0.0,64.06700000000001
2018-01-05 11:29:00,0.0,0.0,0.0,0.0,0.0,0.0,0.0,0.0,0.0,0,0.0,63.765,0.0,63.765
2018-01-05 11:30:00,0.0,0.0,0.0,0.0,0.0,0.0,0.0,0.0,0.0,0,0.0,63.463,0.0,63.463
2018-01-05 11:31:00,0.0,0.0,0.0,0.0,0.0,0.0,0.0,0.0,0.0,0,0.0,63.7669,0.0,63.7669
2018-01-05 11:32:00,0.0,0.0,0.0,0.0,0.0,0.0,0.0,0.0,0.0,0,0.0,64.0708,0.0,64.0708
2018-01-05 11:33:00,0.0,0.0,0.0,0.0,0.0,0.0,0.0,0.0,0.0,0,0.0,64.3747,0.0,64.3747
2018-01-05 11:34:00,0.0,0.0,0.0,0.0,0.0,0.0,0.0,0.0,0.0,0,0.0,64.6786,0.0,64.6786
2018-01-05 11:35:00,0.0,0.0,0.0,0.0,0.0,0.0,0.0,0.0,0.0,0,0.0,64.9825,0.0,64.9825
2018-01-05 11:36:00,0.0,0.0,0.0,0.0,0.0,0.0,0.0,0.0,0.0,0,0.0,65.2864,0.0,65.2864
2018-01-05 11:37:00,0.0,0.0,0.0,0.0,0.0,0.0,0.0,0.0,0.0,0,0.0,65.5903,0.0,65.5903
2018-01-05 11:38:00,0.0,0.0,0.0,0.0,0.0,0.0,0.0,0.0,0.0,0,0.0,65.8942,0.0,65.8942
2018-01-05 11:39:00,0.0,0.0,0.0,0.0,0.0,0.0,0.0,0.0,0.0,0,0.0,66.1981,0.0,66.1981
2018-01-05 11:40:00,0.0,0.0,0.0,0.0,0.0,0.0,0.0,0.0,0.0,0,0.0,66.502,0.0,66.502
2018-01-05 11:41:00,0.0,0.0,0.0,0.0,0.0,0.0,0.0,0.0,0.0,0,0.0,66.61829999999999,0.0,66.61829999999999
2018-01-05 11:42:00,0.0,0.0,0.0,0.0,0.0,0.0,0.0,0.0,0.0,0,0.0,66.7346,0.0,66.7346
2018-01-05 11:43:00,0.0,0.0,0.0,0.0,0.0,0.0,0.0,0.0,0.0,0,0.0,66.8509,0.0,66.8509
2018-01-05 11:44:00,0.001,0.0,0.0,0.0,0.0,0.0,0.0,0.0,0.0,0,0.001,66.9672,1.0,66.96820000000001
2018-01-05 11:45:00,0.001,0.0,0.0,0.0,0.0,0.0,0.0,0.0,0.0,0,0.001,67.0835,1.0,67.0845
2018-01-05 11:46:00,0.001,0.0,0.0,0.0,0.0,0.0,0.0,0.0,0.0,0,0.001,67.1998,1.0,67.2008
2018-01-05 11:47:00,0.001,0.0,0.0,0.0,0.0,0.0,0.0,0.0,0.0,0,0.001,67.3161,1.0,67.31710000000001
2018-01-05 11:48:00,0.001,0.0,0.0,0.0,0.0,0.0,0.0,0.0,0.0,0,0.001,67.4324,1.0,67.4334
2018-01-05 11:49:00,0.001,0.0,0.0,0.0,0.0,0.0,0.0,0.0,0.0,0,0.001,67.54870000000001,1.0,67.54970000000002
2018-01-05 11:50:00,0.001,0.0,0.0,0.0,0.0,0.0,0.0,0.0,0.0,0,0.001,67.665,1.0,67.66600000000001
2018-01-05 11:51:00,0.001,0.0,0.0,0.0,0.0,0.0,0.0,0.0,0.0,0,0.001,67.60560000000001,1.0,67.60660000000001
2018-01-05 11:52:00,0.001,0.001,0.0,0.0,0.0,0.0,0.0,0.0,0.0,0,0.002,67.5462,2.0,67.5482
2018-01-05 11:53:00,0.001,0.001,0.001,0.0,0.0,0.0,0.0,0.0,0.0,0,0.003,67.4868,3.0,67.4898
2018-01-05 11:54:00,0.001,0.001,0.001,0.0,0.0,0.0,0.0,0.0,0.0,0,0.003,67.4274,3.0,67.4304
2018-01-05 11:55:00,0.001,0.001,0.001,0.0,0.0,0.0,0.0,0.0,0.0,0,0.003,67.368,3.0,67.371
2018-01-05 11:56:00,0.001,0.001,0.001,0.001,0.0,0.0,0.0,0.0,0.0,0,0.004,67.3086,4.0,67.3126
2018-01-05 11:57:00,0.001,0.001,0.001,0.001,0.001,0.0,0.0,0.0,0.0,0,0.005,67.2492,5.0,67.2542
2018-01-05 11:58:00,0.001,0.001,0.001,0.001,0.001,0.0,0.0,0.0,0.0,0,0.005,67.1898,5.0,67.1948
2018-01-05 11:59:00,0.001,0.001,0.001,0.001,0.001,0.0,0.0,0.0,0.0,0,0.005,67.1304,5.0,67.13539999999999
2018-01-05 12:00:00,0.001,0.001,0.001,0.001,0.001,0.0,0.0,0.0,0.0,0,0.005,67.071,5.0,67.076
2018-01-05 12:01:00,0.001,0.001,0.001,0.001,0.001,0.0,0.0,0.0,0.0,0,0.005,67.1824,5.0,67.1874
2018-01-05 12:02:00,0.001,0.001,0.001,0.001,0.001,0.0,0.0,0.0,0.0,0,0.005,67.2938,5.0,67.2988
2018-01-05 12:03:00,0.001,0.001,0.001,0.001,0.001,0.0,0.0,0.0,0.0,0,0.005,67.4052,5.0,67.41019999999999
2018-01-05 12:04:00,0.001,0.001,0.001,0.001,0.001,0.0,0.0,0.0,0.0,0,0.005,67.5166,5.0,67.52159999999999
2018-01-05 12:05:00,0.001,0.001,0.001,0.001,0.001,0.0,0.0,0.0,0.0,0,0.005,67.628,5.0,67.633
2018-01-05 12:06:00,0.001,0.001,0.001,0.001,0.001,0.0,0.0,0.0,0.0,0,0.005,67.7394,5.0,67.7444
2018-01-05 12:07:00,0.001,0.001,0.001,0.001,0.001,0.0,0.0,0.0,0.0,0,0.005,67.8508,5.0,67.8558
2018-01-05 12:08:00,0.001,0.001,0.001,0.001,0.001,0.0,0.0,0.0,0.0,0,0.005,67.9622,5.0,67.96719999999999
2018-01-05 12:09:00,0.001,0.001,0.001,0.001,0.001,0.0,0.0,0.0,0.0,0,0.005,68.0736,5.0,68.0786
2018-01-05 12:10:00,0.001,0.001,0.001,0.001,0.001,0.0,0.0,0.0,0.0,0,0.005,68.185,5.0,68.19
2018-01-05 12:11:00,0.001,0.001,0.001,0.001,0.001,0.0,0.0,0.0,0.0,0,0.005,67.9157,5.0,67.9207
2018-01-05 12:12:00,0.001,0.001,0.001,0.001,0.001,0.0,0.0,0.0,0.0,0,0.005,67.6464,5.0,67.6514
2018-01-05 12:13:00,0.001,0.001,0.001,0.001,0.001,0.0,0.0,0.0,0.0,0,0.005,67.3771,5.0,67.3821
2018-01-05 12:14:00,0.001,0.001,0.001,0.001,0.001,0.0,0.0,0.0,0.0,0,0.005,67.1078,5.0,67.1128
2018-01-05 12:15:00,0.001,0.001,0.001,0.001,0.001,0.0,0.0,0.0,0.0,0,0.005,66.83850000000001,5.0,66.8435
2018-01-05 12:16:00,0.001,0.001,0.001,0.001,0.001,0.0,0.0,0.0,0.0,0,0.005,66.56920000000001,5.0,66.5742
2018-01-05 12:17:00,0.001,0.001,0.001,0.001,0.001,0.0,0.0,0.0,0.0,0,0.005,66.29990000000001,5.0,66.3049
2018-01-05 12:18:00,0.001,0.001,0.001,0.001,0.001,0.0,0.0,0.0,0.0,0,0.005,66.0306,5.0,66.0356
2018-01-05 12:19:00,0.001,0.001,0.001,0.001,0.001,0.0,0.0,0.0,0.0,0,0.005,65.7613,5.0,65.7663
2018-01-05 12:20:00,0.001,0.001,0.001,0.001,0.001,0.0,0.0,0.0,0.0,0,0.005,65.492,5.0,65.497
2018-01-05 12:21:00,0.001,0.001,0.001,0.001,0.001,0.0,0.0,0.0,0.0,0,0.005,65.55080000000001,5.0,65.5558
2018-01-05 12:22:00,0.001,0.001,0.001,0.001,0.001,0.0,0.0,0.0,0.0,0,0.005,65.6096,5.0,65.6146
2018-01-05 12:23:00,0.001,0.001,0.001,0.001,0.001,0.001,0.0,0.0,0.0,0,0.006,65.6684,6.0,65.6744
2018-01-05 12:24:00,0.001,0.001,0.001,0.001,0.001,0.001,0.0,0.0,0.0,0,0.006,65.7272,6.0,65.7332
2018-01-05 12:25:00,0.001,0.001,0.001,0.001,0.001,0.001,0.0,0.0,0.0,0,0.006,65.786,6.0,65.792
2018-01-05 12:26:00,0.001,0.001,0.001,0.001,0.001,0.001,0.0,0.0,0.0,0,0.006,65.8448,6.0,65.8508
2018-01-05 12:27:00,0.001,0.001,0.001,0.001,0.001,0.001,0.0,0.0,0.0,0,0.006,65.9036,6.0,65.9096
2018-01-05 12:28:00,0.001,0.001,0.001,0.001,0.001,0.001,0.0,0.0,0.0,0,0.006,65.9624,6.0,65.9684
2018-01-05 12:29:00,0.001,0.001,0.001,0.001,0.001,0.001,0.0,0.0,0.0,0,0.006,66.0212,6.0,66.0272
2018-01-05 12:30:00,0.001,0.001,0.001,0.001,0.001,0.001,0.0,0.0,0.0,0,0.006,66.08,6.0,66.086
2018-01-05 12:31:00,0.001,0.001,0.001,0.001,0.001,0.001,0.0,0.0,0.0,0,0.006,65.83539999999999,6.0,65.8414
2018-01-05 12:32:00,0.001,0.001,0.001,0.001,0.001,0.001,0.0,0.0,0.0,0,0.006,65.5908,6.0,65.5968
2018-01-05 12:33:00,0.001,0.001,0.001,0.001,0.001,0.001,0.001,0.0,0.0,0,0.007,65.3462,7.0,65.3532
2018-01-05 12:34:00,0.001,0.001,0.001,0.001,0.001,0.001,0.001,0.0,0.0,0,0.007,65.1016,7.0,65.10860000000001
2018-01-05 12:35:00,0.001,0.001,0.001,0.001,0.001,0.001,0.001,0.0,0.0,0,0.007,64.857,7.0,64.864
2018-01-05 12:36:00,0.001,0.001,0.001,0.001,0.001,0.001,0.001,0.0,0.0,0,0.007,64.6124,7.0,64.6194
2018-01-05 12:37:00,0.001,0.001,0.001,0.001,0.001,0.001,0.001,0.0,0.0,0,0.007,64.3678,7.0,64.37480000000001
2018-01-05 12:38:00,0.001,0.001,0.001,0.001,0.001,0.001,0.001,0.0,0.0,0,0.007,64.1232,7.0,64.1302
2018-01-05 12:39:00,0.001,0.001,0.001,0.001,0.001,0.001,0.001,0.0,0.0,0,0.007,63.8786,7.0,63.8856
2018-01-05 12:40:00,0.001,0.001,0.001,0.001,0.001,0.001,0.001,0.0,0.0,0,0.007,63.634,7.0,63.641
2018-01-05 12:41:00,0.001,0.001,0.001,0.001,0.001,0.001,0.001,0.0,0.0,0,0.007,63.0956,7.0,63.102599999999995
2018-01-05 12:42:00,0.001,0.001,0.001,0.001,0.001,0.001,0.001,0.0,0.0,0,0.007,62.5572,7.0,62.5642
2018-01-05 12:43:00,0.001,0.001,0.001,0.001,0.001,0.001,0.001,0.0,0.0,0,0.007,62.0188,7.0,62.0258
2018-01-05 12:44:00,0.001,0.001,0.001,0.001,0.001,0.001,0.001,0.0,0.0,0,0.007,61.4804,7.0,61.4874
2018-01-05 12:45:00,0.0,0.001,0.001,0.001,0.001,0.001,0.001,0.0,0.0,0,0.006,60.942,6.0,60.948
2018-01-05 12:46:00,0.0,0.001,0.001,0.001,0.001,0.001,0.001,0.0,0.0,0,0.006,60.4036,6.0,60.4096
2018-01-05 12:47:00,0.0,0.001,0.001,0.001,0.001,0.001,0.001,0.0,0.0,0,0.006,59.8652,6.0,59.8712
2018-01-05 12:48:00,0.0,0.001,0.001,0.001,0.001,0.001,0.001,0.0,0.0,0,0.006,59.3268,6.0,59.3328
2018-01-05 12:49:00,0.0,0.001,0.001,0.001,0.001,0.001,0.001,0.0,0.0,0,0.006,58.7884,6.0,58.7944
2018-01-05 12:50:00,0.0,0.001,0.001,0.001,0.001,0.001,0.001,0.0,0.0,0,0.006,58.25,6.0,58.256
2018-01-05 12:51:00,0.0,0.001,0.001,0.001,0.001,0.001,0.001,0.0,0.0,0,0.006,58.6093,6.0,58.6153
2018-01-05 12:52:00,0.0,0.001,0.001,0.001,0.001,0.001,0.001,0.0,0.0,0,0.006,58.9686,6.0,58.9746
2018-01-05 12:53:00,0.0,0.0,0.001,0.001,0.001,0.001,0.001,0.0,0.0,0,0.005,59.3279,5.0,59.3329
2018-01-05 12:54:00,0.0,0.0,0.0,0.001,0.001,0.001,0.001,0.0,0.0,0,0.004,59.687200000000004,4.0,59.6912
2018-01-05 12:55:00,0.0,0.0,0.0,0.001,0.001,0.001,0.001,0.0,0.0,0,0.004,60.0465,4.0,60.0505
2018-01-05 12:56:00,0.0,0.0,0.0,0.001,0.001,0.001,0.001,0.0,0.0,0,0.004,60.4058,4.0,60.4098
2018-01-05 12:57:00,0.0,0.0,0.0,0.0,0.001,0.001,0.001,0.0,0.0,0,0.003,60.765100000000004,3.0,60.768100000000004
2018-01-05 12:58:00,0.0,0.0,0.0,0.0,0.0,0.001,0.001,0.0,0.0,0,0.002,61.1244,2.0,61.126400000000004
2018-01-05 12:59:00,0.0,0.0,0.0,0.0,0.0,0.001,0.001,0.0,0.0,0,0.002,61.483700000000006,2.0,61.48570000000001
2018-01-05 13:00:00,0.0,0.0,0.0,0.0,0.0,0.001,0.001,0.0,0.0,0,0.002,61.843,2.0,61.845000000000006
2018-01-05 13:01:00,0.001,0.0,0.0,0.0,0.0,0.001,0.001,0.0,0.0,0,0.003,61.6099,3.0,61.6129
2018-01-05 13:02:00,0.001,0.0,0.0,0.0,0.0,0.001,0.001,0.0,0.0,0,0.003,61.3768,3.0,61.3798
2018-01-05 13:03:00,0.001,0.0,0.0,0.0,0.0,0.001,0.001,0.0,0.0,0,0.003,61.1437,3.0,61.1467
2018-01-05 13:04:00,0.001,0.0,0.0,0.0,0.0,0.001,0.001,0.0,0.0,0,0.003,60.9106,3.0,60.9136
2018-01-05 13:05:00,0.001,0.0,0.0,0.0,0.0,0.001,0.001,0.0,0.0,0,0.003,60.6775,3.0,60.6805
2018-01-05 13:06:00,0.001,0.0,0.0,0.0,0.0,0.001,0.001,0.0,0.0,0,0.003,60.4444,3.0,60.4474
2018-01-05 13:07:00,0.001,0.0,0.0,0.0,0.0,0.001,0.001,0.0,0.0,0,0.003,60.2113,3.0,60.2143
2018-01-05 13:08:00,0.001,0.0,0.0,0.0,0.0,0.001,0.001,0.0,0.0,0,0.003,59.9782,3.0,59.9812
2018-01-05 13:09:00,0.001,0.0,0.0,0.0,0.0,0.001,0.001,0.0,0.0,0,0.003,59.7451,3.0,59.7481
2018-01-05 13:10:00,0.001,0.0,0.0,0.0,0.0,0.001,0.001,0.0,0.0,0,0.003,59.512,3.0,59.515
2018-01-05 13:11:00,0.001,0.0,0.0,0.0,0.0,0.001,0.001,0.0,0.0,0,0.003,59.7542,3.0,59.7572
2018-01-05 13:12:00,0.001,0.0,0.0,0.0,0.0,0.001,0.001,0.0,0.0,0,0.003,59.9964,3.0,59.9994
2018-01-05 13:13:00,0.001,0.0,0.0,0.0,0.0,0.001,0.001,0.0,0.0,0,0.003,60.2386,3.0,60.2416
2018-01-05 13:14:00,0.001,0.0,0.0,0.0,0.0,0.001,0.001,0.0,0.0,0,0.003,60.4808,3.0,60.4838
2018-01-05 13:15:00,0.001,0.0,0.0,0.0,0.0,0.001,0.001,0.0,0.0,0,0.003,60.723,3.0,60.726
2018-01-05 13:16:00,0.001,0.0,0.0,0.0,0.0,0.001,0.001,0.0,0.0,0,0.003,60.965199999999996,3.0,60.968199999999996
2018-01-05 13:17:00,0.001,0.0,0.0,0.0,0.0,0.001,0.001,0.0,0.0,0,0.003,61.2074,3.0,61.2104
2018-01-05 13:18:00,0.001,0.0,0.0,0.0,0.0,0.001,0.001,0.0,0.0,0,0.003,61.4496,3.0,61.4526
2018-01-05 13:19:00,0.001,0.0,0.0,0.0,0.0,0.001,0.001,0.0,0.0,0,0.003,61.6918,3.0,61.6948
2018-01-05 13:20:00,0.001,0.0,0.0,0.0,0.0,0.001,0.001,0.0,0.0,0,0.003,61.934,3.0,61.937
2018-01-05 13:21:00,0.001,0.0,0.0,0.0,0.0,0.001,0.001,0.0,0.0,0,0.003,61.8457,3.0,61.8487
2018-01-05 13:22:00,0.001,0.0,0.0,0.0,0.0,0.001,0.001,0.0,0.0,0,0.003,61.7574,3.0,61.7604
2018-01-05 13:23:00,0.001,0.0,0.0,0.0,0.0,0.001,0.001,0.0,0.0,0,0.003,61.6691,3.0,61.6721
2018-01-05 13:24:00,0.001,0.0,0.0,0.0,0.0,0.0,0.001,0.0,0.0,0,0.002,61.580799999999996,2.0,61.5828
2018-01-05 13:25:00,0.001,0.0,0.0,0.0,0.0,0.0,0.001,0.0,0.0,0,0.002,61.4925,2.0,61.4945
2018-01-05 13:26:00,0.001,0.0,0.0,0.0,0.0,0.0,0.001,0.0,0.0,0,0.002,61.4042,2.0,61.406200000000005
2018-01-05 13:27:00,0.001,0.0,0.0,0.0,0.0,0.0,0.001,0.0,0.0,0,0.002,61.3159,2.0,61.3179
2018-01-05 13:28:00,0.001,0.0,0.0,0.0,0.0,0.0,0.001,0.0,0.0,0,0.002,61.2276,2.0,61.229600000000005
2018-01-05 13:29:00,0.001,0.0,0.0,0.0,0.0,0.0,0.001,0.0,0.0,0,0.002,61.1393,2.0,61.1413
2018-01-05 13:30:00,0.001,0.0,0.0,0.0,0.0,0.0,0.001,0.0,0.0,0,0.002,61.051,2.0,61.053000000000004
2018-01-05 13:31:00,0.001,0.0,0.0,0.0,0.0,0.0,0.001,0.0,0.0,0,0.002,61.1728,2.0,61.174800000000005
2018-01-05 13:32:00,0.001,0.0,0.0,0.0,0.0,0.0,0.001,0.0,0.0,0,0.002,61.2946,2.0,61.296600000000005
2018-01-05 13:33:00,0.001,0.0,0.0,0.0,0.0,0.0,0.001,0.0,0.0,0,0.002,61.4164,2.0,61.418400000000005
2018-01-05 13:34:00,0.001,0.0,0.0,0.0,0.0,0.0,0.0,0.0,0.0,0,0.001,61.5382,1.0,61.5392
2018-01-05 13:35:00,0.001,0.0,0.0,0.0,0.0,0.0,0.0,0.0,0.0,0,0.001,61.66,1.0,61.660999999999994
2018-01-05 13:36:00,0.001,0.0,0.0,0.0,0.0,0.0,0.0,0.0,0.0,0,0.001,61.7818,1.0,61.782799999999995
2018-01-05 13:37:00,0.001,0.0,0.0,0.0,0.0,0.0,0.0,0.0,0.0,0,0.001,61.9036,1.0,61.904599999999995
2018-01-05 13:38:00,0.001,0.0,0.0,0.0,0.0,0.0,0.0,0.0,0.0,0,0.001,62.0254,1.0,62.026399999999995
2018-01-05 13:39:00,0.001,0.0,0.0,0.0,0.0,0.0,0.0,0.0,0.0,0,0.001,62.1472,1.0,62.148199999999996
2018-01-05 13:40:00,0.001,0.0,0.0,0.0,0.0,0.0,0.0,0.0,0.0,0,0.001,62.269,1.0,62.269999999999996
2018-01-05 13:41:00,0.001,0.0,0.0,0.0,0.0,0.0,0.0,0.0,0.0,0,0.001,62.0184,1.0,62.0194
2018-01-05 13:42:00,0.001,0.0,0.0,0.0,0.0,0.0,0.0,0.0,0.0,0,0.001,61.7678,1.0,61.7688
2018-01-05 13:43:00,0.001,0.0,0.0,0.0,0.0,0.0,0.0,0.0,0.0,0,0.001,61.517199999999995,1.0,61.51819999999999
2018-01-05 13:44:00,0.001,0.0,0.0,0.0,0.0,0.0,0.0,0.0,0.0,0,0.001,61.2666,1.0,61.267599999999995
2018-01-05 13:45:00,0.001,0.0,0.0,0.0,0.0,0.0,0.0,0.0,0.0,0,0.001,61.016,1.0,61.016999999999996
2018-01-05 13:46:00,0.001,0.0,0.0,0.0,0.0,0.0,0.0,0.0,0.0,0,0.001,60.7654,1.0,60.7664
2018-01-05 13:47:00,0.001,0.001,0.0,0.0,0.0,0.0,0.0,0.0,0.0,0,0.002,60.5148,2.0,60.5168
2018-01-05 13:48:00,0.001,0.001,0.0,0.0,0.0,0.0,0.0,0.0,0.0,0,0.002,60.264199999999995,2.0,60.2662
2018-01-05 13:49:00,0.001,0.001,0.0,0.0,0.0,0.0,0.0,0.0,0.0,0,0.002,60.0136,2.0,60.0156
2018-01-05 13:50:00,0.001,0.001,0.0,0.0,0.0,0.0,0.0,0.0,0.0,0,0.002,59.763,2.0,59.765
2018-01-05 13:51:00,0.001,0.001,0.0,0.0,0.0,0.0,0.0,0.0,0.0,0,0.002,60.0466,2.0,60.0486
2018-01-05 13:52:00,0.001,0.001,0.0,0.0,0.0,0.0,0.0,0.0,0.0,0,0.002,60.3302,2.0,60.3322
2018-01-05 13:53:00,0.001,0.001,0.0,0.0,0.0,0.0,0.0,0.0,0.0,0,0.002,60.6138,2.0,60.6158
2018-01-05 13:54:00,0.001,0.001,0.0,0.0,0.0,0.0,0.0,0.0,0.0,0,0.002,60.8974,2.0,60.8994
2018-01-05 13:55:00,0.001,0.001,0.0,0.0,0.0,0.0,0.0,0.0,0.0,0,0.002,61.181,2.0,61.183
2018-01-05 13:56:00,0.001,0.001,0.0,0.0,0.0,0.0,0.0,0.0,0.0,0,0.002,61.4646,2.0,61.4666
2018-01-05 13:57:00,0.001,0.001,0.0,0.0,0.0,0.0,0.0,0.0,0.0,0,0.002,61.7482,2.0,61.7502
2018-01-05 13:58:00,0.001,0.001,0.0,0.0,0.0,0.0,0.0,0.0,0.0,0,0.002,62.0318,2.0,62.0338
2018-01-05 13:59:00,0.001,0.001,0.0,0.0,0.0,0.0,0.0,0.0,0.0,0,0.002,62.3154,2.0,62.3174
2018-01-05 14:00:00,0.001,0.001,0.0,0.0,0.0,0.0,0.0,0.0,0.0,0,0.002,62.599,2.0,62.601
2018-01-05 14:01:00,0.001,0.001,0.0,0.0,0.0,0.0,0.0,0.0,0.0,0,0.002,62.93129999999999,2.0,62.933299999999996
2018-01-05 14:02:00,0.0,0.001,0.0,0.0,0.0,0.0,0.0,0.0,0.0,0,0.001,63.2636,1.0,63.264599999999994
2018-01-05 14:03:00,0.0,0.001,0.0,0.0,0.0,0.0,0.0,0.0,0.0,0,0.001,63.5959,1.0,63.5969
2018-01-05 14:04:00,0.0,0.001,0.0,0.0,0.0,0.0,0.0,0.0,0.0,0,0.001,63.9282,1.0,63.929199999999994
2018-01-05 14:05:00,0.001,0.001,0.0,0.0,0.0,0.0,0.0,0.0,0.0,0,0.002,64.2605,2.0,64.26249999999999
2018-01-05 14:06:00,0.001,0.001,0.0,0.0,0.0,0.0,0.0,0.0,0.0,0,0.002,64.5928,2.0,64.59479999999999
2018-01-05 14:07:00,0.001,0.001,0.0,0.0,0.0,0.0,0.0,0.0,0.0,0,0.002,64.9251,2.0,64.9271
2018-01-05 14:08:00,0.001,0.001,0.0,0.0,0.0,0.0,0.0,0.0,0.0,0,0.002,65.25739999999999,2.0,65.25939999999999
2018-01-05 14:09:00,0.001,0.001,0.0,0.0,0.0,0.0,0.0,0.0,0.0,0,0.002,65.5897,2.0,65.59169999999999
2018-01-05 14:10:00,0.001,0.001,0.001,0.0,0.0,0.0,0.0,0.0,0.0,0,0.003,65.922,3.0,65.925
2018-01-05 14:11:00,0.001,0.001,0.001,0.0,0.0,0.0,0.0,0.0,0.0,0,0.003,65.8134,3.0,65.8164
2018-01-05 14:12:00,0.001,0.001,0.001,0.0,0.0,0.0,0.0,0.0,0.0,0,0.003,65.70479999999999,3.0,65.70779999999999
2018-01-05 14:13:00,0.001,0.001,0.001,0.0,0.0,0.0,0.0,0.0,0.0,0,0.003,65.5962,3.0,65.5992
2018-01-05 14:14:00,0.001,0.001,0.001,0.0,0.0,0.0,0.0,0.0,0.0,0,0.003,65.4876,3.0,65.4906
2018-01-05 14:15:00,0.001,0.001,0.001,0.0,0.0,0.0,0.0,0.0,0.0,0,0.003,65.37899999999999,3.0,65.38199999999999
2018-01-05 14:16:00,0.001,0.001,0.001,0.001,0.0,0.0,0.0,0.0,0.0,0,0.004,65.2704,4.0,65.2744
2018-01-05 14:17:00,0.001,0.001,0.001,0.001,0.0,0.0,0.0,0.0,0.0,0,0.004,65.1618,4.0,65.1658
2018-01-05 14:18:00,0.001,0.001,0.001,0.001,0.0,0.0,0.0,0.0,0.0,0,0.004,65.0532,4.0,65.05720000000001
2018-01-05 14:19:00,0.001,0.001,0.001,0.001,0.0,0.0,0.0,0.0,0.0,0,0.004,64.9446,4.0,64.9486
2018-01-05 14:20:00,0.001,0.001,0.001,0.001,0.0,0.0,0.0,0.0,0.0,0,0.004,64.836,4.0,64.84
2018-01-05 14:21:00,0.001,0.001,0.001,0.001,0.0,0.0,0.0,0.0,0.0,0,0.004,64.1273,4.0,64.13130000000001
2018-01-05 14:22:00,0.001,0.001,0.001,0.001,0.0,0.0,0.0,0.0,0.0,0,0.004,63.4186,4.0,63.422599999999996
2018-01-05 14:23:00,0.001,0.001,0.001,0.001,0.0,0.0,0.0,0.0,0.0,0,0.004,62.7099,4.0,62.713899999999995
2018-01-05 14:24:00,0.001,0.001,0.001,0.001,0.0,0.0,0.0,0.0,0.0,0,0.004,62.0012,4.0,62.005199999999995
2018-01-05 14:25:00,0.001,0.001,0.001,0.001,0.0,0.0,0.0,0.0,0.0,0,0.004,61.292500000000004,4.0,61.2965
2018-01-05 14:26:00,0.001,0.001,0.001,0.001,0.0,0.0,0.0,0.0,0.0,0,0.004,60.5838,4.0,60.587799999999994
2018-01-05 14:27:00,0.001,0.001,0.001,0.001,0.0,0.0,0.0,0.0,0.0,0,0.004,59.8751,4.0,59.8791
2018-01-05 14:28:00,0.001,0.001,0.001,0.001,0.0,0.0,0.0,0.0,0.0,0,0.004,59.1664,4.0,59.1704
2018-01-05 14:29:00,0.001,0.001,0.001,0.001,0.0,0.0,0.0,0.0,0.0,0,0.004,58.4577,4.0,58.4617
2018-01-05 14:30:00,0.001,0.001,0.001,0.001,0.0,0.0,0.0,0.0,0.0,0,0.004,57.749,4.0,57.753
2018-01-05 14:31:00,0.001,0.001,0.001,0.001,0.0,0.0,0.0,0.0,0.0,0,0.004,57.899100000000004,4.0,57.9031
2018-01-05 14:32:00,0.001,0.001,0.001,0.001,0.0,0.0,0.0,0.0,0.0,0,0.004,58.0492,4.0,58.0532
2018-01-05 14:33:00,0.001,0.001,0.001,0.001,0.0,0.0,0.0,0.0,0.0,0,0.004,58.1993,4.0,58.2033
2018-01-05 14:34:00,0.001,0.001,0.001,0.001,0.001,0.0,0.0,0.0,0.0,0,0.005,58.3494,5.0,58.354400000000005
2018-01-05 14:35:00,0.001,0.001,0.001,0.001,0.001,0.0,0.0,0.0,0.0,0,0.005,58.4995,5.0,58.5045
2018-01-05 14:36:00,0.001,0.001,0.001,0.001,0.001,0.0,0.0,0.0,0.0,0,0.005,58.6496,5.0,58.6546
2018-01-05 14:37:00,0.001,0.001,0.001,0.001,0.001,0.0,0.0,0.0,0.0,0,0.005,58.7997,5.0,58.804700000000004
2018-01-05 14:38:00,0.001,0.001,0.001,0.001,0.001,0.0,0.0,0.0,0.0,0,0.005,58.9498,5.0,58.954800000000006
2018-01-05 14:39:00,0.001,0.001,0.001,0.001,0.001,0.0,0.0,0.0,0.0,0,0.005,59.0999,5.0,59.1049
2018-01-05 14:40:00,0.001,0.001,0.001,0.001,0.001,0.0,0.0,0.0,0.0,0,0.005,59.25,5.0,59.255
2018-01-05 14:41:00,0.001,0.001,0.001,0.001,0.001,0.0,0.0,0.0,0.0,0,0.005,59.04,5.0,59.045
2018-01-05 14:42:00,0.001,0.001,0.001,0.001,0.001,0.0,0.0,0.0,0.0,0,0.005,58.83,5.0,58.835
2018-01-05 14:43:00,0.001,0.001,0.001,0.001,0.001,0.0,0.0,0.0,0.0,0,0.005,58.62,5.0,58.625
2018-01-05 14:44:00,0.001,0.001,0.001,0.001,0.001,0.0,0.0,0.0,0.0,0,0.005,58.41,5.0,58.415
2018-01-05 14:45:00,0.001,0.001,0.001,0.001,0.001,0.0,0.0,0.0,0.0,0,0.005,58.2,5.0,58.205000000000005
2018-01-05 14:46:00,0.001,0.001,0.001,0.001,0.001,0.0,0.0,0.0,0.0,0,0.005,57.99,5.0,57.995000000000005
2018-01-05 14:47:00,0.001,0.001,0.001,0.001,0.001,0.0,0.0,0.0,0.0,0,0.005,57.78,5.0,57.785000000000004
2018-01-05 14:48:00,0.001,0.0,0.001,0.001,0.001,0.0,0.0,0.0,0.0,0,0.004,57.57,4.0,57.574
2018-01-05 14:49:00,0.001,0.0,0.001,0.001,0.001,0.0,0.0,0.0,0.0,0,0.004,57.36,4.0,57.364
2018-01-05 14:50:00,0.001,0.0,0.001,0.001,0.001,0.0,0.0,0.0,0.0,0,0.004,57.15,4.0,57.153999999999996
2018-01-05 14:51:00,0.001,0.0,0.001,0.001,0.001,0.0,0.0,0.0,0.0,0,0.004,57.194,4.0,57.198
2018-01-05 14:52:00,0.001,0.0,0.001,0.001,0.001,0.0,0.0,0.0,0.0,0,0.004,57.238,4.0,57.242
2018-01-05 14:53:00,0.001,0.0,0.001,0.001,0.001,0.0,0.0,0.0,0.0,0,0.004,57.282,4.0,57.285999999999994
2018-01-05 14:54:00,0.001,0.0,0.001,0.001,0.001,0.0,0.0,0.0,0.0,0,0.004,57.326,4.0,57.33
2018-01-05 14:55:00,0.001,0.0,0.001,0.001,0.001,0.0,0.0,0.0,0.0,0,0.004,57.370000000000005,4.0,57.374
2018-01-05 14:56:00,0.001,0.0,0.001,0.001,0.001,0.0,0.0,0.0,0.0,0,0.004,57.414,4.0,57.418
2018-01-05 14:57:00,0.001,0.0,0.001,0.001,0.001,0.0,0.0,0.0,0.0,0,0.004,57.458,4.0,57.461999999999996
2018-01-05 14:58:00,0.001,0.0,0.001,0.001,0.001,0.0,0.0,0.0,0.0,0,0.004,57.502,4.0,57.506
2018-01-05 14:59:00,0.001,0.0,0.001,0.001,0.001,0.0,0.0,0.0,0.0,0,0.004,57.54600000000001,4.0,57.550000000000004
2018-01-05 15:00:00,0.001,0.0,0.001,0.001,0.001,0.0,0.0,0.0,0.0,0,0.004,57.59,4.0,57.594
2018-01-05 15:01:00,0.001,0.0,0.001,0.001,0.001,0.0,0.0,0.0,0.0,0,0.004,57.6358,4.0,57.6398
2018-01-05 15:02:00,0.001,0.0,0.001,0.001,0.001,0.0,0.0,0.0,0.0,0,0.004,57.6816,4.0,57.6856
2018-01-05 15:03:00,0.001,0.0,0.001,0.001,0.001,0.0,0.0,0.0,0.0,0,0.004,57.7274,4.0,57.7314
2018-01-05 15:04:00,0.001,0.0,0.001,0.001,0.001,0.0,0.0,0.0,0.0,0,0.004,57.7732,4.0,57.7772
2018-01-05 15:05:00,0.001,0.0,0.001,0.001,0.001,0.0,0.0,0.0,0.0,0,0.004,57.819,4.0,57.823
2018-01-05 15:06:00,0.0,0.0,0.001,0.001,0.001,0.0,0.0,0.0,0.0,0,0.003,57.8648,3.0,57.8678
2018-01-05 15:07:00,0.0,0.0,0.001,0.001,0.001,0.0,0.0,0.0,0.0,0,0.003,57.9106,3.0,57.9136
2018-01-05 15:08:00,0.0,0.0,0.001,0.001,0.001,0.0,0.0,0.0,0.0,0,0.003,57.9564,3.0,57.9594
2018-01-05 15:09:00,0.0,0.0,0.001,0.001,0.001,0.0,0.0,0.0,0.0,0,0.003,58.0022,3.0,58.0052
2018-01-05 15:10:00,0.001,0.001,0.001,0.001,0.001,0.0,0.0,0.0,0.0,0,0.005,58.048,5.0,58.053000000000004
2018-01-05 15:11:00,0.001,0.001,0.0,0.001,0.001,0.0,0.0,0.0,0.0,0,0.004,58.516000000000005,4.0,58.52
2018-01-05 15:12:00,0.001,0.001,0.0,0.001,0.001,0.0,0.0,0.0,0.0,0,0.004,58.984,4.0,58.988
2018-01-05 15:13:00,0.001,0.001,0.0,0.001,0.001,0.0,0.0,0.0,0.0,0,0.004,59.452,4.0,59.455999999999996
2018-01-05 15:14:00,0.001,0.001,0.0,0.001,0.001,0.0,0.0,0.0,0.0,0,0.004,59.92,4.0,59.924
2018-01-05 15:15:00,0.001,0.001,0.0,0.001,0.001,0.0,0.0,0.0,0.0,0,0.004,60.388000000000005,4.0,60.392
2018-01-05 15:16:00,0.001,0.001,0.0,0.001,0.001,0.0,0.0,0.0,0.0,0,0.004,60.856,4.0,60.86
2018-01-05 15:17:00,0.001,0.001,0.0,0.0,0.001,0.0,0.0,0.0,0.0,0,0.003,61.324,3.0,61.327
2018-01-05 15:18:00,0.001,0.001,0.0,0.0,0.001,0.0,0.0,0.0,0.0,0,0.003,61.792,3.0,61.795
2018-01-05 15:19:00,0.001,0.001,0.0,0.0,0.001,0.0,0.0,0.0,0.0,0,0.003,62.260000000000005,3.0,62.263000000000005
2018-01-05 15:20:00,0.001,0.001,0.0,0.0,0.001,0.0,0.0,0.0,0.0,0,0.003,62.728,3.0,62.731
2018-01-05 15:21:00,0.001,0.001,0.0,0.0,0.001,0.0,0.0,0.0,0.0,0,0.003,62.4239,3.0,62.4269
2018-01-05 15:22:00,0.001,0.001,0.0,0.0,0.001,0.0,0.0,0.0,0.0,0,0.003,62.1198,3.0,62.1228
2018-01-05 15:23:00,0.001,0.001,0.0,0.0,0.001,0.0,0.0,0.0,0.0,0,0.003,61.8157,3.0,61.8187
2018-01-05 15:24:00,0.001,0.001,0.0,0.0,0.001,0.0,0.0,0.0,0.0,0,0.003,61.5116,3.0,61.5146
2018-01-05 15:25:00,0.001,0.001,0.0,0.0,0.001,0.0,0.0,0.0,0.0,0,0.003,61.207499999999996,3.0,61.210499999999996
2018-01-05 15:26:00,0.001,0.001,0.0,0.0,0.001,0.0,0.0,0.0,0.0,0,0.003,60.9034,3.0,60.9064
2018-01-05 15:27:00,0.001,0.001,0.0,0.0,0.001,0.0,0.0,0.0,0.0,0,0.003,60.5993,3.0,60.6023
2018-01-05 15:28:00,0.001,0.001,0.0,0.0,0.001,0.0,0.0,0.0,0.0,0,0.003,60.2952,3.0,60.2982
2018-01-05 15:29:00,0.001,0.001,0.0,0.0,0.001,0.0,0.0,0.0,0.0,0,0.003,59.991099999999996,3.0,59.994099999999996
2018-01-05 15:30:00,0.001,0.001,0.0,0.0,0.001,0.0,0.0,0.0,0.0,0,0.003,59.687,3.0,59.69
2018-01-05 15:31:00,0.001,0.001,0.0,0.0,0.001,0.0,0.0,0.0,0.0,0,0.003,59.7005,3.0,59.7035
2018-01-05 15:32:00,0.001,0.001,0.0,0.0,0.001,0.0,0.0,0.0,0.0,0,0.003,59.714,3.0,59.717
2018-01-05 15:33:00,0.001,0.001,0.0,0.0,0.001,0.0,0.0,0.0,0.0,0,0.003,59.7275,3.0,59.7305
2018-01-05 15:34:00,0.001,0.001,0.0,0.0,0.001,0.0,0.0,0.0,0.0,0,0.003,59.741,3.0,59.744
2018-01-05 15:35:00,0.001,0.001,0.0,0.0,0.0,0.0,0.0,0.0,0.0,0,0.002,59.7545,2.0,59.7565
2018-01-05 15:36:00,0.001,0.001,0.0,0.0,0.0,0.0,0.0,0.0,0.0,0,0.002,59.768,2.0,59.77
2018-01-05 15:37:00,0.001,0.001,0.0,0.0,0.0,0.0,0.0,0.0,0.0,0,0.002,59.7815,2.0,59.783500000000004
2018-01-05 15:38:00,0.001,0.001,0.0,0.0,0.0,0.0,0.0,0.0,0.0,0,0.002,59.795,2.0,59.797000000000004
2018-01-05 15:39:00,0.001,0.001,0.0,0.0,0.0,0.0,0.0,0.0,0.0,0,0.002,59.8085,2.0,59.810500000000005
2018-01-05 15:40:00,0.001,0.001,0.001,0.0,0.0,0.0,0.0,0.0,0.0,0,0.003,59.822,3.0,59.825
2018-01-05 15:41:00,0.001,0.001,0.001,0.0,0.0,0.0,0.0,0.0,0.0,0,0.003,59.7973,3.0,59.8003
2018-01-05 15:42:00,0.001,0.001,0.001,0.0,0.0,0.0,0.0,0.0,0.0,0,0.003,59.772600000000004,3.0,59.775600000000004
2018-01-05 15:43:00,0.001,0.001,0.001,0.0,0.0,0.0,0.0,0.0,0.0,0,0.003,59.7479,3.0,59.7509
2018-01-05 15:44:00,0.001,0.001,0.001,0.0,0.0,0.0,0.0,0.0,0.0,0,0.003,59.723200000000006,3.0,59.726200000000006
2018-01-05 15:45:00,0.001,0.001,0.001,0.0,0.0,0.0,0.0,0.0,0.0,0,0.003,59.6985,3.0,59.7015
2018-01-05 15:46:00,0.001,0.001,0.001,0.0,0.0,0.0,0.0,0.0,0.0,0,0.003,59.6738,3.0,59.6768
2018-01-05 15:47:00,0.001,0.001,0.001,0.0,0.0,0.0,0.0,0.0,0.0,0,0.003,59.649100000000004,3.0,59.652100000000004
2018-01-05 15:48:00,0.001,0.001,0.001,0.0,0.0,0.0,0.0,0.0,0.0,0,0.003,59.6244,3.0,59.6274
2018-01-05 15:49:00,0.001,0.001,0.001,0.0,0.0,0.0,0.0,0.0,0.0,0,0.003,59.599700000000006,3.0,59.602700000000006
2018-01-05 15:50:00,0.001,0.001,0.001,0.0,0.0,0.0,0.0,0.0,0.0,0,0.003,59.575,3.0,59.578
2018-01-05 15:51:00,0.001,0.001,0.001,0.0,0.0,0.0,0.0,0.0,0.0,0,0.003,59.3108,3.0,59.3138
2018-01-05 15:52:00,0.001,0.001,0.001,0.0,0.0,0.0,0.0,0.0,0.0,0,0.003,59.046600000000005,3.0,59.049600000000005
2018-01-05 15:53:00,0.001,0.001,0.001,0.0,0.0,0.0,0.0,0.0,0.0,0,0.003,58.7824,3.0,58.7854
2018-01-05 15:54:00,0.001,0.001,0.001,0.0,0.0,0.0,0.0,0.0,0.0,0,0.003,58.5182,3.0,58.5212
2018-01-05 15:55:00,0.001,0.001,0.001,0.0,0.0,0.0,0.0,0.0,0.0,0,0.003,58.254000000000005,3.0,58.257000000000005
2018-01-05 15:56:00,0.001,0.001,0.001,0.0,0.0,0.0,0.0,0.0,0.0,0,0.003,57.9898,3.0,57.9928
2018-01-05 15:57:00,0.001,0.001,0.001,0.0,0.0,0.0,0.0,0.0,0.0,0,0.003,57.7256,3.0,57.7286
2018-01-05 15:58:00,0.001,0.001,0.001,0.0,0.0,0.0,0.0,0.0,0.0,0,0.003,57.4614,3.0,57.4644
2018-01-05 15:59:00,0.001,0.001,0.001,0.0,0.0,0.0,0.0,0.0,0.0,0,0.003,57.1972,3.0,57.2002
2018-01-05 16:00:00,0.001,0.001,0.001,0.001,0.0,0.0,0.0,0.0,0.0,0,0.004,56.933,4.0,56.937
2018-01-05 16:01:00,0.001,0.001,0.001,0.001,0.0,0.0,0.0,0.0,0.0,0,0.004,56.4781,4.0,56.482099999999996
2018-01-05 16:02:00,0.001,0.001,0.001,0.001,0.0,0.0,0.0,0.0,0.0,0,0.004,56.0232,4.0,56.0272
2018-01-05 16:03:00,0.001,0.001,0.001,0.001,0.0,0.0,0.0,0.0,0.0,0,0.004,55.5683,4.0,55.5723
2018-01-05 16:04:00,0.001,0.001,0.001,0.001,0.0,0.0,0.0,0.0,0.0,0,0.004,55.1134,4.0,55.117399999999996
2018-01-05 16:05:00,0.001,0.001,0.001,0.001,0.0,0.0,0.0,0.0,0.0,0,0.004,54.658500000000004,4.0,54.6625
2018-01-05 16:06:00,0.001,0.001,0.001,0.001,0.0,0.0,0.0,0.0,0.0,0,0.004,54.2036,4.0,54.2076
2018-01-05 16:07:00,0.001,0.001,0.001,0.001,0.0,0.0,0.0,0.0,0.0,0,0.004,53.7487,4.0,53.7527
2018-01-05 16:08:00,0.001,0.001,0.001,0.001,0.0,0.0,0.0,0.0,0.0,0,0.004,53.2938,4.0,53.297799999999995
2018-01-05 16:09:00,0.001,0.001,0.001,0.001,0.0,0.0,0.0,0.0,0.0,0,0.004,52.8389,4.0,52.8429
2018-01-05 16:10:00,0.001,0.001,0.001,0.001,0.0,0.0,0.0,0.0,0.0,0,0.004,52.384,4.0,52.388
2018-01-05 16:11:00,0.0,0.0,0.001,0.001,0.0,0.0,0.0,0.0,0.0,0,0.002,52.3145,2.0,52.316500000000005
2018-01-05 16:12:00,0.0,0.0,0.001,0.001,0.0,0.0,0.0,0.0,0.0,0,0.002,52.245,2.0,52.247
2018-01-05 16:13:00,0.0,0.0,0.001,0.001,0.0,0.0,0.0,0.0,0.0,0,0.002,52.1755,2.0,52.1775
2018-01-05 16:14:00,0.0,0.0,0.001,0.001,0.0,0.0,0.0,0.0,0.0,0,0.002,52.106,2.0,52.108000000000004
2018-01-05 16:15:00,0.0,0.0,0.001,0.001,0.0,0.0,0.0,0.0,0.0,0,0.002,52.036500000000004,2.0,52.038500000000006
2018-01-05 16:16:00,0.0,0.0,0.001,0.001,0.0,0.0,0.0,0.0,0.0,0,0.002,51.967,2.0,51.969
2018-01-05 16:17:00,0.0,0.0,0.001,0.001,0.0,0.0,0.0,0.0,0.0,0,0.002,51.8975,2.0,51.8995
2018-01-05 16:18:00,0.0,0.0,0.001,0.001,0.0,0.0,0.0,0.0,0.0,0,0.002,51.828,2.0,51.830000000000005
2018-01-05 16:19:00,0.001,0.0,0.001,0.001,0.0,0.0,0.0,0.0,0.0,0,0.003,51.7585,3.0,51.7615
2018-01-05 16:20:00,0.001,0.0,0.001,0.001,0.0,0.0,0.0,0.0,0.0,0,0.003,51.689,3.0,51.692
2018-01-05 16:21:00,0.001,0.0,0.001,0.001,0.0,0.0,0.0,0.0,0.0,0,0.003,51.3403,3.0,51.3433
2018-01-05 16:22:00,0.001,0.0,0.001,0.001,0.0,0.0,0.0,0.0,0.0,0,0.003,50.9916,3.0,50.9946
2018-01-05 16:23:00,0.001,0.001,0.001,0.001,0.0,0.0,0.0,0.0,0.0,0,0.004,50.6429,4.0,50.646899999999995
2018-01-05 16:24:00,0.001,0.001,0.001,0.001,0.0,0.0,0.0,0.0,0.0,0,0.004,50.2942,4.0,50.298199999999994
2018-01-05 16:25:00,0.001,0.001,0.001,0.001,0.0,0.0,0.0,0.0,0.0,0,0.004,49.945499999999996,4.0,49.94949999999999
2018-01-05 16:26:00,0.001,0.001,0.001,0.001,0.0,0.0,0.0,0.0,0.0,0,0.004,49.5968,4.0,49.6008
2018-01-05 16:27:00,0.001,0.001,0.001,0.001,0.0,0.0,0.0,0.0,0.0,0,0.004,49.2481,4.0,49.2521
2018-01-05 16:28:00,0.001,0.001,0.001,0.001,0.0,0.0,0.0,0.0,0.0,0,0.004,48.8994,4.0,48.9034
2018-01-05 16:29:00,0.001,0.001,0.001,0.001,0.0,0.0,0.0,0.0,0.0,0,0.004,48.5507,4.0,48.5547
2018-01-05 16:30:00,0.001,0.001,0.001,0.001,0.0,0.0,0.0,0.0,0.0,0,0.004,48.202,4.0,48.205999999999996
2018-01-05 16:31:00,0.001,0.001,0.001,0.001,0.0,0.0,0.0,0.0,0.0,0,0.004,48.3266,4.0,48.3306
2018-01-05 16:32:00,0.001,0.001,0.001,0.001,0.0,0.0,0.0,0.0,0.0,0,0.004,48.4512,4.0,48.4552
2018-01-05 16:33:00,0.001,0.001,0.001,0.001,0.0,0.0,0.0,0.0,0.0,0,0.004,48.5758,4.0,48.5798
2018-01-05 16:34:00,0.001,0.001,0.001,0.001,0.001,0.0,0.0,0.0,0.0,0,0.005,48.7004,5.0,48.705400000000004
2018-01-05 16:35:00,0.001,0.001,0.001,0.001,0.001,0.0,0.0,0.0,0.0,0,0.005,48.825,5.0,48.830000000000005
2018-01-05 16:36:00,0.001,0.001,0.001,0.001,0.001,0.0,0.0,0.0,0.0,0,0.005,48.9496,5.0,48.9546
2018-01-05 16:37:00,0.001,0.001,0.001,0.001,0.001,0.0,0.0,0.0,0.0,0,0.005,49.0742,5.0,49.0792
2018-01-05 16:38:00,0.001,0.001,0.001,0.001,0.001,0.0,0.0,0.0,0.0,0,0.005,49.1988,5.0,49.2038
2018-01-05 16:39:00,0.001,0.001,0.001,0.001,0.001,0.0,0.0,0.0,0.0,0,0.005,49.3234,5.0,49.3284
2018-01-05 16:40:00,0.001,0.001,0.001,0.001,0.001,0.0,0.0,0.0,0.0,0,0.005,49.448,5.0,49.453
2018-01-05 16:41:00,0.001,0.001,0.0,0.001,0.001,0.0,0.0,0.0,0.0,0,0.004,49.6211,4.0,49.625099999999996
2018-01-05 16:42:00,0.001,0.001,0.0,0.001,0.001,0.0,0.0,0.0,0.0,0,0.004,49.794200000000004,4.0,49.7982
2018-01-05 16:43:00,0.001,0.001,0.0,0.001,0.001,0.0,0.0,0.0,0.0,0,0.004,49.9673,4.0,49.9713
2018-01-05 16:44:00,0.001,0.001,0.001,0.001,0.001,0.0,0.0,0.0,0.0,0,0.005,50.1404,5.0,50.1454
2018-01-05 16:45:00,0.001,0.001,0.001,0.001,0.001,0.0,0.0,0.0,0.0,0,0.005,50.313500000000005,5.0,50.31850000000001
2018-01-05 16:46:00,0.001,0.001,0.001,0.001,0.001,0.0,0.0,0.0,0.0,0,0.005,50.4866,5.0,50.491600000000005
2018-01-05 16:47:00,0.001,0.001,0.001,0.001,0.001,0.0,0.0,0.0,0.0,0,0.005,50.6597,5.0,50.6647
2018-01-05 16:48:00,0.001,0.001,0.001,0.001,0.001,0.0,0.0,0.0,0.0,0,0.005,50.8328,5.0,50.8378
2018-01-05 16:49:00,0.001,0.001,0.001,0.001,0.001,0.0,0.0,0.0,0.0,0,0.005,51.005900000000004,5.0,51.01090000000001
2018-01-05 16:50:00,0.001,0.001,0.001,0.001,0.001,0.0,0.0,0.0,0.0,0,0.005,51.179,5.0,51.184000000000005
2018-01-05 16:51:00,0.001,0.001,0.001,0.001,0.001,0.0,0.0,0.0,0.0,0,0.005,51.1269,5.0,51.1319
2018-01-05 16:52:00,0.001,0.001,0.001,0.001,0.001,0.0,0.0,0.0,0.0,0,0.005,51.0748,5.0,51.079800000000006
2018-01-05 16:53:00,0.001,0.001,0.001,0.001,0.001,0.0,0.0,0.0,0.0,0,0.005,51.0227,5.0,51.0277
2018-01-05 16:54:00,0.001,0.001,0.001,0.001,0.001,0.0,0.0,0.0,0.0,0,0.005,50.970600000000005,5.0,50.97560000000001
2018-01-05 16:55:00,0.001,0.001,0.001,0.001,0.001,0.0,0.0,0.0,0.0,0,0.005,50.9185,5.0,50.923500000000004
2018-01-05 16:56:00,0.001,0.001,0.001,0.001,0.001,0.0,0.0,0.0,0.0,0,0.005,50.8664,5.0,50.8714
2018-01-05 16:57:00,0.001,0.001,0.001,0.001,0.001,0.0,0.0,0.0,0.0,0,0.005,50.8143,5.0,50.819300000000005
2018-01-05 16:58:00,0.001,0.001,0.001,0.001,0.001,0.0,0.0,0.0,0.0,0,0.005,50.7622,5.0,50.7672
2018-01-05 16:59:00,0.001,0.001,0.001,0.001,0.001,0.0,0.0,0.0,0.0,0,0.005,50.710100000000004,5.0,50.71510000000001
2018-01-05 17:00:00,0.001,0.001,0.001,0.001,0.001,0.0,0.0,0.0,0.0,0,0.005,50.658,5.0,50.663000000000004
2018-01-05 17:01:00,0.001,0.001,0.001,0.0,0.001,0.0,0.0,0.0,0.0,0,0.004,50.7001,4.0,50.7041
2018-01-05 17:02:00,0.001,0.001,0.001,0.0,0.001,0.0,0.0,0.0,0.0,0,0.004,50.742200000000004,4.0,50.7462
2018-01-05 17:03:00,0.001,0.001,0.001,0.0,0.001,0.0,0.0,0.0,0.0,0,0.004,50.7843,4.0,50.7883
2018-01-05 17:04:00,0.001,0.001,0.001,0.0,0.001,0.0,0.0,0.0,0.0,0,0.004,50.8264,4.0,50.8304
2018-01-05 17:05:00,0.001,0.001,0.001,0.0,0.001,0.0,0.0,0.0,0.0,0,0.004,50.8685,4.0,50.872499999999995
2018-01-05 17:06:00,0.001,0.001,0.001,0.0,0.001,0.0,0.0,0.0,0.0,0,0.004,50.9106,4.0,50.9146
2018-01-05 17:07:00,0.001,0.001,0.001,0.0,0.001,0.0,0.0,0.0,0.0,0,0.004,50.9527,4.0,50.9567
2018-01-05 17:08:00,0.001,0.001,0.001,0.0,0.001,0.0,0.0,0.0,0.0,0,0.004,50.9948,4.0,50.998799999999996
2018-01-05 17:09:00,0.001,0.001,0.001,0.0,0.001,0.0,0.0,0.0,0.0,0,0.004,51.0369,4.0,51.0409
2018-01-05 17:10:00,0.001,0.001,0.001,0.0,0.001,0.0,0.0,0.0,0.0,0,0.004,51.079,4.0,51.083
2018-01-05 17:11:00,0.001,0.001,0.001,0.0,0.001,0.0,0.0,0.0,0.0,0,0.004,50.7015,4.0,50.7055
2018-01-05 17:12:00,0.001,0.001,0.001,0.0,0.001,0.0,0.0,0.0,0.0,0,0.004,50.324,4.0,50.327999999999996
2018-01-05 17:13:00,0.001,0.001,0.001,0.0,0.001,0.0,0.0,0.0,0.0,0,0.004,49.9465,4.0,49.9505
2018-01-05 17:14:00,0.001,0.001,0.001,0.0,0.001,0.0,0.0,0.0,0.0,0,0.004,49.569,4.0,49.573
2018-01-05 17:15:00,0.001,0.001,0.001,0.001,0.001,0.0,0.0,0.0,0.0,0,0.005,49.191500000000005,5.0,49.19650000000001
2018-01-05 17:16:00,0.001,0.001,0.001,0.001,0.001,0.0,0.0,0.0,0.0,0,0.005,48.814,5.0,48.819
2018-01-05 17:17:00,0.001,0.001,0.001,0.001,0.001,0.0,0.0,0.0,0.0,0,0.005,48.4365,5.0,48.441500000000005
2018-01-05 17:18:00,0.001,0.001,0.001,0.001,0.001,0.0,0.0,0.0,0.0,0,0.005,48.059000000000005,5.0,48.06400000000001
2018-01-05 17:19:00,0.001,0.001,0.001,0.001,0.001,0.0,0.0,0.0,0.0,0,0.005,47.6815,5.0,47.6865
2018-01-05 17:20:00,0.0,0.001,0.001,0.001,0.001,0.0,0.0,0.0,0.0,0,0.004,47.304,4.0,47.308
2018-01-05 17:21:00,0.0,0.001,0.001,0.001,0.001,0.0,0.0,0.0,0.0,0,0.004,47.2909,4.0,47.2949
2018-01-05 17:22:00,0.0,0.001,0.001,0.001,0.001,0.0,0.0,0.0,0.0,0,0.004,47.2778,4.0,47.2818
2018-01-05 17:23:00,0.0,0.001,0.001,0.001,0.001,0.0,0.0,0.0,0.0,0,0.004,47.264700000000005,4.0,47.2687
2018-01-05 17:24:00,0.0,0.0,0.001,0.001,0.001,0.0,0.0,0.0,0.0,0,0.003,47.2516,3.0,47.2546
2018-01-05 17:25:00,0.0,0.0,0.001,0.001,0.001,0.0,0.0,0.0,0.0,0,0.003,47.2385,3.0,47.2415
2018-01-05 17:26:00,0.0,0.0,0.001,0.001,0.001,0.0,0.0,0.0,0.0,0,0.003,47.2254,3.0,47.2284
2018-01-05 17:27:00,0.0,0.0,0.001,0.001,0.001,0.0,0.0,0.0,0.0,0,0.003,47.2123,3.0,47.2153
2018-01-05 17:28:00,0.0,0.0,0.001,0.001,0.001,0.0,0.0,0.0,0.0,0,0.003,47.199200000000005,3.0,47.202200000000005
2018-01-05 17:29:00,0.001,0.0,0.001,0.001,0.001,0.0,0.0,0.0,0.0,0,0.004,47.1861,4.0,47.1901
2018-01-05 17:30:00,0.001,0.0,0.001,0.001,0.001,0.0,0.0,0.0,0.0,0,0.004,47.173,4.0,47.177
2018-01-05 17:31:00,0.001,0.0,0.001,0.001,0.001,0.0,0.0,0.0,0.0,0,0.004,47.140100000000004,4.0,47.1441
2018-01-05 17:32:00,0.001,0.0,0.001,0.001,0.001,0.0,0.0,0.0,0.0,0,0.004,47.1072,4.0,47.1112
2018-01-05 17:33:00,0.001,0.0,0.001,0.001,0.001,0.0,0.0,0.0,0.0,0,0.004,47.0743,4.0,47.0783
2018-01-05 17:34:00,0.001,0.0,0.001,0.001,0.001,0.0,0.0,0.0,0.0,0,0.004,47.0414,4.0,47.0454
2018-01-05 17:35:00,0.001,0.0,0.001,0.001,0.0,0.0,0.0,0.0,0.0,0,0.003,47.0085,3.0,47.0115
2018-01-05 17:36:00,0.001,0.001,0.001,0.001,0.0,0.0,0.0,0.0,0.0,0,0.004,46.9756,4.0,46.9796
2018-01-05 17:37:00,0.001,0.001,0.001,0.001,0.0,0.0,0.0,0.0,0.0,0,0.004,46.9427,4.0,46.9467
2018-01-05 17:38:00,0.001,0.001,0.001,0.001,0.0,0.0,0.0,0.0,0.0,0,0.004,46.909800000000004,4.0,46.9138
2018-01-05 17:39:00,0.001,0.001,0.001,0.001,0.0,0.0,0.0,0.0,0.0,0,0.004,46.8769,4.0,46.8809
2018-01-05 17:40:00,0.001,0.001,0.001,0.001,0.0,0.0,0.0,0.0,0.0,0,0.004,46.844,4.0,46.848
2018-01-05 17:41:00,0.001,0.001,0.001,0.001,0.0,0.0,0.0,0.0,0.0,0,0.004,46.692,4.0,46.696
2018-01-05 17:42:00,0.001,0.001,0.001,0.001,0.0,0.0,0.0,0.0,0.0,0,0.004,46.54,4.0,46.544
2018-01-05 17:43:00,0.001,0.001,0.001,0.001,0.0,0.0,0.0,0.0,0.0,0,0.004,46.388,4.0,46.391999999999996
2018-01-05 17:44:00,0.001,0.001,0.001,0.001,0.0,0.0,0.0,0.0,0.0,0,0.004,46.236,4.0,46.239999999999995
2018-01-05 17:45:00,0.001,0.001,0.0,0.001,0.0,0.0,0.0,0.0,0.0,0,0.003,46.084,3.0,46.087
2018-01-05 17:46:00,0.001,0.001,0.0,0.001,0.0,0.0,0.0,0.0,0.0,0,0.003,45.932,3.0,45.935
2018-01-05 17:47:00,0.001,0.001,0.0,0.001,0.0,0.0,0.0,0.0,0.0,0,0.003,45.78,3.0,45.783
2018-01-05 17:48:00,0.001,0.001,0.0,0.001,0.0,0.0,0.0,0.0,0.0,0,0.003,45.628,3.0,45.631
2018-01-05 17:49:00,0.001,0.001,0.0,0.001,0.0,0.0,0.0,0.0,0.0,0,0.003,45.476,3.0,45.479
2018-01-05 17:50:00,0.001,0.001,0.0,0.001,0.0,0.0,0.0,0.0,0.0,0,0.003,45.324,3.0,45.327
2018-01-05 17:51:00,0.001,0.001,0.0,0.001,0.0,0.0,0.0,0.0,0.0,0,0.003,45.3151,3.0,45.3181
2018-01-05 17:52:00,0.001,0.001,0.0,0.001,0.0,0.0,0.0,0.0,0.0,0,0.003,45.3062,3.0,45.3092
2018-01-05 17:53:00,0.001,0.001,0.0,0.001,0.0,0.0,0.0,0.0,0.0,0,0.003,45.2973,3.0,45.3003
2018-01-05 17:54:00,0.001,0.001,0.0,0.001,0.0,0.0,0.0,0.0,0.0,0,0.003,45.288399999999996,3.0,45.291399999999996
2018-01-05 17:55:00,0.001,0.001,0.0,0.001,0.0,0.0,0.0,0.0,0.0,0,0.003,45.2795,3.0,45.2825
2018-01-05 17:56:00,0.001,0.001,0.0,0.001,0.0,0.0,0.0,0.0,0.0,0,0.003,45.2706,3.0,45.2736
2018-01-05 17:57:00,0.001,0.001,0.0,0.001,0.0,0.0,0.0,0.0,0.0,0,0.003,45.2617,3.0,45.2647
2018-01-05 17:58:00,0.001,0.001,0.0,0.001,0.0,0.0,0.0,0.0,0.0,0,0.003,45.2528,3.0,45.2558
2018-01-05 17:59:00,0.001,0.001,0.0,0.001,0.0,0.0,0.0,0.0,0.0,0,0.003,45.2439,3.0,45.2469
2018-01-05 18:00:00,0.001,0.001,0.0,0.001,0.0,0.0,0.0,0.0,0.0,0,0.003,45.235,3.0,45.238
2018-01-05 18:01:00,0.001,0.001,0.0,0.001,0.0,0.0,0.0,0.0,0.0,0,0.003,45.2178,3.0,45.2208
2018-01-05 18:02:00,0.001,0.001,0.0,0.001,0.0,0.0,0.0,0.0,0.0,0,0.003,45.2006,3.0,45.2036
2018-01-05 18:03:00,0.001,0.001,0.001,0.001,0.0,0.0,0.0,0.0,0.0,0,0.004,45.1834,4.0,45.1874
2018-01-05 18:04:00,0.001,0.001,0.001,0.001,0.001,0.0,0.0,0.0,0.0,0,0.005,45.1662,5.0,45.171200000000006
2018-01-05 18:05:00,0.001,0.001,0.001,0.001,0.001,0.0,0.0,0.0,0.0,0,0.005,45.149,5.0,45.154
2018-01-05 18:06:00,0.001,0.001,0.001,0.001,0.001,0.0,0.0,0.0,0.0,0,0.005,45.1318,5.0,45.1368
2018-01-05 18:07:00,0.001,0.001,0.001,0.001,0.001,0.0,0.0,0.0,0.0,0,0.005,45.1146,5.0,45.119600000000005
2018-01-05 18:08:00,0.001,0.001,0.001,0.001,0.001,0.0,0.0,0.0,0.0,0,0.005,45.0974,5.0,45.1024
2018-01-05 18:09:00,0.001,0.001,0.001,0.001,0.001,0.0,0.0,0.0,0.0,0,0.005,45.080200000000005,5.0,45.08520000000001
2018-01-05 18:10:00,0.001,0.001,0.001,0.001,0.001,0.001,0.0,0.0,0.0,0,0.006,45.063,6.0,45.069
2018-01-05 18:11:00,0.001,0.001,0.001,0.001,0.001,0.001,0.001,0.0,0.0,0,0.007,44.8767,7.0,44.8837
2018-01-05 18:12:00,0.001,0.001,0.001,0.001,0.001,0.001,0.001,0.0,0.0,0,0.007,44.690400000000004,7.0,44.6974
2018-01-05 18:13:00,0.001,0.001,0.001,0.001,0.001,0.001,0.001,0.0,0.0,0,0.007,44.5041,7.0,44.5111
2018-01-05 18:14:00,0.001,0.001,0.001,0.001,0.001,0.001,0.001,0.0,0.0,0,0.007,44.317800000000005,7.0,44.3248
2018-01-05 18:15:00,0.001,0.001,0.001,0.001,0.001,0.001,0.001,0.0,0.0,0,0.007,44.1315,7.0,44.1385
2018-01-05 18:16:00,0.001,0.001,0.001,0.0,0.001,0.001,0.001,0.0,0.0,0,0.006,43.9452,6.0,43.9512
2018-01-05 18:17:00,0.001,0.001,0.001,0.001,0.001,0.001,0.001,0.0,0.0,0,0.007,43.758900000000004,7.0,43.7659
2018-01-05 18:18:00,0.001,0.001,0.001,0.001,0.001,0.001,0.001,0.001,0.0,0,0.008,43.5726,8.0,43.580600000000004
2018-01-05 18:19:00,0.001,0.001,0.001,0.001,0.001,0.001,0.001,0.001,0.0,0,0.008,43.386300000000006,8.0,43.39430000000001
2018-01-05 18:20:00,0.001,0.001,0.001,0.001,0.001,0.001,0.001,0.001,0.0,0,0.008,43.2,8.0,43.208000000000006
2018-01-05 18:21:00,0.001,0.001,0.001,0.001,0.001,0.001,0.001,0.001,0.0,0,0.008,43.1296,8.0,43.137600000000006
2018-01-05 18:22:00,0.001,0.001,0.001,0.001,0.001,0.001,0.001,0.001,0.0,0,0.008,43.059200000000004,8.0,43.06720000000001
2018-01-05 18:23:00,0.001,0.001,0.001,0.001,0.001,0.001,0.001,0.001,0.0,0,0.008,42.988800000000005,8.0,42.99680000000001
2018-01-05 18:24:00,0.001,0.001,0.001,0.001,0.001,0.001,0.001,0.001,0.0,0,0.008,42.918400000000005,8.0,42.92640000000001
2018-01-05 18:25:00,0.001,0.001,0.001,0.001,0.001,0.001,0.001,0.001,0.0,0,0.008,42.848,8.0,42.856
2018-01-05 18:26:00,0.001,0.001,0.001,0.001,0.001,0.001,0.001,0.001,0.0,0,0.008,42.7776,8.0,42.7856
2018-01-05 18:27:00,0.001,0.001,0.001,0.001,0.001,0.001,0.001,0.001,0.0,0,0.008,42.7072,8.0,42.7152
2018-01-05 18:28:00,0.001,0.001,0.001,0.001,0.001,0.001,0.001,0.001,0.0,0,0.008,42.6368,8.0,42.644800000000004
2018-01-05 18:29:00,0.001,0.001,0.001,0.001,0.001,0.001,0.001,0.001,0.0,0,0.008,42.5664,8.0,42.574400000000004
2018-01-05 18:30:00,0.0,0.001,0.001,0.001,0.001,0.001,0.001,0.001,0.0,0,0.007,42.496,7.0,42.503
2018-01-05 18:31:00,0.0,0.001,0.001,0.001,0.001,0.001,0.001,0.001,0.0,0,0.007,42.471900000000005,7.0,42.4789
2018-01-05 18:32:00,0.0,0.001,0.001,0.001,0.001,0.001,0.001,0.001,0.0,0,0.007,42.4478,7.0,42.4548
2018-01-05 18:33:00,0.0,0.001,0.001,0.001,0.001,0.001,0.001,0.001,0.0,0,0.007,42.423700000000004,7.0,42.4307
2018-01-05 18:34:00,0.0,0.001,0.001,0.001,0.001,0.001,0.001,0.001,0.0,0,0.007,42.3996,7.0,42.4066
2018-01-05 18:35:00,0.001,0.001,0.001,0.001,0.001,0.001,0.001,0.001,0.0,0,0.008,42.3755,8.0,42.383500000000005
2018-01-05 18:36:00,0.001,0.001,0.001,0.001,0.001,0.001,0.001,0.001,0.0,0,0.008,42.351400000000005,8.0,42.35940000000001
2018-01-05 18:37:00,0.001,0.0,0.001,0.001,0.001,0.001,0.001,0.001,0.0,0,0.007,42.3273,7.0,42.3343
2018-01-05 18:38:00,0.001,0.0,0.001,0.001,0.001,0.001,0.001,0.001,0.0,0,0.007,42.303200000000004,7.0,42.3102
2018-01-05 18:39:00,0.001,0.0,0.001,0.001,0.001,0.001,0.001,0.001,0.0,0,0.007,42.2791,7.0,42.2861
2018-01-05 18:40:00,0.001,0.0,0.001,0.001,0.001,0.001,0.001,0.001,0.0,0,0.007,42.255,7.0,42.262
2018-01-05 18:41:00,0.001,0.0,0.001,0.001,0.001,0.001,0.001,0.001,0.0,0,0.007,41.9793,7.0,41.9863
2018-01-05 18:42:00,0.001,0.0,0.001,0.001,0.001,0.001,0.001,0.001,0.0,0,0.007,41.7036,7.0,41.7106
2018-01-05 18:43:00,0.001,0.001,0.001,0.001,0.001,0.001,0.001,0.001,0.0,0,0.008,41.4279,8.0,41.435900000000004
2018-01-05 18:44:00,0.001,0.001,0.001,0.001,0.001,0.001,0.001,0.001,0.0,0,0.008,41.1522,8.0,41.1602
2018-01-05 18:45:00,0.001,0.001,0.001,0.001,0.001,0.001,0.001,0.001,0.0,0,0.008,40.8765,8.0,40.8845
2018-01-05 18:46:00,0.001,0.001,0.001,0.001,0.001,0.001,0.001,0.001,0.0,0,0.008,40.6008,8.0,40.6088
2018-01-05 18:47:00,0.001,0.001,0.001,0.001,0.001,0.001,0.001,0.001,0.0,0,0.008,40.3251,8.0,40.3331
2018-01-05 18:48:00,0.001,0.001,0.001,0.001,0.001,0.001,0.001,0.001,0.001,0,0.009000000000000001,40.0494,9.0,40.0584
2018-01-05 18:49:00,0.001,0.001,0.001,0.001,0.001,0.001,0.001,0.001,0.001,0,0.009000000000000001,39.7737,9.0,39.7827
2018-01-05 18:50:00,0.001,0.001,0.001,0.001,0.001,0.001,0.001,0.001,0.001,0,0.009000000000000001,39.498,9.0,39.507
2018-01-05 18:51:00,0.001,0.001,0.001,0.001,0.001,0.001,0.001,0.001,0.001,0,0.009000000000000001,39.9702,9.0,39.9792
2018-01-05 18:52:00,0.001,0.001,0.001,0.001,0.001,0.001,0.001,0.001,0.001,0,0.009000000000000001,40.4424,9.0,40.4514
2018-01-05 18:53:00,0.001,0.001,0.001,0.001,0.001,0.001,0.001,0.001,0.001,0,0.009000000000000001,40.9146,9.0,40.9236
2018-01-05 18:54:00,0.001,0.001,0.001,0.001,0.001,0.001,0.001,0.001,0.001,0,0.009000000000000001,41.3868,9.0,41.3958
2018-01-05 18:55:00,0.001,0.001,0.001,0.001,0.001,0.001,0.001,0.001,0.001,0,0.009000000000000001,41.858999999999995,9.0,41.867999999999995
2018-01-05 18:56:00,0.001,0.001,0.001,0.001,0.001,0.001,0.001,0.001,0.001,0,0.009000000000000001,42.331199999999995,9.0,42.340199999999996
2018-01-05 18:57:00,0.001,0.001,0.001,0.001,0.001,0.001,0.001,0.001,0.001,0,0.009000000000000001,42.803399999999996,9.0,42.8124
2018-01-05 18:58:00,0.001,0.001,0.001,0.001,0.001,0.001,0.001,0.001,0.001,0,0.009000000000000001,43.2756,9.0,43.2846
2018-01-05 18:59:00,0.001,0.001,0.001,0.001,0.001,0.001,0.001,0.001,0.001,0,0.009000000000000001,43.7478,9.0,43.7568
2018-01-05 19:00:00,0.001,0.001,0.001,0.001,0.001,0.001,0.001,0.001,0.001,0,0.009000000000000001,44.22,9.0,44.229
2018-01-05 19:01:00,0.001,0.001,0.001,0.001,0.001,0.001,0.001,0.001,0.001,0,0.009000000000000001,44.0989,9.0,44.1079
2018-01-05 19:02:00,0.001,0.001,0.001,0.001,0.001,0.001,0.001,0.001,0.001,0,0.009000000000000001,43.9778,9.0,43.9868
2018-01-05 19:03:00,0.001,0.001,0.001,0.001,0.001,0.001,0.001,0.001,0.001,0,0.009000000000000001,43.8567,9.0,43.8657
2018-01-05 19:04:00,0.001,0.001,0.0,0.001,0.001,0.001,0.001,0.001,0.001,0,0.008,43.7356,8.0,43.7436
2018-01-05 19:05:00,0.001,0.001,0.0,0.001,0.0,0.001,0.001,0.001,0.001,0,0.007,43.6145,7.0,43.6215
2018-01-05 19:06:00,0.001,0.001,0.0,0.001,0.0,0.001,0.001,0.001,0.001,0,0.007,43.4934,7.0,43.5004
2018-01-05 19:07:00,0.001,0.001,0.0,0.001,0.0,0.001,0.001,0.001,0.001,0,0.007,43.3723,7.0,43.3793
2018-01-05 19:08:00,0.001,0.001,0.0,0.001,0.0,0.001,0.001,0.001,0.001,0,0.007,43.2512,7.0,43.258199999999995
2018-01-05 19:09:00,0.001,0.001,0.0,0.001,0.0,0.001,0.001,0.001,0.001,0,0.007,43.1301,7.0,43.1371
2018-01-05 19:10:00,0.001,0.001,0.0,0.001,0.0,0.001,0.001,0.001,0.001,0,0.007,43.009,7.0,43.016
2018-01-05 19:11:00,0.001,0.001,0.0,0.001,0.0,0.0,0.001,0.001,0.001,0,0.006,43.0593,6.0,43.0653
2018-01-05 19:12:00,0.001,0.001,0.0,0.001,0.0,0.0,0.0,0.001,0.001,0,0.005,43.1096,5.0,43.1146
2018-01-05 19:13:00,0.001,0.001,0.0,0.001,0.0,0.0,0.0,0.001,0.001,0,0.005,43.1599,5.0,43.1649
2018-01-05 19:14:00,0.001,0.001,0.0,0.001,0.0,0.0,0.0,0.001,0.001,0,0.005,43.2102,5.0,43.2152
2018-01-05 19:15:00,0.001,0.001,0.0,0.001,0.0,0.0,0.0,0.001,0.001,0,0.005,43.2605,5.0,43.2655
2018-01-05 19:16:00,0.001,0.001,0.0,0.001,0.0,0.0,0.0,0.001,0.001,0,0.005,43.3108,5.0,43.3158
2018-01-05 19:17:00,0.001,0.001,0.0,0.001,0.0,0.0,0.0,0.001,0.001,0,0.005,43.3611,5.0,43.3661
2018-01-05 19:18:00,0.001,0.001,0.0,0.0,0.0,0.0,0.0,0.001,0.001,0,0.004,43.4114,4.0,43.4154
2018-01-05 19:19:00,0.001,0.001,0.0,0.0,0.0,0.0,0.0,0.0,0.001,0,0.003,43.4617,3.0,43.4647
2018-01-05 19:20:00,0.001,0.001,0.001,0.0,0.0,0.0,0.0,0.0,0.001,0,0.004,43.512,4.0,43.516
2018-01-05 19:21:00,0.001,0.001,0.001,0.0,0.0,0.0,0.0,0.0,0.001,0,0.004,43.2844,4.0,43.288399999999996
2018-01-05 19:22:00,0.001,0.001,0.001,0.0,0.0,0.0,0.0,0.0,0.001,0,0.004,43.0568,4.0,43.0608
2018-01-05 19:23:00,0.001,0.001,0.001,0.0,0.0,0.0,0.0,0.0,0.001,0,0.004,42.8292,4.0,42.8332
2018-01-05 19:24:00,0.001,0.001,0.001,0.0,0.0,0.0,0.0,0.0,0.001,0,0.004,42.6016,4.0,42.605599999999995
2018-01-05 19:25:00,0.001,0.001,0.001,0.0,0.0,0.0,0.0,0.0,0.001,0,0.004,42.373999999999995,4.0,42.37799999999999
2018-01-05 19:26:00,0.001,0.001,0.001,0.001,0.0,0.0,0.0,0.0,0.001,0,0.005,42.1464,5.0,42.1514
2018-01-05 19:27:00,0.001,0.001,0.001,0.001,0.0,0.0,0.0,0.0,0.001,0,0.005,41.9188,5.0,41.9238
2018-01-05 19:28:00,0.001,0.001,0.001,0.001,0.0,0.0,0.0,0.0,0.001,0,0.005,41.691199999999995,5.0,41.6962
2018-01-05 19:29:00,0.001,0.001,0.001,0.001,0.0,0.0,0.0,0.0,0.001,0,0.005,41.4636,5.0,41.4686
2018-01-05 19:30:00,0.001,0.001,0.001,0.001,0.0,0.0,0.0,0.0,0.001,0,0.005,41.236,5.0,41.241
2018-01-05 19:31:00,0.001,0.001,0.001,0.001,0.0,0.0,0.0,0.0,0.001,0,0.005,41.5102,5.0,41.5152
2018-01-05 19:32:00,0.001,0.001,0.001,0.001,0.0,0.0,0.0,0.0,0.001,0,0.005,41.7844,5.0,41.7894
2018-01-05 19:33:00,0.001,0.001,0.001,0.001,0.0,0.0,0.0,0.0,0.001,0,0.005,42.0586,5.0,42.0636
2018-01-05 19:34:00,0.001,0.001,0.001,0.001,0.0,0.0,0.0,0.0,0.001,0,0.005,42.3328,5.0,42.3378
2018-01-05 19:35:00,0.001,0.001,0.001,0.001,0.0,0.0,0.0,0.0,0.001,0,0.005,42.607,5.0,42.612
2018-01-05 19:36:00,0.0,0.001,0.001,0.001,0.0,0.0,0.0,0.0,0.001,0,0.004,42.8812,4.0,42.8852
2018-01-05 19:37:00,0.0,0.001,0.001,0.001,0.0,0.0,0.0,0.0,0.001,0,0.004,43.1554,4.0,43.1594
2018-01-05 19:38:00,0.0,0.001,0.001,0.001,0.0,0.0,0.0,0.0,0.001,0,0.004,43.4296,4.0,43.4336
2018-01-05 19:39:00,0.0,0.001,0.001,0.001,0.0,0.0,0.0,0.0,0.001,0,0.004,43.7038,4.0,43.7078
2018-01-05 19:40:00,0.0,0.001,0.001,0.001,0.0,0.0,0.0,0.0,0.001,0,0.004,43.978,4.0,43.982
2018-01-05 19:41:00,0.0,0.001,0.001,0.001,0.0,0.0,0.0,0.0,0.001,0,0.004,44.1044,4.0,44.108399999999996
2018-01-05 19:42:00,0.0,0.001,0.001,0.001,0.0,0.0,0.0,0.0,0.001,0,0.004,44.2308,4.0,44.2348
2018-01-05 19:43:00,0.0,0.001,0.001,0.001,0.0,0.0,0.0,0.0,0.001,0,0.004,44.3572,4.0,44.3612
2018-01-05 19:44:00,0.0,0.0,0.001,0.001,0.0,0.0,0.0,0.0,0.001,0,0.003,44.4836,3.0,44.4866
2018-01-05 19:45:00,0.0,0.0,0.001,0.001,0.0,0.0,0.0,0.0,0.001,0,0.003,44.61,3.0,44.613
2018-01-05 19:46:00,0.0,0.0,0.001,0.001,0.0,0.0,0.0,0.0,0.001,0,0.003,44.736399999999996,3.0,44.739399999999996
2018-01-05 19:47:00,0.0,0.0,0.001,0.001,0.0,0.0,0.0,0.0,0.001,0,0.003,44.8628,3.0,44.8658
2018-01-05 19:48:00,0.0,0.0,0.001,0.001,0.0,0.0,0.0,0.0,0.001,0,0.003,44.9892,3.0,44.9922
2018-01-05 19:49:00,0.0,0.0,0.001,0.001,0.0,0.0,0.0,0.0,0.0,0,0.002,45.1156,2.0,45.1176
2018-01-05 19:50:00,0.0,0.0,0.001,0.001,0.0,0.0,0.0,0.0,0.0,0,0.002,45.242,2.0,45.244
2018-01-05 19:51:00,0.0,0.0,0.001,0.001,0.0,0.0,0.0,0.0,0.0,0,0.002,44.417699999999996,2.0,44.4197
2018-01-05 19:52:00,0.0,0.0,0.001,0.001,0.0,0.0,0.0,0.0,0.0,0,0.002,43.593399999999995,2.0,43.5954
2018-01-05 19:53:00,0.0,0.0,50.0,50.0,0.0,0.0,0.0,0.0,0.0,0,100.0,42.7691,2.0,142.7691
2018-01-05 19:54:00,0.0,0.0,50.0,50.0,0.0,0.0,0.0,0.0,0.0,0,100.0,41.9448,2.0,141.9448
2018-01-05 19:55:00,0.0,0.0,50.0,50.0,0.0,0.0,0.0,0.0,0.0,0,100.0,41.1205,2.0,141.1205
2018-01-05 19:56:00,0.0,0.0,50.0,50.0,0.0,0.0,0.0,0.0,0.0,0,100.0,40.2962,2.0,140.2962
2018-01-05 19:57:00,0.0,0.0,50.0,50.0,0.0,0.0,0.0,0.0,0.0,0,100.0,39.4719,2.0,139.4719
2018-01-05 19:58:00,0.0,0.0,50.0,50.0,0.0,0.0,0.0,0.0,0.0,0,100.0,38.647600000000004,2.0,138.6476
2018-01-05 19:59:00,0.0,0.0,50.0,50.0,0.0,0.0,0.0,0.0,0.0,0,100.0,37.8233,2.0,137.82330000000002
2018-01-05 20:00:00,0.0,0.0,50.0,50.0,0.0,0.0,0.0,0.0,0.0,0,100.0,36.999,2.0,136.999
2018-01-05 20:01:00,0.0,0.0,50.0,50.0,0.0,0.0,0.0,0.0,0.0,0,100.0,35.8767,2.0,135.8767
2018-01-05 20:02:00,0.0,0.0,50.0,50.0,0.0,0.0,0.0,0.0,0.0,0,100.0,34.754400000000004,2.0,134.7544
2018-01-05 20:03:00,0.0,0.0,50.0,50.0,0.0,0.0,0.0,0.0,0.0,0,100.0,33.6321,2.0,133.6321
2018-01-05 20:04:00,0.0,0.0,50.0,50.0,0.0,0.0,0.0,0.0,0.0,0,100.0,32.5098,2.0,132.50979999999998
2018-01-05 20:05:00,0.0,0.0,50.0,50.0,0.0,0.0,0.0,0.0,0.0,0,100.0,31.387500000000003,2.0,131.3875
2018-01-05 20:06:00,0.0,0.0,50.0,50.0,0.0,0.0,0.0,0.0,0.0,0,100.0,30.2652,2.0,130.2652
2018-01-05 20:07:00,0.0,0.0,50.0,50.0,0.0,0.0,0.0,0.0,0.0,0,100.0,29.1429,2.0,129.1429
2018-01-05 20:08:00,0.0,0.0,50.0,50.0,0.0,0.0,0.0,0.0,0.0,0,100.0,28.0206,2.0,128.0206
2018-01-05 20:09:00,0.0,0.0,0.0,50.0,0.0,0.0,0.0,0.0,0.0,0,50.0,26.8983,1.0,76.8983
2018-01-05 20:10:00,0.0,0.0,0.0,50.0,0.0,0.0,0.0,0.0,0.0,0,50.0,25.776,1.0,75.776
2018-01-05 20:11:00,0.0,0.0,0.0,50.0,0.0,0.0,0.0,0.0,0.0,0,50.0,25.7649,1.0,75.7649
2018-01-05 20:12:00,50.0,0.0,0.0,0.0,0.0,0.0,0.0,0.0,0.0,0,50.0,25.7538,1.0,75.7538
2018-01-05 20:13:00,50.0,0.0,0.0,0.0,0.0,0.0,0.0,0.0,0.0,0,50.0,25.7427,1.0,75.7427
2018-01-05 20:14:00,50.0,0.0,0.0,0.0,0.0,0.0,0.0,0.0,0.0,0,50.0,25.7316,1.0,75.7316
2018-01-05 20:15:00,50.0,0.0,0.0,0.0,0.0,0.0,0.0,0.0,0.0,0,50.0,25.7205,1.0,75.7205
2018-01-05 20:16:00,50.0,0.0,0.0,0.0,0.0,0.0,0.0,0.0,0.0,0,50.0,25.7094,1.0,75.7094
2018-01-05 20:17:00,50.0,0.0,0.0,0.0,0.0,0.0,0.0,0.0,0.0,0,50.0,25.6983,1.0,75.6983
2018-01-05 20:18:00,50.0,0.0,0.0,0.0,0.0,0.0,0.0,0.0,0.0,0,50.0,25.6872,1.0,75.6872
2018-01-05 20:19:00,50.0,0.0,0.0,0.0,0.0,0.0,0.0,0.0,0.0,0,50.0,25.676099999999998,1.0,75.67609999999999
2018-01-05 20:20:00,50.0,0.0,0.0,0.0,0.0,0.0,0.0,0.0,0.0,0,50.0,25.665,1.0,75.66499999999999
2018-01-05 20:21:00,50.0,0.0,0.0,0.0,0.0,0.0,0.0,0.0,0.0,0,50.0,25.8,1.0,75.8
2018-01-05 20:22:00,50.0,0.0,0.0,0.0,0.0,0.0,0.0,0.0,0.0,0,50.0,25.935,1.0,75.935
2018-01-05 20:23:00,50.0,0.0,0.0,0.0,0.0,0.0,0.0,0.0,0.0,0,50.0,26.07,1.0,76.07
2018-01-05 20:24:00,50.0,0.0,0.0,0.0,0.0,0.0,0.0,0.0,0.0,0,50.0,26.205,1.0,76.205
2018-01-05 20:25:00,50.0,0.0,0.0,0.0,0.0,0.0,0.0,0.0,0.0,0,50.0,26.34,1.0,76.34
2018-01-05 20:26:00,50.0,0.0,0.0,0.0,0.0,0.0,0.0,0.0,0.0,0,50.0,26.475,1.0,76.475
2018-01-05 20:27:00,50.0,0.0,0.0,0.0,0.0,0.0,0.0,0.0,0.0,0,50.0,26.61,1.0,76.61
2018-01-05 20:28:00,50.0,0.0,0.0,0.0,0.0,0.0,0.0,0.0,0.0,0,50.0,26.745,1.0,76.745
2018-01-05 20:29:00,50.0,0.0,0.0,0.0,0.0,0.0,0.0,0.0,0.0,0,50.0,26.88,1.0,76.88
2018-01-05 20:30:00,50.0,0.0,0.0,0.0,0.0,0.0,0.0,0.0,0.0,0,50.0,27.015,1.0,77.015
2018-01-05 20:31:00,50.0,0.0,0.0,0.0,0.0,0.0,0.0,0.0,0.0,0,50.0,26.6626,1.0,76.6626
2018-01-05 20:32:00,50.0,0.0,0.0,0.0,0.0,0.0,0.0,0.0,0.0,0,50.0,26.310200000000002,1.0,76.31020000000001
2018-01-05 20:33:00,50.0,0.0,0.0,0.0,0.0,0.0,0.0,0.0,0.0,0,50.0,25.9578,1.0,75.95779999999999
2018-01-05 20:34:00,50.0,0.0,0.0,0.0,0.0,0.0,0.0,0.0,0.0,0,50.0,25.6054,1.0,75.6054
2018-01-05 20:35:00,50.0,0.0,0.0,0.0,0.0,0.0,0.0,0.0,0.0,0,50.0,25.253,1.0,75.253
2018-01-05 20:36:00,50.0,0.0,0.0,0.0,0.0,0.0,0.0,0.0,0.0,0,50.0,24.9006,1.0,74.9006
2018-01-05 20:37:00,50.0,0.0,0.0,0.0,0.0,0.0,0.0,0.0,0.0,0,50.0,24.5482,1.0,74.54820000000001
2018-01-05 20:38:00,50.0,0.0,0.0,0.0,0.0,0.0,0.0,0.0,0.0,0,50.0,24.1958,1.0,74.19579999999999
2018-01-05 20:39:00,50.0,0.0,0.0,0.0,0.0,0.0,0.0,0.0,0.0,0,50.0,23.8434,1.0,73.8434
2018-01-05 20:40:00,50.0,0.0,0.0,0.0,0.0,0.0,0.0,0.0,0.0,0,50.0,23.491,1.0,73.491
2018-01-05 20:41:00,50.0,0.0,0.0,0.0,0.0,0.0,0.0,0.0,0.0,0,50.0,23.5949,1.0,73.5949
2018-01-05 20:42:00,50.0,0.0,0.0,0.0,0.0,0.0,0.0,0.0,0.0,0,50.0,23.6988,1.0,73.6988
2018-01-05 20:43:00,50.0,0.0,0.0,0.0,0.0,0.0,0.0,0.0,0.0,0,50.0,23.8027,1.0,73.8027
2018-01-05 20:44:00,50.0,0.0,0.0,0.0,0.0,0.0,0.0,0.0,0.0,0,50.0,23.9066,1.0,73.9066
2018-01-05 20:45:00,0.0,0.0,0.0,0.0,0.0,0.0,0.0,0.0,0.0,0,0.0,24.0105,0.0,24.0105
2018-01-05 20:46:00,0.0,0.0,0.0,0.0,0.0,0.0,0.0,0.0,0.0,0,0.0,24.1144,0.0,24.1144
2018-01-05 20:47:00,0.0,0.0,0.0,0.0,0.0,0.0,0.0,0.0,0.0,0,0.0,24.2183,0.0,24.2183
2018-01-05 20:48:00,0.0,0.0,0.0,0.0,0.0,0.0,0.0,0.0,0.0,0,0.0,24.322200000000002,0.0,24.322200000000002
2018-01-05 20:49:00,0.0,0.0,0.0,0.0,0.0,0.0,0.0,0.0,0.0,0,0.0,24.4261,0.0,24.4261
2018-01-05 20:50:00,0.0,0.0,0.0,0.0,0.0,0.0,0.0,0.0,0.0,0,0.0,24.53,0.0,24.53
2018-01-05 20:51:00,0.0,0.0,0.0,0.0,0.0,0.0,0.0,0.0,0.0,0,0.0,24.508200000000002,0.0,24.508200000000002
2018-01-05 20:52:00,0.0,0.0,0.0,0.0,0.0,0.0,0.0,0.0,0.0,0,0.0,24.4864,0.0,24.4864
2018-01-05 20:53:00,0.0,0.0,0.0,0.0,0.0,0.0,0.0,0.0,0.0,0,0.0,24.4646,0.0,24.4646
2018-01-05 20:54:00,0.0,0.0,0.0,0.0,0.0,0.0,0.0,0.0,0.0,0,0.0,24.442800000000002,0.0,24.442800000000002
2018-01-05 20:55:00,0.0,0.0,0.0,0.0,0.0,0.0,0.0,0.0,0.0,0,0.0,24.421,0.0,24.421
2018-01-05 20:56:00,0.0,0.0,0.0,0.0,0.0,0.0,0.0,0.0,0.0,0,0.0,24.3992,0.0,24.3992
2018-01-05 20:57:00,0.0,0.0,0.0,0.0,0.0,0.0,0.0,0.0,0.0,0,0.0,24.3774,0.0,24.3774
2018-01-05 20:58:00,0.0,0.0,0.0,0.0,0.0,0.0,0.0,0.0,0.0,0,0.0,24.355600000000003,0.0,24.355600000000003
2018-01-05 20:59:00,0.0,0.0,0.0,0.0,0.0,0.0,0.0,0.0,0.0,0,0.0,24.3338,0.0,24.3338
2018-01-05 21:00:00,0.0,0.0,0.0,0.0,0.0,0.0,0.0,0.0,0.0,0,0.0,24.312,0.0,24.312
2018-01-05 21:01:00,0.0,0.0,0.0,0.0,0.0,0.0,0.0,0.0,0.0,0,0.0,24.1387,0.0,24.1387
2018-01-05 21:02:00,0.0,0.0,0.0,0.0,0.0,0.0,0.0,0.0,0.0,0,0.0,23.965400000000002,0.0,23.965400000000002
2018-01-05 21:03:00,0.0,0.0,0.0,0.0,0.0,0.0,0.0,0.0,0.0,0,0.0,23.7921,0.0,23.7921
2018-01-05 21:04:00,0.0,0.0,0.0,0.0,0.0,0.0,0.0,0.0,0.0,0,0.0,23.6188,0.0,23.6188
2018-01-05 21:05:00,0.0,0.0,0.0,0.0,0.0,0.0,0.0,0.0,0.0,0,0.0,23.445500000000003,0.0,23.445500000000003
2018-01-05 21:06:00,0.0,0.0,0.0,0.0,0.0,0.0,0.0,0.0,0.0,0,0.0,23.2722,0.0,23.2722
2018-01-05 21:07:00,0.0,0.0,0.0,0.0,0.0,0.0,0.0,0.0,0.0,0,0.0,23.0989,0.0,23.0989
2018-01-05 21:08:00,0.0,0.0,0.0,0.0,0.0,0.0,0.0,0.0,0.0,0,0.0,22.9256,0.0,22.9256
2018-01-05 21:09:00,0.0,0.0,0.0,0.0,0.0,0.0,0.0,0.0,0.0,0,0.0,22.7523,0.0,22.7523
2018-01-05 21:10:00,0.0,0.0,0.0,0.0,0.0,0.0,0.0,0.0,0.0,0,0.0,22.579,0.0,22.579
2018-01-05 21:11:00,0.0,0.0,0.0,0.0,0.0,0.0,0.0,0.0,0.0,0,0.0,22.4494,0.0,22.4494
2018-01-05 21:12:00,0.0,0.0,0.0,0.0,0.0,0.0,0.0,0.0,0.0,0,0.0,22.3198,0.0,22.3198
2018-01-05 21:13:00,0.0,0.0,0.0,0.0,0.0,0.0,0.0,0.0,0.0,0,0.0,22.1902,0.0,22.1902
2018-01-05 21:14:00,0.0,0.0,0.0,0.0,0.0,0.0,0.0,0.0,0.0,0,0.0,22.0606,0.0,22.0606
2018-01-05 21:15:00,0.0,0.0,0.0,0.0,0.0,0.0,0.0,0.0,0.0,0,0.0,21.931,0.0,21.931
2018-01-05 21:16:00,0.0,0.0,0.0,0.0,0.0,0.0,0.0,0.0,0.0,0,0.0,21.8014,0.0,21.8014
2018-01-05 21:17:00,0.0,0.0,0.0,0.0,0.0,0.0,0.0,0.0,0.0,0,0.0,21.6718,0.0,21.6718
2018-01-05 21:18:00,0.0,0.0,0.0,0.0,0.0,0.0,0.0,0.0,0.0,0,0.0,21.5422,0.0,21.5422
2018-01-05 21:19:00,0.0,0.0,0.0,0.0,0.0,0.0,0.0,0.0,0.0,0,0.0,21.4126,0.0,21.4126
2018-01-05 21:20:00,0.0,0.0,0.0,0.0,0.0,0.0,0.0,0.0,0.0,0,0.0,21.283,0.0,21.283
2018-01-05 21:21:00,0.0,0.0,0.0,0.0,0.0,0.0,0.0,0.0,0.0,0,0.0,21.303600000000003,0.0,21.303600000000003
2018-01-05 21:22:00,0.0,0.0,0.0,0.0,0.0,0.0,0.0,0.0,0.0,0,0.0,21.3242,0.0,21.3242
2018-01-05 21:23:00,0.0,0.0,0.0,0.0,0.0,0.0,0.0,0.0,0.0,0,0.0,21.3448,0.0,21.3448
2018-01-05 21:24:00,0.0,0.0,0.0,0.0,0.0,0.0,0.0,0.0,0.0,0,0.0,21.3654,0.0,21.3654
2018-01-05 21:25:00,0.0,0.0,0.0,0.0,0.0,0.0,0.0,0.0,0.0,0,0.0,21.386000000000003,0.0,21.386000000000003
2018-01-05 21:26:00,0.0,0.0,0.0,0.0,0.0,0.0,0.0,0.0,0.0,0,0.0,21.4066,0.0,21.4066
2018-01-05 21:27:00,0.0,0.0,0.0,0.0,0.0,0.0,0.0,0.0,0.0,0,0.0,21.4272,0.0,21.4272
2018-01-05 21:28:00,0.0,0.0,0.0,0.0,0.0,0.0,0.0,0.0,0.0,0,0.0,21.4478,0.0,21.4478
2018-01-05 21:29:00,0.0,0.0,0.0,0.0,0.0,0.0,0.0,0.0,0.0,0,0.0,21.468400000000003,0.0,21.468400000000003
2018-01-05 21:30:00,0.0,0.0,0.0,0.0,0.0,0.0,0.0,0.0,0.0,0,0.0,21.489,0.0,21.489
2018-01-05 21:31:00,0.0,0.0,0.0,0.0,0.0,0.0,0.0,0.0,0.0,0,0.0,21.304100000000002,0.0,21.304100000000002
2018-01-05 21:32:00,0.0,0.0,0.0,0.0,0.0,0.0,0.0,0.0,0.0,0,0.0,21.1192,0.0,21.1192
2018-01-05 21:33:00,0.0,0.0,0.0,0.0,0.0,0.0,0.0,0.0,0.0,0,0.0,20.9343,0.0,20.9343
2018-01-05 21:34:00,0.0,0.0,0.0,0.0,0.0,0.0,0.0,0.0,0.0,0,0.0,20.7494,0.0,20.7494
2018-01-05 21:35:00,0.0,0.0,0.0,0.0,0.0,0.0,0.0,0.0,0.0,0,0.0,20.564500000000002,0.0,20.564500000000002
2018-01-05 21:36:00,0.0,0.0,0.0,0.0,0.0,0.0,0.0,0.0,0.0,0,0.0,20.3796,0.0,20.3796
2018-01-05 21:37:00,0.0,0.0,0.0,0.0,0.0,0.0,0.0,0.0,0.0,0,0.0,20.1947,0.0,20.1947
2018-01-05 21:38:00,0.0,0.0,0.0,0.0,0.0,0.0,0.0,0.0,0.0,0,0.0,20.009800000000002,0.0,20.009800000000002
2018-01-05 21:39:00,0.0,0.0,0.0,0.0,0.0,0.0,0.0,0.0,0.0,0,0.0,19.8249,0.0,19.8249
2018-01-05 21:40:00,0.0,0.0,0.0,0.0,0.0,0.0,0.0,0.0,0.0,0,0.0,19.64,0.0,19.64
2018-01-05 21:41:00,0.0,0.0,0.0,0.0,0.0,0.0,0.0,0.0,0.0,0,0.0,19.9861,0.0,19.9861
2018-01-05 21:42:00,0.0,0.0,0.0,0.0,0.0,0.0,0.0,0.0,0.0,0,0.0,20.3322,0.0,20.3322
2018-01-05 21:43:00,0.0,0.0,0.0,0.0,0.0,0.0,0.0,0.0,0.0,0,0.0,20.6783,0.0,20.6783
2018-01-05 21:44:00,0.0,0.0,0.0,0.0,0.0,0.0,0.0,0.0,0.0,0,0.0,21.0244,0.0,21.0244
2018-01-05 21:45:00,0.0,0.0,0.0,0.0,0.0,0.0,0.0,0.0,0.0,0,0.0,21.3705,0.0,21.3705
2018-01-05 21:46:00,0.0,0.0,0.0,0.0,0.0,0.0,0.0,0.0,0.0,0,0.0,21.7166,0.0,21.7166
2018-01-05 21:47:00,0.0,0.0,0.0,0.0,0.0,0.0,0.0,0.0,0.0,0,0.0,22.0627,0.0,22.0627
2018-01-05 21:48:00,0.0,0.0,0.0,0.0,0.0,0.0,0.0,0.0,0.0,0,0.0,22.4088,0.0,22.4088
2018-01-05 21:49:00,0.0,0.0,0.0,0.0,0.0,0.0,0.0,0.0,0.0,0,0.0,22.7549,0.0,22.7549
2018-01-05 21:50:00,0.0,0.0,0.0,0.0,0.0,0.0,0.0,0.0,0.0,0,0.0,23.101,0.0,23.101
2018-01-05 21:51:00,0.0,0.0,0.0,0.0,0.0,0.0,0.0,0.0,0.0,0,0.0,23.1675,0.0,23.1675
2018-01-05 21:52:00,0.0,0.0,0.0,0.0,0.0,0.0,0.0,0.0,0.0,0,0.0,23.233999999999998,0.0,23.233999999999998
2018-01-05 21:53:00,0.0,0.0,0.0,0.0,0.0,0.0,0.0,0.0,0.0,0,0.0,23.3005,0.0,23.3005
2018-01-05 21:54:00,0.0,0.0,0.0,0.0,0.0,0.0,0.0,0.0,0.0,0,0.0,23.366999999999997,0.0,23.366999999999997
2018-01-05 21:55:00,0.0,0.0,0.0,0.0,0.0,0.0,0.0,0.0,0.0,0,0.0,23.4335,0.0,23.4335
2018-01-05 21:56:00,0.0,0.0,0.0,0.0,0.0,0.0,0.0,0.0,0.0,0,0.0,23.5,0.0,23.5
2018-01-05 21:57:00,0.0,0.0,0.0,0.0,0.0,0.0,0.0,0.0,0.0,0,0.0,23.566499999999998,0.0,23.566499999999998
2018-01-05 21:58:00,0.0,0.0,0.0,0.0,0.0,0.0,0.0,0.0,0.0,0,0.0,23.633,0.0,23.633
2018-01-05 21:59:00,0.0,0.0,0.0,0.0,0.0,0.0,0.0,0.0,0.0,0,0.0,23.699499999999997,0.0,23.699499999999997
2018-01-05 22:00:00,0.0,0.0,0.0,0.0,0.0,0.0,0.0,0.0,0.0,0,0.0,23.766,0.0,23.766
2018-01-05 22:01:00,0.0,0.0,0.0,0.0,0.0,0.0,0.0,0.0,0.0,0,0.0,23.5353,0.0,23.5353
2018-01-05 22:02:00,0.0,0.0,0.0,0.0,0.0,0.0,0.0,0.0,0.0,0,0.0,23.304599999999997,0.0,23.304599999999997
2018-01-05 22:03:00,0.0,0.0,0.0,0.0,0.0,0.0,0.0,0.0,0.0,0,0.0,23.0739,0.0,23.0739
2018-01-05 22:04:00,0.0,0.0,0.0,0.0,0.0,0.0,0.0,0.0,0.0,0,0.0,22.8432,0.0,22.8432
2018-01-05 22:05:00,0.0,0.0,0.0,0.0,0.0,0.0,0.0,0.0,0.0,0,0.0,22.612499999999997,0.0,22.612499999999997
2018-01-05 22:06:00,0.0,0.0,0.0,0.0,0.0,0.0,0.0,0.0,0.0,0,0.0,22.3818,0.0,22.3818
2018-01-05 22:07:00,0.0,0.0,0.0,0.0,0.0,0.0,0.0,0.0,0.0,0,0.0,22.1511,0.0,22.1511
2018-01-05 22:08:00,0.0,0.0,0.0,0.0,0.0,0.0,0.0,0.0,0.0,0,0.0,21.9204,0.0,21.9204
2018-01-05 22:09:00,0.0,0.0,0.0,0.0,0.0,0.0,0.0,0.0,0.0,0,0.0,21.6897,0.0,21.6897
2018-01-05 22:10:00,0.0,0.0,0.0,0.0,0.0,0.0,0.0,0.0,0.0,0,0.0,21.459,0.0,21.459
2018-01-05 22:11:00,0.0,0.0,0.0,0.0,0.0,0.0,0.0,0.0,0.0,0,0.0,21.4618,0.0,21.4618
2018-01-05 22:12:00,0.0,0.0,0.0,0.0,0.0,0.0,0.0,0.0,0.0,0,0.0,21.4646,0.0,21.4646
2018-01-05 22:13:00,0.0,0.0,0.0,0.0,0.0,0.0,0.0,0.0,0.0,0,0.0,21.467399999999998,0.0,21.467399999999998
2018-01-05 22:14:00,0.0,0.0,0.0,0.0,0.0,0.0,0.0,0.0,0.0,0,0.0,21.4702,0.0,21.4702
2018-01-05 22:15:00,0.0,0.0,0.0,0.0,0.0,0.0,0.0,0.0,0.0,0,0.0,21.473,0.0,21.473
2018-01-05 22:16:00,0.0,0.0,0.0,0.0,0.0,0.0,0.0,0.0,0.0,0,0.0,21.4758,0.0,21.4758
2018-01-05 22:17:00,0.0,0.0,0.0,0.0,0.0,0.0,0.0,0.0,0.0,0,0.0,21.4786,0.0,21.4786
2018-01-05 22:18:00,0.0,0.0,0.0,0.0,0.0,0.0,0.0,0.0,0.0,0,0.0,21.481399999999997,0.0,21.481399999999997
2018-01-05 22:19:00,0.0,0.0,0.0,0.0,0.0,0.0,0.0,0.0,0.0,0,0.0,21.484199999999998,0.0,21.484199999999998
2018-01-05 22:20:00,0.0,0.0,0.0,0.0,0.0,0.0,0.0,0.0,0.0,0,0.0,21.487,0.0,21.487
2018-01-05 22:21:00,0.0,0.0,0.0,0.0,0.0,0.0,0.0,0.0,0.0,0,0.0,21.7733,0.0,21.7733
2018-01-05 22:22:00,0.0,0.0,0.0,0.0,0.0,0.0,0.0,0.0,0.0,0,0.0,22.0596,0.0,22.0596
2018-01-05 22:23:00,0.0,0.0,0.0,0.0,0.0,0.0,0.0,0.0,0.0,0,0.0,22.3459,0.0,22.3459
2018-01-05 22:24:00,0.0,0.0,0.0,0.0,0.0,0.0,0.0,0.0,0.0,0,0.0,22.6322,0.0,22.6322
2018-01-05 22:25:00,0.0,0.0,0.0,0.0,0.0,0.0,0.0,0.0,0.0,0,0.0,22.9185,0.0,22.9185
2018-01-05 22:26:00,0.0,0.0,0.0,0.0,0.0,0.0,0.0,0.0,0.0,0,0.0,23.2048,0.0,23.2048
2018-01-05 22:27:00,0.0,0.0,0.0,0.0,0.0,0.0,0.0,0.0,0.0,0,0.0,23.4911,0.0,23.4911
2018-01-05 22:28:00,0.0,0.0,0.0,0.0,0.0,0.0,0.0,0.0,0.0,0,0.0,23.7774,0.0,23.7774
2018-01-05 22:29:00,0.0,0.0,0.0,0.0,0.0,0.0,0.0,0.0,0.0,0,0.0,24.0637,0.0,24.0637
2018-01-05 22:30:00,0.0,0.0,0.0,0.0,0.0,0.0,0.0,0.0,0.0,0,0.0,24.35,0.0,24.35
2018-01-05 22:31:00,0.0,0.0,0.0,0.0,0.0,0.0,0.0,0.0,0.0,0,0.0,24.2757,0.0,24.2757
2018-01-05 22:32:00,0.0,0.0,0.0,0.0,0.0,0.0,0.0,0.0,0.0,0,0.0,24.2014,0.0,24.2014
2018-01-05 22:33:00,0.0,0.0,0.0,0.0,0.0,0.0,0.0,0.0,0.0,0,0.0,24.127100000000002,0.0,24.127100000000002
2018-01-05 22:34:00,0.0,0.0,0.0,0.0,0.0,0.0,0.0,0.0,0.0,0,0.0,24.0528,0.0,24.0528
2018-01-05 22:35:00,0.0,0.0,0.0,0.0,0.0,0.0,0.0,0.0,0.0,0,0.0,23.9785,0.0,23.9785
2018-01-05 22:36:00,0.0,0.0,0.0,0.0,0.0,0.0,0.0,0.0,0.0,0,0.0,23.9042,0.0,23.9042
2018-01-05 22:37:00,0.0,0.0,0.0,0.0,0.0,0.0,0.0,0.0,0.0,0,0.0,23.8299,0.0,23.8299
2018-01-05 22:38:00,0.0,0.0,0.0,0.0,0.0,0.0,0.0,0.0,0.0,0,0.0,23.7556,0.0,23.7556
2018-01-05 22:39:00,0.0,0.0,0.0,0.0,0.0,0.0,0.0,0.0,0.0,0,0.0,23.6813,0.0,23.6813
2018-01-05 22:40:00,0.0,0.0,0.0,0.0,0.0,0.0,0.0,0.0,0.0,0,0.0,23.607,0.0,23.607
2018-01-05 22:41:00,0.0,0.0,0.0,0.0,0.0,0.0,0.0,0.0,0.0,0,0.0,23.3596,0.0,23.3596
2018-01-05 22:42:00,0.0,0.0,0.0,0.0,0.0,0.0,0.0,0.0,0.0,0,0.0,23.112199999999998,0.0,23.112199999999998
2018-01-05 22:43:00,0.0,0.0,0.0,0.0,0.0,0.0,0.0,0.0,0.0,0,0.0,22.8648,0.0,22.8648
2018-01-05 22:44:00,0.0,0.0,0.0,0.0,0.0,0.0,0.0,0.0,0.0,0,0.0,22.6174,0.0,22.6174
2018-01-05 22:45:00,0.0,0.0,0.0,0.0,0.0,0.0,0.0,0.0,0.0,0,0.0,22.369999999999997,0.0,22.369999999999997
2018-01-05 22:46:00,0.0,0.0,0.0,0.0,0.0,0.0,0.0,0.0,0.0,0,0.0,22.1226,0.0,22.1226
2018-01-05 22:47:00,0.0,0.0,0.0,0.0,0.0,0.0,0.0,0.0,0.0,0,0.0,21.8752,0.0,21.8752
2018-01-05 22:48:00,0.0,0.0,0.0,0.0,0.0,0.0,0.0,0.0,0.0,0,0.0,21.6278,0.0,21.6278
2018-01-05 22:49:00,0.0,0.0,0.0,0.0,0.0,0.0,0.0,0.0,0.0,0,0.0,21.380399999999998,0.0,21.380399999999998
2018-01-05 22:50:00,0.0,0.0,0.0,0.0,0.0,0.0,0.0,0.0,0.0,0,0.0,21.133,0.0,21.133
2018-01-05 22:51:00,0.0,0.0,0.0,0.0,0.0,0.0,0.0,0.0,0.0,0,0.0,21.1994,0.0,21.1994
2018-01-05 22:52:00,0.0,0.0,0.0,0.0,0.0,0.0,0.0,0.0,0.0,0,0.0,21.2658,0.0,21.2658
2018-01-05 22:53:00,0.0,0.0,0.0,0.0,0.0,0.0,0.0,0.0,0.0,0,0.0,21.3322,0.0,21.3322
2018-01-05 22:54:00,0.0,0.0,0.0,0.0,0.0,0.0,0.0,0.0,0.0,0,0.0,21.3986,0.0,21.3986
2018-01-05 22:55:00,0.0,0.0,0.0,0.0,0.0,0.0,0.0,0.0,0.0,0,0.0,21.465,0.0,21.465
2018-01-05 22:56:00,0.0,0.0,0.0,0.0,0.0,0.0,0.0,0.0,0.0,0,0.0,21.5314,0.0,21.5314
2018-01-05 22:57:00,0.0,0.0,0.0,0.0,0.0,0.0,0.0,0.0,0.0,0,0.0,21.5978,0.0,21.5978
2018-01-05 22:58:00,0.0,0.0,0.0,0.0,0.0,0.0,0.0,0.0,0.0,0,0.0,21.6642,0.0,21.6642
2018-01-05 22:59:00,0.0,0.0,0.0,0.0,0.0,0.0,0.0,0.0,0.0,0,0.0,21.7306,0.0,21.7306
2018-01-05 23:00:00,0.0,0.0,0.0,0.0,0.0,0.0,0.0,0.0,0.0,0,0.0,21.797,0.0,21.797
2018-01-05 23:01:00,0.0,0.0,0.0,0.0,0.0,0.0,0.0,0.0,0.0,0,0.0,21.6611,0.0,21.6611
2018-01-05 23:02:00,0.0,0.0,0.0,0.0,0.0,0.0,0.0,0.0,0.0,0,0.0,21.5252,0.0,21.5252
2018-01-05 23:03:00,0.0,0.0,0.0,0.0,0.0,0.0,0.0,0.0,0.0,0,0.0,21.3893,0.0,21.3893
2018-01-05 23:04:00,0.0,0.0,0.0,0.0,0.0,0.0,0.0,0.0,0.0,0,0.0,21.2534,0.0,21.2534
2018-01-05 23:05:00,0.0,0.0,0.0,0.0,0.0,0.0,0.0,0.0,0.0,0,0.0,21.1175,0.0,21.1175
2018-01-05 23:06:00,0.0,0.0,0.0,0.0,0.0,0.0,0.0,0.0,0.0,0,0.0,20.9816,0.0,20.9816
2018-01-05 23:07:00,0.0,0.0,0.0,0.0,0.0,0.0,0.0,0.0,0.0,0,0.0,20.8457,0.0,20.8457
2018-01-05 23:08:00,0.0,0.0,0.0,0.0,0.0,0.0,0.0,0.0,0.0,0,0.0,20.709799999999998,0.0,20.709799999999998
2018-01-05 23:09:00,0.0,0.0,0.0,0.0,0.0,0.0,0.0,0.0,0.0,0,0.0,20.5739,0.0,20.5739
2018-01-05 23:10:00,0.0,0.0,0.0,0.0,0.0,0.0,0.0,0.0,0.0,0,0.0,20.438,0.0,20.438
2018-01-05 23:11:00,0.0,0.0,0.0,0.0,0.0,0.0,0.0,0.0,0.0,0,0.0,20.4428,0.0,20.4428
2018-01-05 23:12:00,0.0,0.0,0.0,0.0,0.0,0.0,0.0,0.0,0.0,0,0.0,20.447599999999998,0.0,20.447599999999998
2018-01-05 23:13:00,0.0,0.0,0.0,0.0,0.0,0.0,0.0,0.0,0.0,0,0.0,20.4524,0.0,20.4524
2018-01-05 23:14:00,0.0,0.0,0.0,0.0,0.0,0.0,0.0,0.0,0.0,0,0.0,20.4572,0.0,20.4572
2018-01-05 23:15:00,0.0,0.0,0.0,0.0,0.0,0.0,0.0,0.0,0.0,0,0.0,20.462,0.0,20.462
2018-01-05 23:16:00,0.0,0.0,0.0,0.0,0.0,0.0,0.0,0.0,0.0,0,0.0,20.4668,0.0,20.4668
2018-01-05 23:17:00,0.0,0.0,0.0,0.0,0.0,0.0,0.0,0.0,0.0,0,0.0,20.4716,0.0,20.4716
2018-01-05 23:18:00,0.0,0.0,0.0,0.0,0.0,0.0,0.0,0.0,0.0,0,0.0,20.4764,0.0,20.4764
2018-01-05 23:19:00,0.0,0.0,0.0,0.0,0.0,0.0,0.0,0.0,0.0,0,0.0,20.4812,0.0,20.4812
2018-01-05 23:20:00,0.0,0.0,0.0,0.0,0.0,0.0,0.0,0.0,0.0,0,0.0,20.486,0.0,20.486
2018-01-05 23:21:00,0.0,0.0,0.0,0.0,0.0,0.0,0.0,0.0,0.0,0,0.0,20.4281,0.0,20.4281
2018-01-05 23:22:00,0.0,0.0,0.0,0.0,0.0,0.0,0.0,0.0,0.0,0,0.0,20.3702,0.0,20.3702
2018-01-05 23:23:00,0.0,0.0,0.0,0.0,0.0,0.0,0.0,0.0,0.0,0,0.0,20.3123,0.0,20.3123
2018-01-05 23:24:00,0.0,0.0,0.0,0.0,0.0,0.0,0.0,0.0,0.0,0,0.0,20.2544,0.0,20.2544
2018-01-05 23:25:00,0.0,0.0,0.0,0.0,0.0,0.0,0.0,0.0,0.0,0,0.0,20.1965,0.0,20.1965
2018-01-05 23:26:00,0.0,0.0,0.0,0.0,0.0,0.0,0.0,0.0,0.0,0,0.0,20.1386,0.0,20.1386
2018-01-05 23:27:00,0.0,0.0,0.0,0.0,0.0,0.0,0.0,0.0,0.0,0,0.0,20.0807,0.0,20.0807
2018-01-05 23:28:00,0.0,0.0,0.0,0.0,0.0,0.0,0.0,0.0,0.0,0,0.0,20.0228,0.0,20.0228
2018-01-05 23:29:00,0.0,0.0,0.0,0.0,0.0,0.0,0.0,0.0,0.0,0,0.0,19.9649,0.0,19.9649
2018-01-05 23:30:00,0.0,0.0,0.0,0.0,0.0,0.0,0.0,0.0,0.0,0,0.0,19.907,0.0,19.907
2018-01-05 23:31:00,0.0,0.0,0.0,0.0,0.0,0.0,0.0,0.0,0.0,0,0.0,19.8318,0.0,19.8318
2018-01-05 23:32:00,0.0,0.0,0.0,0.0,0.0,0.0,0.0,0.0,0.0,0,0.0,19.7566,0.0,19.7566
2018-01-05 23:33:00,0.0,0.0,0.0,0.0,0.0,0.0,0.0,0.0,0.0,0,0.0,19.6814,0.0,19.6814
2018-01-05 23:34:00,0.0,0.0,0.0,0.0,0.0,0.0,0.0,0.0,0.0,0,0.0,19.6062,0.0,19.6062
2018-01-05 23:35:00,0.0,0.0,0.0,0.0,0.0,0.0,0.0,0.0,0.0,0,0.0,19.531,0.0,19.531
2018-01-05 23:36:00,0.0,0.0,0.0,0.0,0.0,0.0,0.0,0.0,0.0,0,0.0,19.4558,0.0,19.4558
2018-01-05 23:37:00,0.0,0.0,0.0,0.0,0.0,0.0,0.0,0.0,0.0,0,0.0,19.3806,0.0,19.3806
2018-01-05 23:38:00,0.0,0.0,0.0,0.0,0.0,0.0,0.0,0.0,0.0,0,0.0,19.305400000000002,0.0,19.305400000000002
2018-01-05 23:39:00,0.0,0.0,0.0,0.0,0.0,0.0,0.0,0.0,0.0,0,0.0,19.2302,0.0,19.2302
2018-01-05 23:40:00,0.0,0.0,0.0,0.0,0.0,0.0,0.0,0.0,0.0,0,0.0,19.155,0.0,19.155
2018-01-05 23:41:00,0.0,0.0,0.0,0.0,0.0,0.0,0.0,0.0,0.0,0,0.0,19.265500000000003,0.0,19.265500000000003
2018-01-05 23:42:00,0.0,0.0,0.0,0.0,0.0,0.0,0.0,0.0,0.0,0,0.0,19.376,0.0,19.376
2018-01-05 23:43:00,0.0,0.0,0.0,0.0,0.0,0.0,0.0,0.0,0.0,0,0.0,19.4865,0.0,19.4865
2018-01-05 23:44:00,0.0,0.0,0.0,0.0,0.0,0.0,0.0,0.0,0.0,0,0.0,19.597,0.0,19.597
2018-01-05 23:45:00,0.0,0.0,0.0,0.0,0.0,0.0,0.0,0.0,0.0,0,0.0,19.707500000000003,0.0,19.707500000000003
2018-01-05 23:46:00,0.0,0.0,0.0,0.0,0.0,0.0,0.0,0.0,0.0,0,0.0,19.818,0.0,19.818
2018-01-05 23:47:00,0.0,0.0,0.0,0.0,0.0,0.0,0.0,0.0,0.0,0,0.0,19.9285,0.0,19.9285
2018-01-05 23:48:00,0.0,0.0,0.0,0.0,0.0,0.0,0.0,0.0,0.0,0,0.0,20.039,0.0,20.039
2018-01-05 23:49:00,0.0,0.0,0.0,0.0,0.0,0.0,0.0,0.0,0.0,0,0.0,20.149500000000003,0.0,20.149500000000003
2018-01-05 23:50:00,0.0,0.0,0.0,0.0,0.0,0.0,0.0,0.0,0.0,0,0.0,20.26,0.0,20.26
2018-01-05 23:51:00,0.0,0.0,0.0,0.0,0.0,0.0,0.0,0.0,0.0,0,0.0,20.084000000000003,0.0,20.084000000000003
2018-01-05 23:52:00,0.0,0.0,0.0,0.0,0.0,0.0,0.0,0.0,0.0,0,0.0,19.908,0.0,19.908
2018-01-05 23:53:00,0.0,0.0,0.0,0.0,0.0,0.0,0.0,0.0,0.0,0,0.0,19.732,0.0,19.732
2018-01-05 23:54:00,0.0,0.0,0.0,0.0,0.0,0.0,0.0,0.0,0.0,0,0.0,19.556,0.0,19.556
2018-01-05 23:55:00,0.0,0.0,0.0,0.0,0.0,0.0,0.0,0.0,0.0,0,0.0,19.380000000000003,0.0,19.380000000000003
2018-01-05 23:56:00,0.0,0.0,0.0,0.0,0.0,0.0,0.0,0.0,0.0,0,0.0,19.204,0.0,19.204
2018-01-05 23:57:00,0.0,0.0,0.0,0.0,0.0,0.0,0.0,0.0,0.0,0,0.0,19.028,0.0,19.028
2018-01-05 23:58:00,0.0,0.0,0.0,0.0,0.0,0.0,0.0,0.0,0.0,0,0.0,18.852,0.0,18.852
2018-01-05 23:59:00,0.0,0.0,0.0,0.0,0.0,0.0,0.0,0.0,0.0,0,0.0,18.676000000000002,0.0,18.676000000000002
2018-01-06 00:00:00,0.0,0.0,0.0,0.0,0.0,0.0,0.0,0.0,0.0,0,0.0,18.5,0.0,18.5
2018-01-06 00:01:00,0.0,0.0,0.0,0.0,0.0,0.0,0.0,0.0,0.0,0,0.0,18.418,0.0,18.418
2018-01-06 00:02:00,0.0,0.0,0.0,0.0,0.0,0.0,0.0,0.0,0.0,0,0.0,18.336,0.0,18.336
2018-01-06 00:03:00,0.0,0.0,0.0,0.0,0.0,0.0,0.0,0.0,0.0,0,0.0,18.254,0.0,18.254
2018-01-06 00:04:00,0.0,0.0,0.0,0.0,0.0,0.0,0.0,0.0,0.0,0,0.0,18.172,0.0,18.172
2018-01-06 00:05:00,0.0,0.0,0.0,0.0,0.0,0.0,0.0,0.0,0.0,0,0.0,18.09,0.0,18.09
2018-01-06 00:06:00,0.0,0.0,0.0,0.0,0.0,0.0,0.0,0.0,0.0,0,0.0,18.008,0.0,18.008
2018-01-06 00:07:00,0.0,0.0,0.0,0.0,0.0,0.0,0.0,0.0,0.0,0,0.0,17.926,0.0,17.926
2018-01-06 00:08:00,0.0,0.0,0.0,0.0,0.0,0.0,0.0,0.0,0.0,0,0.0,17.844,0.0,17.844
2018-01-06 00:09:00,0.0,0.0,0.0,0.0,0.0,0.0,0.0,0.0,0.0,0,0.0,17.762,0.0,17.762
2018-01-06 00:10:00,0.0,0.0,0.0,0.0,0.0,0.0,0.0,0.0,0.0,0,0.0,17.68,0.0,17.68
2018-01-06 00:11:00,0.0,0.0,0.0,0.0,0.0,0.0,0.0,0.0,0.0,0,0.0,17.6833,0.0,17.6833
2018-01-06 00:12:00,0.0,0.0,0.0,0.0,0.0,0.0,0.0,0.0,0.0,0,0.0,17.6866,0.0,17.6866
2018-01-06 00:13:00,0.0,0.0,0.0,0.0,0.0,0.0,0.0,0.0,0.0,0,0.0,17.6899,0.0,17.6899
2018-01-06 00:14:00,0.0,0.0,0.0,0.0,0.0,0.0,0.0,0.0,0.0,0,0.0,17.6932,0.0,17.6932
2018-01-06 00:15:00,0.0,0.0,0.0,0.0,0.0,0.0,0.0,0.0,0.0,0,0.0,17.6965,0.0,17.6965
2018-01-06 00:16:00,0.0,0.0,0.0,0.0,0.0,0.0,0.0,0.0,0.0,0,0.0,17.6998,0.0,17.6998
2018-01-06 00:17:00,0.0,0.0,0.0,0.0,0.0,0.0,0.0,0.0,0.0,0,0.0,17.7031,0.0,17.7031
2018-01-06 00:18:00,0.0,0.0,0.0,0.0,0.0,0.0,0.0,0.0,0.0,0,0.0,17.706400000000002,0.0,17.706400000000002
2018-01-06 00:19:00,0.0,0.0,0.0,0.0,0.0,0.0,0.0,0.0,0.0,0,0.0,17.7097,0.0,17.7097
2018-01-06 00:20:00,0.0,0.0,0.0,0.0,0.0,0.0,0.0,0.0,0.0,0,0.0,17.713,0.0,17.713
2018-01-06 00:21:00,0.0,0.0,0.0,0.0,0.0,0.0,0.0,0.0,0.0,0,0.0,17.7352,0.0,17.7352
2018-01-06 00:22:00,0.0,0.0,0.0,0.0,0.0,0.0,0.0,0.0,0.0,0,0.0,17.7574,0.0,17.7574
2018-01-06 00:23:00,0.0,0.0,0.0,0.0,0.0,0.0,0.0,0.0,0.0,0,0.0,17.779600000000002,0.0,17.779600000000002
2018-01-06 00:24:00,0.0,0.0,0.0,0.0,0.0,0.0,0.0,0.0,0.0,0,0.0,17.8018,0.0,17.8018
2018-01-06 00:25:00,0.0,0.0,0.0,0.0,0.0,0.0,0.0,0.0,0.0,0,0.0,17.823999999999998,0.0,17.823999999999998
2018-01-06 00:26:00,0.0,0.0,0.0,0.0,0.0,0.0,0.0,0.0,0.0,0,0.0,17.8462,0.0,17.8462
2018-01-06 00:27:00,0.0,0.0,0.0,0.0,0.0,0.0,0.0,0.0,0.0,0,0.0,17.8684,0.0,17.8684
2018-01-06 00:28:00,0.0,0.0,0.0,0.0,0.0,0.0,0.0,0.0,0.0,0,0.0,17.8906,0.0,17.8906
2018-01-06 00:29:00,0.0,0.0,0.0,0.0,0.0,0.0,0.0,0.0,0.0,0,0.0,17.912799999999997,0.0,17.912799999999997
2018-01-06 00:30:00,0.0,0.0,0.0,0.0,0.0,0.0,0.0,0.0,0.0,0,0.0,17.935,0.0,17.935
2018-01-06 00:31:00,0.0,0.0,0.0,0.0,0.0,0.0,0.0,0.0,0.0,0,0.0,17.9164,0.0,17.9164
2018-01-06 00:32:00,0.0,0.0,0.0,0.0,0.0,0.0,0.0,0.0,0.0,0,0.0,17.8978,0.0,17.8978
2018-01-06 00:33:00,0.0,0.0,0.0,0.0,0.0,0.0,0.0,0.0,0.0,0,0.0,17.879199999999997,0.0,17.879199999999997
2018-01-06 00:34:00,0.0,0.0,0.0,0.0,0.0,0.0,0.0,0.0,0.0,0,0.0,17.860599999999998,0.0,17.860599999999998
2018-01-06 00:35:00,0.0,0.0,0.0,0.0,0.0,0.0,0.0,0.0,0.0,0,0.0,17.842,0.0,17.842
2018-01-06 00:36:00,0.0,0.0,0.0,0.0,0.0,0.0,0.0,0.0,0.0,0,0.0,17.8234,0.0,17.8234
2018-01-06 00:37:00,0.0,0.0,0.0,0.0,0.0,0.0,0.0,0.0,0.0,0,0.0,17.8048,0.0,17.8048
2018-01-06 00:38:00,0.0,0.0,0.0,0.0,0.0,0.0,0.0,0.0,0.0,0,0.0,17.786199999999997,0.0,17.786199999999997
2018-01-06 00:39:00,0.0,0.0,0.0,0.0,0.0,0.0,0.0,0.0,0.0,0,0.0,17.767599999999998,0.0,17.767599999999998
2018-01-06 00:40:00,0.0,0.0,0.0,0.0,0.0,0.0,0.0,0.0,0.0,0,0.0,17.749,0.0,17.749
2018-01-06 00:41:00,0.0,0.0,0.0,0.0,0.0,0.0,0.0,0.0,0.0,0,0.0,17.759999999999998,0.0,17.759999999999998
2018-01-06 00:42:00,0.0,0.0,0.0,0.0,0.0,0.0,0.0,0.0,0.0,0,0.0,17.771,0.0,17.771
2018-01-06 00:43:00,0.0,0.0,0.0,0.0,0.0,0.0,0.0,0.0,0.0,0,0.0,17.782,0.0,17.782
2018-01-06 00:44:00,0.0,0.0,0.0,0.0,0.0,0.0,0.0,0.0,0.0,0,0.0,17.793,0.0,17.793
2018-01-06 00:45:00,0.0,0.0,0.0,0.0,0.0,0.0,0.0,0.0,0.0,0,0.0,17.804000000000002,0.0,17.804000000000002
2018-01-06 00:46:00,0.0,0.0,0.0,0.0,0.0,0.0,0.0,0.0,0.0,0,0.0,17.815,0.0,17.815
2018-01-06 00:47:00,0.0,0.0,0.0,0.0,0.0,0.0,0.0,0.0,0.0,0,0.0,17.826,0.0,17.826
2018-01-06 00:48:00,0.0,0.0,0.0,0.0,0.0,0.0,0.0,0.0,0.0,0,0.0,17.837,0.0,17.837
2018-01-06 00:49:00,0.0,0.0,0.0,0.0,0.0,0.0,0.0,0.0,0.0,0,0.0,17.848000000000003,0.0,17.848000000000003
2018-01-06 00:50:00,0.0,0.0,0.0,0.0,0.0,0.0,0.0,0.0,0.0,0,0.0,17.859,0.0,17.859
2018-01-06 00:51:00,0.0,0.0,0.0,0.0,0.0,0.0,0.0,0.0,0.0,0,0.0,18.004600000000003,0.0,18.004600000000003
2018-01-06 00:52:00,0.0,0.0,0.0,0.0,0.0,0.0,0.0,0.0,0.0,0,0.0,18.1502,0.0,18.1502
2018-01-06 00:53:00,0.0,0.0,0.0,0.0,0.0,0.0,0.0,0.0,0.0,0,0.0,18.2958,0.0,18.2958
2018-01-06 00:54:00,0.0,0.0,0.0,0.0,0.0,0.0,0.0,0.0,0.0,0,0.0,18.4414,0.0,18.4414
2018-01-06 00:55:00,0.0,0.0,0.0,0.0,0.0,0.0,0.0,0.0,0.0,0,0.0,18.587000000000003,0.0,18.587000000000003
2018-01-06 00:56:00,0.0,0.0,0.0,0.0,0.0,0.0,0.0,0.0,0.0,0,0.0,18.7326,0.0,18.7326
2018-01-06 00:57:00,0.0,0.0,0.0,0.0,0.0,0.0,0.0,0.0,0.0,0,0.0,18.8782,0.0,18.8782
2018-01-06 00:58:00,0.0,0.0,0.0,0.0,0.0,0.0,0.0,0.0,0.0,0,0.0,19.0238,0.0,19.0238
2018-01-06 00:59:00,0.0,0.0,0.0,0.0,0.0,0.0,0.0,0.0,0.0,0,0.0,19.169400000000003,0.0,19.169400000000003
2018-01-06 01:00:00,0.0,0.0,0.0,0.0,0.0,0.0,0.0,0.0,0.0,0,0.0,19.315,0.0,19.315
2018-01-06 01:01:00,0.0,0.0,0.0,0.0,0.0,0.0,0.0,0.0,0.0,0,0.0,19.343200000000003,0.0,19.343200000000003
2018-01-06 01:02:00,0.0,0.0,0.0,0.0,0.0,0.0,0.0,0.0,0.0,0,0.0,19.3714,0.0,19.3714
2018-01-06 01:03:00,0.0,0.0,0.0,0.0,0.0,0.0,0.0,0.0,0.0,0,0.0,19.3996,0.0,19.3996
2018-01-06 01:04:00,0.0,0.0,0.0,0.0,0.0,0.0,0.0,0.0,0.0,0,0.0,19.4278,0.0,19.4278
2018-01-06 01:05:00,0.0,0.0,0.0,0.0,0.0,0.0,0.0,0.0,0.0,0,0.0,19.456000000000003,0.0,19.456000000000003
2018-01-06 01:06:00,0.0,0.0,0.0,0.0,0.0,0.0,0.0,0.0,0.0,0,0.0,19.4842,0.0,19.4842
2018-01-06 01:07:00,0.0,0.0,0.0,0.0,0.0,0.0,0.0,0.0,0.0,0,0.0,19.5124,0.0,19.5124
2018-01-06 01:08:00,0.0,0.0,0.0,0.0,0.0,0.0,0.0,0.0,0.0,0,0.0,19.5406,0.0,19.5406
2018-01-06 01:09:00,0.0,0.0,0.0,0.0,0.0,0.0,0.0,0.0,0.0,0,0.0,19.568800000000003,0.0,19.568800000000003
2018-01-06 01:10:00,0.0,0.0,0.0,0.0,0.0,0.0,0.0,0.0,0.0,0,0.0,19.597,0.0,19.597
2018-01-06 01:11:00,0.0,0.0,0.0,0.0,0.0,0.0,0.0,0.0,0.0,0,0.0,19.5593,0.0,19.5593
2018-01-06 01:12:00,0.0,0.0,0.0,0.0,0.0,0.0,0.0,0.0,0.0,0,0.0,19.5216,0.0,19.5216
2018-01-06 01:13:00,0.0,0.0,0.0,0.0,0.0,0.0,0.0,0.0,0.0,0,0.0,19.483900000000002,0.0,19.483900000000002
2018-01-06 01:14:00,0.0,0.0,0.0,0.0,0.0,0.0,0.0,0.0,0.0,0,0.0,19.4462,0.0,19.4462
2018-01-06 01:15:00,0.0,0.0,0.0,0.0,0.0,0.0,0.0,0.0,0.0,0,0.0,19.4085,0.0,19.4085
2018-01-06 01:16:00,0.0,0.0,0.0,0.0,0.0,0.0,0.0,0.0,0.0,0,0.0,19.3708,0.0,19.3708
2018-01-06 01:17:00,0.0,0.0,0.0,0.0,0.0,0.0,0.0,0.0,0.0,0,0.0,19.333099999999998,0.0,19.333099999999998
2018-01-06 01:18:00,0.0,0.0,0.0,0.0,0.0,0.0,0.0,0.0,0.0,0,0.0,19.2954,0.0,19.2954
2018-01-06 01:19:00,0.0,0.0,0.0,0.0,0.0,0.0,0.0,0.0,0.0,0,0.0,19.2577,0.0,19.2577
2018-01-06 01:20:00,0.0,0.0,0.0,0.0,0.0,0.0,0.0,0.0,0.0,0,0.0,19.22,0.0,19.22
2018-01-06 01:21:00,0.0,0.0,0.0,0.0,0.0,0.0,0.0,0.0,0.0,0,0.0,19.109499999999997,0.0,19.109499999999997
2018-01-06 01:22:00,0.0,0.0,0.0,0.0,0.0,0.0,0.0,0.0,0.0,0,0.0,18.999,0.0,18.999
2018-01-06 01:23:00,0.0,0.0,0.0,0.0,0.0,0.0,0.0,0.0,0.0,0,0.0,18.8885,0.0,18.8885
2018-01-06 01:24:00,0.0,0.0,0.0,0.0,0.0,0.0,0.0,0.0,0.0,0,0.0,18.778,0.0,18.778
2018-01-06 01:25:00,0.0,0.0,0.0,0.0,0.0,0.0,0.0,0.0,0.0,0,0.0,18.667499999999997,0.0,18.667499999999997
2018-01-06 01:26:00,0.0,0.0,0.0,0.0,0.0,0.0,0.0,0.0,0.0,0,0.0,18.557,0.0,18.557
2018-01-06 01:27:00,0.0,0.0,0.0,0.0,0.0,0.0,0.0,0.0,0.0,0,0.0,18.4465,0.0,18.4465
2018-01-06 01:28:00,0.0,0.0,0.0,0.0,0.0,0.0,0.0,0.0,0.0,0,0.0,18.336,0.0,18.336
2018-01-06 01:29:00,0.0,0.0,0.0,0.0,0.0,0.0,0.0,0.0,0.0,0,0.0,18.225499999999997,0.0,18.225499999999997
2018-01-06 01:30:00,0.0,0.0,0.0,0.0,0.0,0.0,0.0,0.0,0.0,0,0.0,18.115,0.0,18.115
2018-01-06 01:31:00,0.0,0.0,0.0,0.0,0.0,0.0,0.0,0.0,0.0,0,0.0,17.9807,0.0,17.9807
2018-01-06 01:32:00,0.0,0.0,0.0,0.0,0.0,0.0,0.0,0.0,0.0,0,0.0,17.8464,0.0,17.8464
2018-01-06 01:33:00,0.0,0.0,0.0,0.0,0.0,0.0,0.0,0.0,0.0,0,0.0,17.7121,0.0,17.7121
2018-01-06 01:34:00,0.0,0.0,0.0,0.0,0.0,0.0,0.0,0.0,0.0,0,0.0,17.5778,0.0,17.5778
2018-01-06 01:35:00,0.0,0.0,0.0,0.0,0.0,0.0,0.0,0.0,0.0,0,0.0,17.4435,0.0,17.4435
2018-01-06 01:36:00,0.0,0.0,0.0,0.0,0.0,0.0,0.0,0.0,0.0,0,0.0,17.309199999999997,0.0,17.309199999999997
2018-01-06 01:37:00,0.0,0.0,0.0,0.0,0.0,0.0,0.0,0.0,0.0,0,0.0,17.174899999999997,0.0,17.174899999999997
2018-01-06 01:38:00,0.0,0.0,0.0,0.0,0.0,0.0,0.0,0.0,0.0,0,0.0,17.040599999999998,0.0,17.040599999999998
2018-01-06 01:39:00,0.0,0.0,0.0,0.0,0.0,0.0,0.0,0.0,0.0,0,0.0,16.906299999999998,0.0,16.906299999999998
2018-01-06 01:40:00,0.0,0.0,0.0,0.0,0.0,0.0,0.0,0.0,0.0,0,0.0,16.772,0.0,16.772
2018-01-06 01:41:00,0.0,0.0,0.0,0.0,0.0,0.0,0.0,0.0,0.0,0,0.0,16.840799999999998,0.0,16.840799999999998
2018-01-06 01:42:00,0.0,0.0,0.0,0.0,0.0,0.0,0.0,0.0,0.0,0,0.0,16.909599999999998,0.0,16.909599999999998
2018-01-06 01:43:00,0.0,0.0,0.0,0.0,0.0,0.0,0.0,0.0,0.0,0,0.0,16.9784,0.0,16.9784
2018-01-06 01:44:00,0.0,0.0,0.0,0.0,0.0,0.0,0.0,0.0,0.0,0,0.0,17.0472,0.0,17.0472
2018-01-06 01:45:00,0.0,0.0,0.0,0.0,0.0,0.0,0.0,0.0,0.0,0,0.0,17.116,0.0,17.116
2018-01-06 01:46:00,0.0,0.0,0.0,0.0,0.0,0.0,0.0,0.0,0.0,0,0.0,17.1848,0.0,17.1848
2018-01-06 01:47:00,0.0,0.0,0.0,0.0,0.0,0.0,0.0,0.0,0.0,0,0.0,17.2536,0.0,17.2536
2018-01-06 01:48:00,0.0,0.0,0.0,0.0,0.0,0.0,0.0,0.0,0.0,0,0.0,17.322400000000002,0.0,17.322400000000002
2018-01-06 01:49:00,0.0,0.0,0.0,0.0,0.0,0.0,0.0,0.0,0.0,0,0.0,17.3912,0.0,17.3912
2018-01-06 01:50:00,0.0,0.0,0.0,0.0,0.0,0.0,0.0,0.0,0.0,0,0.0,17.46,0.0,17.46
2018-01-06 01:51:00,0.0,0.0,0.0,0.0,0.0,0.0,0.0,0.0,0.0,0,0.0,17.5466,0.0,17.5466
2018-01-06 01:52:00,0.0,0.0,0.0,0.0,0.0,0.0,0.0,0.0,0.0,0,0.0,17.633200000000002,0.0,17.633200000000002
2018-01-06 01:53:00,0.0,0.0,0.0,0.0,0.0,0.0,0.0,0.0,0.0,0,0.0,17.7198,0.0,17.7198
2018-01-06 01:54:00,0.0,0.0,0.0,0.0,0.0,0.0,0.0,0.0,0.0,0,0.0,17.8064,0.0,17.8064
2018-01-06 01:55:00,0.0,0.0,0.0,0.0,0.0,0.0,0.0,0.0,0.0,0,0.0,17.893,0.0,17.893
2018-01-06 01:56:00,0.0,0.0,0.0,0.0,0.0,0.0,0.0,0.0,0.0,0,0.0,17.9796,0.0,17.9796
2018-01-06 01:57:00,0.0,0.0,0.0,0.0,0.0,0.0,0.0,0.0,0.0,0,0.0,18.066200000000002,0.0,18.066200000000002
2018-01-06 01:58:00,0.0,0.0,0.0,0.0,0.0,0.0,0.0,0.0,0.0,0,0.0,18.1528,0.0,18.1528
2018-01-06 01:59:00,0.0,0.0,0.0,0.0,0.0,0.0,0.0,0.0,0.0,0,0.0,18.2394,0.0,18.2394
2018-01-06 02:00:00,0.0,0.0,0.0,0.0,0.0,0.0,0.0,0.0,0.0,0,0.0,18.326,0.0,18.326
2018-01-06 02:01:00,0.0,0.0,0.0,0.0,0.0,0.0,0.0,0.0,0.0,0,0.0,18.2774,0.0,18.2774
2018-01-06 02:02:00,0.0,0.0,0.0,0.0,0.0,0.0,0.0,0.0,0.0,0,0.0,18.2288,0.0,18.2288
2018-01-06 02:03:00,0.0,0.0,0.0,0.0,0.0,0.0,0.0,0.0,0.0,0,0.0,18.1802,0.0,18.1802
2018-01-06 02:04:00,0.0,0.0,0.0,0.0,0.0,0.0,0.0,0.0,0.0,0,0.0,18.1316,0.0,18.1316
2018-01-06 02:05:00,0.0,0.0,0.0,0.0,0.0,0.0,0.0,0.0,0.0,0,0.0,18.083,0.0,18.083
2018-01-06 02:06:00,0.0,0.0,0.0,0.0,0.0,0.0,0.0,0.0,0.0,0,0.0,18.0344,0.0,18.0344
2018-01-06 02:07:00,0.0,0.0,0.0,0.0,0.0,0.0,0.0,0.0,0.0,0,0.0,17.9858,0.0,17.9858
2018-01-06 02:08:00,0.0,0.0,0.0,0.0,0.0,0.0,0.0,0.0,0.0,0,0.0,17.9372,0.0,17.9372
2018-01-06 02:09:00,0.0,0.0,0.0,0.0,0.0,0.0,0.0,0.0,0.0,0,0.0,17.8886,0.0,17.8886
2018-01-06 02:10:00,0.0,0.0,0.0,0.0,0.0,0.0,0.0,0.0,0.0,0,0.0,17.84,0.0,17.84
2018-01-06 02:11:00,0.0,0.0,0.0,0.0,0.0,0.0,0.0,0.0,0.0,0,0.0,17.6968,0.0,17.6968
2018-01-06 02:12:00,0.0,0.0,0.0,0.0,0.0,0.0,0.0,0.0,0.0,0,0.0,17.5536,0.0,17.5536
2018-01-06 02:13:00,0.0,0.0,0.0,0.0,0.0,0.0,0.0,0.0,0.0,0,0.0,17.4104,0.0,17.4104
2018-01-06 02:14:00,0.0,0.0,0.0,0.0,0.0,0.0,0.0,0.0,0.0,0,0.0,17.2672,0.0,17.2672
2018-01-06 02:15:00,0.0,0.0,0.0,0.0,0.0,0.0,0.0,0.0,0.0,0,0.0,17.124000000000002,0.0,17.124000000000002
2018-01-06 02:16:00,0.0,0.0,0.0,0.0,0.0,0.0,0.0,0.0,0.0,0,0.0,16.980800000000002,0.0,16.980800000000002
2018-01-06 02:17:00,0.0,0.0,0.0,0.0,0.0,0.0,0.0,0.0,0.0,0,0.0,16.837600000000002,0.0,16.837600000000002
2018-01-06 02:18:00,0.0,0.0,0.0,0.0,0.0,0.0,0.0,0.0,0.0,0,0.0,16.6944,0.0,16.6944
2018-01-06 02:19:00,0.0,0.0,0.0,0.0,0.0,0.0,0.0,0.0,0.0,0,0.0,16.5512,0.0,16.5512
2018-01-06 02:20:00,0.0,0.0,0.0,0.0,0.0,0.0,0.0,0.0,0.0,0,0.0,16.408,0.0,16.408
2018-01-06 02:21:00,0.0,0.0,0.0,0.0,0.0,0.0,0.0,0.0,0.0,0,0.0,16.4385,0.0,16.4385
2018-01-06 02:22:00,0.0,0.0,0.0,0.0,0.0,0.0,0.0,0.0,0.0,0,0.0,16.469,0.0,16.469
2018-01-06 02:23:00,0.0,0.0,0.0,0.0,0.0,0.0,0.0,0.0,0.0,0,0.0,16.4995,0.0,16.4995
2018-01-06 02:24:00,0.0,0.0,0.0,0.0,0.0,0.0,0.0,0.0,0.0,0,0.0,16.53,0.0,16.53
2018-01-06 02:25:00,0.0,0.0,0.0,0.0,0.0,0.0,0.0,0.0,0.0,0,0.0,16.5605,0.0,16.5605
2018-01-06 02:26:00,0.0,0.0,0.0,0.0,0.0,0.0,0.0,0.0,0.0,0,0.0,16.591,0.0,16.591
2018-01-06 02:27:00,0.0,0.0,0.0,0.0,0.0,0.0,0.0,0.0,0.0,0,0.0,16.6215,0.0,16.6215
2018-01-06 02:28:00,0.0,0.0,0.0,0.0,0.0,0.0,0.0,0.0,0.0,0,0.0,16.652,0.0,16.652
2018-01-06 02:29:00,0.0,0.0,0.0,0.0,0.0,0.0,0.0,0.0,0.0,0,0.0,16.6825,0.0,16.6825
2018-01-06 02:30:00,0.0,0.0,0.0,0.0,0.0,0.0,0.0,0.0,0.0,0,0.0,16.713,0.0,16.713
2018-01-06 02:31:00,0.0,0.0,0.0,0.0,0.0,0.0,0.0,0.0,0.0,0,0.0,16.6197,0.0,16.6197
2018-01-06 02:32:00,0.0,0.0,0.0,0.0,0.0,0.0,0.0,0.0,0.0,0,0.0,16.526400000000002,0.0,16.526400000000002
2018-01-06 02:33:00,0.0,0.0,0.0,0.0,0.0,0.0,0.0,0.0,0.0,0,0.0,16.4331,0.0,16.4331
2018-01-06 02:34:00,0.0,0.0,0.0,0.0,0.0,0.0,0.0,0.0,0.0,0,0.0,16.3398,0.0,16.3398
2018-01-06 02:35:00,0.0,0.0,0.0,0.0,0.0,0.0,0.0,0.0,0.0,0,0.0,16.2465,0.0,16.2465
2018-01-06 02:36:00,0.0,0.0,0.0,0.0,0.0,0.0,0.0,0.0,0.0,0,0.0,16.1532,0.0,16.1532
2018-01-06 02:37:00,0.0,0.0,0.0,0.0,0.0,0.0,0.0,0.0,0.0,0,0.0,16.0599,0.0,16.0599
2018-01-06 02:38:00,0.0,0.0,0.0,0.0,0.0,0.0,0.0,0.0,0.0,0,0.0,15.9666,0.0,15.9666
2018-01-06 02:39:00,0.0,0.0,0.0,0.0,0.0,0.0,0.0,0.0,0.0,0,0.0,15.8733,0.0,15.8733
2018-01-06 02:40:00,0.0,0.0,0.0,0.0,0.0,0.0,0.0,0.0,0.0,0,0.0,15.78,0.0,15.78
2018-01-06 02:41:00,0.0,0.0,0.0,0.0,0.0,0.0,0.0,0.0,0.0,0,0.0,15.8277,0.0,15.8277
2018-01-06 02:42:00,0.0,0.0,0.0,0.0,0.0,0.0,0.0,0.0,0.0,0,0.0,15.875399999999999,0.0,15.875399999999999
2018-01-06 02:43:00,0.0,0.0,0.0,0.0,0.0,0.0,0.0,0.0,0.0,0,0.0,15.9231,0.0,15.9231
2018-01-06 02:44:00,0.0,0.0,0.0,0.0,0.0,0.0,0.0,0.0,0.0,0,0.0,15.9708,0.0,15.9708
2018-01-06 02:45:00,0.0,0.0,0.0,0.0,0.0,0.0,0.0,0.0,0.0,0,0.0,16.0185,0.0,16.0185
2018-01-06 02:46:00,0.0,0.0,0.0,0.0,0.0,0.0,0.0,0.0,0.0,0,0.0,16.066200000000002,0.0,16.066200000000002
2018-01-06 02:47:00,0.0,0.0,0.0,0.0,0.0,0.0,0.0,0.0,0.0,0,0.0,16.1139,0.0,16.1139
2018-01-06 02:48:00,0.0,0.0,0.0,0.0,0.0,0.0,0.0,0.0,0.0,0,0.0,16.1616,0.0,16.1616
2018-01-06 02:49:00,0.0,0.0,0.0,0.0,0.0,0.0,0.0,0.0,0.0,0,0.0,16.209300000000002,0.0,16.209300000000002
2018-01-06 02:50:00,0.0,0.0,0.0,0.0,0.0,0.0,0.0,0.0,0.0,0,0.0,16.257,0.0,16.257
2018-01-06 02:51:00,0.0,0.0,0.0,0.0,0.0,0.0,0.0,0.0,0.0,0,0.0,16.4555,0.0,16.4555
2018-01-06 02:52:00,0.0,0.0,0.0,0.0,0.0,0.0,0.0,0.0,0.0,0,0.0,16.654,0.0,16.654
2018-01-06 02:53:00,0.0,0.0,0.0,0.0,0.0,0.0,0.0,0.0,0.0,0,0.0,16.852500000000003,0.0,16.852500000000003
2018-01-06 02:54:00,0.0,0.0,0.0,0.0,0.0,0.0,0.0,0.0,0.0,0,0.0,17.051000000000002,0.0,17.051000000000002
2018-01-06 02:55:00,0.0,0.0,0.0,0.0,0.0,0.0,0.0,0.0,0.0,0,0.0,17.2495,0.0,17.2495
2018-01-06 02:56:00,0.0,0.0,0.0,0.0,0.0,0.0,0.0,0.0,0.0,0,0.0,17.448,0.0,17.448
2018-01-06 02:57:00,0.0,0.0,0.0,0.0,0.0,0.0,0.0,0.0,0.0,0,0.0,17.6465,0.0,17.6465
2018-01-06 02:58:00,0.0,0.0,0.0,0.0,0.0,0.0,0.0,0.0,0.0,0,0.0,17.845000000000002,0.0,17.845000000000002
2018-01-06 02:59:00,0.0,0.0,0.0,0.0,0.0,0.0,0.0,0.0,0.0,0,0.0,18.0435,0.0,18.0435
2018-01-06 03:00:00,0.0,0.0,0.0,0.0,0.0,0.0,0.0,0.0,0.0,0,0.0,18.242,0.0,18.242
2018-01-06 03:01:00,0.0,0.0,0.0,0.0,0.0,0.0,0.0,0.0,0.0,0,0.0,18.3651,0.0,18.3651
2018-01-06 03:02:00,0.0,0.0,0.0,0.0,0.0,0.0,0.0,0.0,0.0,0,0.0,18.4882,0.0,18.4882
2018-01-06 03:03:00,0.0,0.0,0.0,0.0,0.0,0.0,0.0,0.0,0.0,0,0.0,18.6113,0.0,18.6113
2018-01-06 03:04:00,0.0,0.0,0.0,0.0,0.0,0.0,0.0,0.0,0.0,0,0.0,18.7344,0.0,18.7344
2018-01-06 03:05:00,0.0,0.0,0.0,0.0,0.0,0.0,0.0,0.0,0.0,0,0.0,18.8575,0.0,18.8575
2018-01-06 03:06:00,0.0,0.0,0.0,0.0,0.0,0.0,0.0,0.0,0.0,0,0.0,18.9806,0.0,18.9806
2018-01-06 03:07:00,0.0,0.0,0.0,0.0,0.0,0.0,0.0,0.0,0.0,0,0.0,19.1037,0.0,19.1037
2018-01-06 03:08:00,0.0,0.0,0.0,0.0,0.0,0.0,0.0,0.0,0.0,0,0.0,19.2268,0.0,19.2268
2018-01-06 03:09:00,0.0,0.0,0.0,0.0,0.0,0.0,0.0,0.0,0.0,0,0.0,19.349899999999998,0.0,19.349899999999998
2018-01-06 03:10:00,0.0,0.0,0.0,0.0,0.0,0.0,0.0,0.0,0.0,0,0.0,19.473,0.0,19.473
2018-01-06 03:11:00,0.0,0.0,0.0,0.0,0.0,0.0,0.0,0.0,0.0,0,0.0,19.3449,0.0,19.3449
2018-01-06 03:12:00,0.0,0.0,0.0,0.0,0.0,0.0,0.0,0.0,0.0,0,0.0,19.2168,0.0,19.2168
2018-01-06 03:13:00,0.0,0.0,0.0,0.0,0.0,0.0,0.0,0.0,0.0,0,0.0,19.0887,0.0,19.0887
2018-01-06 03:14:00,0.0,0.0,0.0,0.0,0.0,0.0,0.0,0.0,0.0,0,0.0,18.9606,0.0,18.9606
2018-01-06 03:15:00,0.0,0.0,0.0,0.0,0.0,0.0,0.0,0.0,0.0,0,0.0,18.8325,0.0,18.8325
2018-01-06 03:16:00,0.0,0.0,0.0,0.0,0.0,0.0,0.0,0.0,0.0,0,0.0,18.7044,0.0,18.7044
2018-01-06 03:17:00,0.0,0.0,0.0,0.0,0.0,0.0,0.0,0.0,0.0,0,0.0,18.5763,0.0,18.5763
2018-01-06 03:18:00,0.0,0.0,0.0,0.0,0.0,0.0,0.0,0.0,0.0,0,0.0,18.4482,0.0,18.4482
2018-01-06 03:19:00,0.0,0.0,0.0,0.0,0.0,0.0,0.0,0.0,0.0,0,0.0,18.3201,0.0,18.3201
2018-01-06 03:20:00,0.0,0.0,0.0,0.0,0.0,0.0,0.0,0.0,0.0,0,0.0,18.192,0.0,18.192
2018-01-06 03:21:00,0.0,0.0,0.0,0.0,0.0,0.0,0.0,0.0,0.0,0,0.0,18.1262,0.0,18.1262
2018-01-06 03:22:00,0.0,0.0,0.0,0.0,0.0,0.0,0.0,0.0,0.0,0,0.0,18.0604,0.0,18.0604
2018-01-06 03:23:00,0.0,0.0,0.0,0.0,0.0,0.0,0.0,0.0,0.0,0,0.0,17.9946,0.0,17.9946
2018-01-06 03:24:00,0.0,0.0,0.0,0.0,0.0,0.0,0.0,0.0,0.0,0,0.0,17.9288,0.0,17.9288
2018-01-06 03:25:00,0.0,0.0,0.0,0.0,0.0,0.0,0.0,0.0,0.0,0,0.0,17.863,0.0,17.863
2018-01-06 03:26:00,0.0,0.0,0.0,0.0,0.0,0.0,0.0,0.0,0.0,0,0.0,17.7972,0.0,17.7972
2018-01-06 03:27:00,0.0,0.0,0.0,0.0,0.0,0.0,0.0,0.0,0.0,0,0.0,17.7314,0.0,17.7314
2018-01-06 03:28:00,0.0,0.0,0.0,0.0,0.0,0.0,0.0,0.0,0.0,0,0.0,17.665599999999998,0.0,17.665599999999998
2018-01-06 03:29:00,0.0,0.0,0.0,0.0,0.0,0.0,0.0,0.0,0.0,0,0.0,17.5998,0.0,17.5998
2018-01-06 03:30:00,0.0,0.0,0.0,0.0,0.0,0.0,0.0,0.0,0.0,0,0.0,17.534,0.0,17.534
2018-01-06 03:31:00,0.0,0.0,0.0,0.0,0.0,0.0,0.0,0.0,0.0,0,0.0,17.409299999999998,0.0,17.409299999999998
2018-01-06 03:32:00,0.0,0.0,0.0,0.0,0.0,0.0,0.0,0.0,0.0,0,0.0,17.284599999999998,0.0,17.284599999999998
2018-01-06 03:33:00,0.0,0.0,0.0,0.0,0.0,0.0,0.0,0.0,0.0,0,0.0,17.1599,0.0,17.1599
2018-01-06 03:34:00,0.0,0.0,0.0,0.0,0.0,0.0,0.0,0.0,0.0,0,0.0,17.0352,0.0,17.0352
2018-01-06 03:35:00,0.0,0.0,0.0,0.0,0.0,0.0,0.0,0.0,0.0,0,0.0,16.9105,0.0,16.9105
2018-01-06 03:36:00,0.0,0.0,0.0,0.0,0.0,0.0,0.0,0.0,0.0,0,0.0,16.7858,0.0,16.7858
2018-01-06 03:37:00,0.0,0.0,0.0,0.0,0.0,0.0,0.0,0.0,0.0,0,0.0,16.661099999999998,0.0,16.661099999999998
2018-01-06 03:38:00,0.0,0.0,0.0,0.0,0.0,0.0,0.0,0.0,0.0,0,0.0,16.5364,0.0,16.5364
2018-01-06 03:39:00,0.0,0.0,0.0,0.0,0.0,0.0,0.0,0.0,0.0,0,0.0,16.4117,0.0,16.4117
2018-01-06 03:40:00,0.0,0.0,0.0,0.0,0.0,0.0,0.0,0.0,0.0,0,0.0,16.287,0.0,16.287
2018-01-06 03:41:00,0.0,0.0,0.0,0.0,0.0,0.0,0.0,0.0,0.0,0,0.0,16.404999999999998,0.0,16.404999999999998
2018-01-06 03:42:00,0.0,0.0,0.0,0.0,0.0,0.0,0.0,0.0,0.0,0,0.0,16.523,0.0,16.523
2018-01-06 03:43:00,0.0,0.0,0.0,0.0,0.0,0.0,0.0,0.0,0.0,0,0.0,16.641,0.0,16.641
2018-01-06 03:44:00,0.0,0.0,0.0,0.0,0.0,0.0,0.0,0.0,0.0,0,0.0,16.759,0.0,16.759
2018-01-06 03:45:00,0.0,0.0,0.0,0.0,0.0,0.0,0.0,0.0,0.0,0,0.0,16.877,0.0,16.877
2018-01-06 03:46:00,0.0,0.0,0.0,0.0,0.0,0.0,0.0,0.0,0.0,0,0.0,16.994999999999997,0.0,16.994999999999997
2018-01-06 03:47:00,0.0,0.0,0.0,0.0,0.0,0.0,0.0,0.0,0.0,0,0.0,17.113,0.0,17.113
2018-01-06 03:48:00,0.0,0.0,0.0,0.0,0.0,0.0,0.0,0.0,0.0,0,0.0,17.230999999999998,0.0,17.230999999999998
2018-01-06 03:49:00,0.0,0.0,0.0,0.0,0.0,0.0,0.0,0.0,0.0,0,0.0,17.349,0.0,17.349
2018-01-06 03:50:00,0.0,0.0,0.0,0.0,0.0,0.0,0.0,0.0,0.0,0,0.0,17.467,0.0,17.467
2018-01-06 03:51:00,0.0,0.0,0.0,0.0,0.0,0.0,0.0,0.0,0.0,0,0.0,17.7284,0.0,17.7284
2018-01-06 03:52:00,0.0,0.0,0.0,0.0,0.0,0.0,0.0,0.0,0.0,0,0.0,17.9898,0.0,17.9898
2018-01-06 03:53:00,0.0,0.0,0.0,0.0,0.0,0.0,0.0,0.0,0.0,0,0.0,18.251199999999997,0.0,18.251199999999997
2018-01-06 03:54:00,0.0,0.0,0.0,0.0,0.0,0.0,0.0,0.0,0.0,0,0.0,18.5126,0.0,18.5126
2018-01-06 03:55:00,0.0,0.0,0.0,0.0,0.0,0.0,0.0,0.0,0.0,0,0.0,18.774,0.0,18.774
2018-01-06 03:56:00,0.0,0.0,0.0,0.0,0.0,0.0,0.0,0.0,0.0,0,0.0,19.0354,0.0,19.0354
2018-01-06 03:57:00,0.0,0.0,0.0,0.0,0.0,0.0,0.0,0.0,0.0,0,0.0,19.296799999999998,0.0,19.296799999999998
2018-01-06 03:58:00,0.0,0.0,0.0,0.0,0.0,0.0,0.0,0.0,0.0,0,0.0,19.5582,0.0,19.5582
2018-01-06 03:59:00,0.0,0.0,0.0,0.0,0.0,0.0,0.0,0.0,0.0,0,0.0,19.8196,0.0,19.8196
2018-01-06 04:00:00,0.0,0.0,0.0,0.0,0.0,0.0,0.0,0.0,0.0,0,0.0,20.081,0.0,20.081
2018-01-06 04:01:00,0.0,0.0,0.0,0.0,0.0,0.0,0.0,0.0,0.0,0,0.0,19.6318,0.0,19.6318
2018-01-06 04:02:00,0.0,0.0,0.0,0.0,0.0,0.0,0.0,0.0,0.0,0,0.0,19.1826,0.0,19.1826
2018-01-06 04:03:00,0.0,0.0,0.0,0.0,0.0,0.0,0.0,0.0,0.0,0,0.0,18.7334,0.0,18.7334
2018-01-06 04:04:00,0.0,0.0,0.0,0.0,0.0,0.0,0.0,0.0,0.0,0,0.0,18.2842,0.0,18.2842
2018-01-06 04:05:00,0.0,0.0,0.0,0.0,0.0,0.0,0.0,0.0,0.0,0,0.0,17.835,0.0,17.835
2018-01-06 04:06:00,0.0,0.0,0.0,0.0,0.0,0.0,0.0,0.0,0.0,0,0.0,17.3858,0.0,17.3858
2018-01-06 04:07:00,0.0,0.0,0.0,0.0,0.0,0.0,0.0,0.0,0.0,0,0.0,16.9366,0.0,16.9366
2018-01-06 04:08:00,0.0,0.0,0.0,0.0,0.0,0.0,0.0,0.0,0.0,0,0.0,16.4874,0.0,16.4874
2018-01-06 04:09:00,0.0,0.0,0.0,0.0,0.0,0.0,0.0,0.0,0.0,0,0.0,16.0382,0.0,16.0382
2018-01-06 04:10:00,0.0,0.0,0.0,0.0,0.0,0.0,0.0,0.0,0.0,0,0.0,15.589,0.0,15.589
2018-01-06 04:11:00,0.0,0.0,0.0,0.0,0.0,0.0,0.0,0.0,0.0,0,0.0,15.5924,0.0,15.5924
2018-01-06 04:12:00,0.0,0.0,0.0,0.0,0.0,0.0,0.0,0.0,0.0,0,0.0,15.5958,0.0,15.5958
2018-01-06 04:13:00,0.0,0.0,0.0,0.0,0.0,0.0,0.0,0.0,0.0,0,0.0,15.5992,0.0,15.5992
2018-01-06 04:14:00,0.0,0.0,0.0,0.0,0.0,0.0,0.0,0.0,0.0,0,0.0,15.6026,0.0,15.6026
2018-01-06 04:15:00,0.0,0.0,0.0,0.0,0.0,0.0,0.0,0.0,0.0,0,0.0,15.606,0.0,15.606
2018-01-06 04:16:00,0.0,0.0,0.0,0.0,0.0,0.0,0.0,0.0,0.0,0,0.0,15.609399999999999,0.0,15.609399999999999
2018-01-06 04:17:00,0.0,0.0,0.0,0.0,0.0,0.0,0.0,0.0,0.0,0,0.0,15.6128,0.0,15.6128
2018-01-06 04:18:00,0.0,0.0,0.0,0.0,0.0,0.0,0.0,0.0,0.0,0,0.0,15.6162,0.0,15.6162
2018-01-06 04:19:00,0.0,0.0,0.0,0.0,0.0,0.0,0.0,0.0,0.0,0,0.0,15.6196,0.0,15.6196
2018-01-06 04:20:00,0.0,0.0,0.0,0.0,0.0,0.0,0.0,0.0,0.0,0,0.0,15.623,0.0,15.623
2018-01-06 04:21:00,0.0,0.0,0.0,0.0,0.0,0.0,0.0,0.0,0.0,0,0.0,15.4592,0.0,15.4592
2018-01-06 04:22:00,0.0,0.0,0.0,0.0,0.0,0.0,0.0,0.0,0.0,0,0.0,15.295399999999999,0.0,15.295399999999999
2018-01-06 04:23:00,0.0,0.0,0.0,0.0,0.0,0.0,0.0,0.0,0.0,0,0.0,15.131599999999999,0.0,15.131599999999999
2018-01-06 04:24:00,0.0,0.0,0.0,0.0,0.0,0.0,0.0,0.0,0.0,0,0.0,14.967799999999999,0.0,14.967799999999999
2018-01-06 04:25:00,0.0,0.0,0.0,0.0,0.0,0.0,0.0,0.0,0.0,0,0.0,14.803999999999998,0.0,14.803999999999998
2018-01-06 04:26:00,0.0,0.0,0.0,0.0,0.0,0.0,0.0,0.0,0.0,0,0.0,14.6402,0.0,14.6402
2018-01-06 04:27:00,0.0,0.0,0.0,0.0,0.0,0.0,0.0,0.0,0.0,0,0.0,14.4764,0.0,14.4764
2018-01-06 04:28:00,0.0,0.0,0.0,0.0,0.0,0.0,0.0,0.0,0.0,0,0.0,14.3126,0.0,14.3126
2018-01-06 04:29:00,0.0,0.0,0.0,0.0,0.0,0.0,0.0,0.0,0.0,0,0.0,14.1488,0.0,14.1488
2018-01-06 04:30:00,0.0,0.0,0.0,0.0,0.0,0.0,0.0,0.0,0.0,0,0.0,13.985,0.0,13.985
2018-01-06 04:31:00,0.0,0.0,0.0,0.0,0.0,0.0,0.0,0.0,0.0,0,0.0,14.1067,0.0,14.1067
2018-01-06 04:32:00,0.0,0.0,0.0,0.0,0.0,0.0,0.0,0.0,0.0,0,0.0,14.228399999999999,0.0,14.228399999999999
2018-01-06 04:33:00,0.0,0.0,0.0,0.0,0.0,0.0,0.0,0.0,0.0,0,0.0,14.3501,0.0,14.3501
2018-01-06 04:34:00,0.0,0.0,0.0,0.0,0.0,0.0,0.0,0.0,0.0,0,0.0,14.4718,0.0,14.4718
2018-01-06 04:35:00,0.0,0.0,0.0,0.0,0.0,0.0,0.0,0.0,0.0,0,0.0,14.593499999999999,0.0,14.593499999999999
2018-01-06 04:36:00,0.0,0.0,0.0,0.0,0.0,0.0,0.0,0.0,0.0,0,0.0,14.7152,0.0,14.7152
2018-01-06 04:37:00,0.0,0.0,0.0,0.0,0.0,0.0,0.0,0.0,0.0,0,0.0,14.8369,0.0,14.8369
2018-01-06 04:38:00,0.0,0.0,0.0,0.0,0.0,0.0,0.0,0.0,0.0,0,0.0,14.9586,0.0,14.9586
2018-01-06 04:39:00,0.0,0.0,0.0,0.0,0.0,0.0,0.0,0.0,0.0,0,0.0,15.0803,0.0,15.0803
2018-01-06 04:40:00,0.0,0.0,0.0,0.0,0.0,0.0,0.0,0.0,0.0,0,0.0,15.202,0.0,15.202
2018-01-06 04:41:00,0.0,0.0,0.0,0.0,0.0,0.0,0.0,0.0,0.0,0,0.0,15.5084,0.0,15.5084
2018-01-06 04:42:00,0.0,0.0,0.0,0.0,0.0,0.0,0.0,0.0,0.0,0,0.0,15.8148,0.0,15.8148
2018-01-06 04:43:00,0.0,0.0,0.0,0.0,0.0,0.0,0.0,0.0,0.0,0,0.0,16.121199999999998,0.0,16.121199999999998
2018-01-06 04:44:00,0.0,0.0,0.0,0.0,0.0,0.0,0.0,0.0,0.0,0,0.0,16.427599999999998,0.0,16.427599999999998
2018-01-06 04:45:00,0.0,0.0,0.0,0.0,0.0,0.0,0.0,0.0,0.0,0,0.0,16.733999999999998,0.0,16.733999999999998
2018-01-06 04:46:00,0.0,0.0,0.0,0.0,0.0,0.0,0.0,0.0,0.0,0,0.0,17.040399999999998,0.0,17.040399999999998
2018-01-06 04:47:00,0.0,0.0,0.0,0.0,0.0,0.0,0.0,0.0,0.0,0,0.0,17.346799999999998,0.0,17.346799999999998
2018-01-06 04:48:00,0.0,0.0,0.0,0.0,0.0,0.0,0.0,0.0,0.0,0,0.0,17.6532,0.0,17.6532
2018-01-06 04:49:00,0.0,0.0,0.0,0.0,0.0,0.0,0.0,0.0,0.0,0,0.0,17.9596,0.0,17.9596
2018-01-06 04:50:00,0.0,0.0,0.0,0.0,0.0,0.0,0.0,0.0,0.0,0,0.0,18.266,0.0,18.266
2018-01-06 04:51:00,0.0,0.0,0.0,0.0,0.0,0.0,0.0,0.0,0.0,0,0.0,18.805,0.0,18.805
2018-01-06 04:52:00,0.0,0.0,0.0,0.0,0.0,0.0,0.0,0.0,0.0,0,0.0,19.343999999999998,0.0,19.343999999999998
2018-01-06 04:53:00,0.0,0.0,0.0,0.0,0.0,0.0,0.0,0.0,0.0,0,0.0,19.883,0.0,19.883
2018-01-06 04:54:00,0.0,0.0,0.0,0.0,0.0,0.0,0.0,0.0,0.0,0,0.0,20.421999999999997,0.0,20.421999999999997
2018-01-06 04:55:00,0.0,0.0,0.0,0.0,0.0,0.0,0.0,0.0,0.0,0,0.0,20.961,0.0,20.961
2018-01-06 04:56:00,0.0,0.0,0.0,0.0,0.0,0.0,0.0,0.0,0.0,0,0.0,21.5,0.0,21.5
2018-01-06 04:57:00,0.0,0.0,0.0,0.0,0.0,0.0,0.0,0.0,0.0,0,0.0,22.038999999999998,0.0,22.038999999999998
2018-01-06 04:58:00,0.0,0.0,0.0,0.0,0.0,0.0,0.0,0.0,0.0,0,0.0,22.578,0.0,22.578
2018-01-06 04:59:00,0.0,0.0,0.0,0.0,0.0,0.0,0.0,0.0,0.0,0,0.0,23.116999999999997,0.0,23.116999999999997
2018-01-06 05:00:00,0.0,0.0,0.0,0.0,0.0,0.0,0.0,0.0,0.0,0,0.0,23.656,0.0,23.656
2018-01-06 05:01:00,0.0,0.0,0.0,0.0,0.0,0.0,0.0,0.0,0.0,0,0.0,23.3951,0.0,23.3951
2018-01-06 05:02:00,0.0,0.0,0.0,0.0,0.0,0.0,0.0,0.0,0.0,0,0.0,23.1342,0.0,23.1342
2018-01-06 05:03:00,0.0,0.0,0.0,0.0,0.0,0.0,0.0,0.0,0.0,0,0.0,22.8733,0.0,22.8733
2018-01-06 05:04:00,0.0,0.0,0.0,0.0,0.0,0.0,0.0,0.0,0.0,0,0.0,22.6124,0.0,22.6124
2018-01-06 05:05:00,0.0,0.0,0.0,0.0,0.0,0.0,0.0,0.0,0.0,0,0.0,22.3515,0.0,22.3515
2018-01-06 05:06:00,0.0,0.0,0.0,0.0,0.0,0.0,0.0,0.0,0.0,0,0.0,22.0906,0.0,22.0906
2018-01-06 05:07:00,0.0,0.0,0.0,0.0,0.0,0.0,0.0,0.0,0.0,0,0.0,21.8297,0.0,21.8297
2018-01-06 05:08:00,0.0,0.0,0.0,0.0,0.0,0.0,0.0,0.0,0.0,0,0.0,21.5688,0.0,21.5688
2018-01-06 05:09:00,0.0,0.0,0.0,0.0,0.0,0.0,0.0,0.0,0.0,0,0.0,21.3079,0.0,21.3079
2018-01-06 05:10:00,0.0,0.0,0.0,0.0,0.0,0.0,0.0,0.0,0.0,0,0.0,21.047,0.0,21.047
2018-01-06 05:11:00,0.0,0.0,0.0,0.0,0.0,0.0,0.0,0.0,0.0,0,0.0,21.1147,0.0,21.1147
2018-01-06 05:12:00,0.0,0.0,0.0,0.0,0.0,0.0,0.0,0.0,0.0,0,0.0,21.1824,0.0,21.1824
2018-01-06 05:13:00,0.0,0.0,0.0,0.0,0.0,0.0,0.0,0.0,0.0,0,0.0,21.2501,0.0,21.2501
2018-01-06 05:14:00,0.0,0.0,0.0,0.0,0.0,0.0,0.0,0.0,0.0,0,0.0,21.317800000000002,0.0,21.317800000000002
2018-01-06 05:15:00,0.0,0.0,0.0,0.0,0.0,0.0,0.0,0.0,0.0,0,0.0,21.3855,0.0,21.3855
2018-01-06 05:16:00,0.0,0.0,0.0,0.0,0.0,0.0,0.0,0.0,0.0,0,0.0,21.4532,0.0,21.4532
2018-01-06 05:17:00,0.0,0.0,0.0,0.0,0.0,0.0,0.0,0.0,0.0,0,0.0,21.5209,0.0,21.5209
2018-01-06 05:18:00,0.0,0.0,0.0,0.0,0.0,0.0,0.0,0.0,0.0,0,0.0,21.5886,0.0,21.5886
2018-01-06 05:19:00,0.0,0.0,0.0,0.0,0.0,0.0,0.0,0.0,0.0,0,0.0,21.6563,0.0,21.6563
2018-01-06 05:20:00,0.0,0.0,0.0,0.0,0.0,0.0,0.0,0.0,0.0,0,0.0,21.724,0.0,21.724
2018-01-06 05:21:00,0.0,0.0,0.0,0.0,0.0,0.0,0.0,0.0,0.0,0,0.0,22.179000000000002,0.0,22.179000000000002
2018-01-06 05:22:00,0.0,0.0,0.0,0.0,0.0,0.0,0.0,0.0,0.0,0,0.0,22.634,0.0,22.634
2018-01-06 05:23:00,0.0,0.0,0.0,0.0,0.0,0.0,0.0,0.0,0.0,0,0.0,23.089,0.0,23.089
2018-01-06 05:24:00,0.0,0.0,0.0,0.0,0.0,0.0,0.0,0.0,0.0,0,0.0,23.544,0.0,23.544
2018-01-06 05:25:00,0.0,0.0,0.0,0.0,0.0,0.0,0.0,0.0,0.0,0,0.0,23.999000000000002,0.0,23.999000000000002
2018-01-06 05:26:00,0.0,0.0,0.0,0.0,0.0,0.0,0.0,0.0,0.0,0,0.0,24.454,0.0,24.454
2018-01-06 05:27:00,0.0,0.0,0.0,0.0,0.0,0.0,0.0,0.0,0.0,0,0.0,24.909,0.0,24.909
2018-01-06 05:28:00,0.0,0.0,0.0,0.0,0.0,0.0,0.0,0.0,0.0,0,0.0,25.364,0.0,25.364
2018-01-06 05:29:00,0.0,0.0,0.0,0.0,0.0,0.0,0.0,0.0,0.0,0,0.0,25.819000000000003,0.0,25.819000000000003
2018-01-06 05:30:00,0.0,0.0,0.0,0.0,0.0,0.0,0.0,0.0,0.0,0,0.0,26.274,0.0,26.274
2018-01-06 05:31:00,0.0,0.0,0.0,0.0,0.0,0.0,0.0,0.0,0.0,0,0.0,27.043100000000003,0.0,27.043100000000003
2018-01-06 05:32:00,0.0,0.0,0.0,0.0,0.0,0.0,0.0,0.0,0.0,0,0.0,27.8122,0.0,27.8122
2018-01-06 05:33:00,0.0,0.0,0.0,0.0,0.0,0.0,0.0,0.0,0.0,0,0.0,28.581300000000002,0.0,28.581300000000002
2018-01-06 05:34:00,0.0,0.0,0.0,0.0,0.0,0.0,0.0,0.0,0.0,0,0.0,29.3504,0.0,29.3504
2018-01-06 05:35:00,0.0,0.0,0.0,0.0,0.0,0.0,0.0,0.0,0.0,0,0.0,30.119500000000002,0.0,30.119500000000002
2018-01-06 05:36:00,0.0,0.0,0.0,0.0,0.0,0.0,0.0,0.0,0.0,0,0.0,30.888600000000004,0.0,30.888600000000004
2018-01-06 05:37:00,0.0,0.0,0.0,0.0,0.0,0.0,0.0,0.0,0.0,0,0.0,31.657700000000002,0.0,31.657700000000002
2018-01-06 05:38:00,0.0,0.0,0.0,0.0,0.0,0.0,0.0,0.0,0.0,0,0.0,32.4268,0.0,32.4268
2018-01-06 05:39:00,0.0,0.0,0.0,0.0,0.0,0.0,0.0,0.0,0.0,0,0.0,33.1959,0.0,33.1959
2018-01-06 05:40:00,0.0,0.0,0.0,0.0,0.0,0.0,0.0,0.0,0.0,0,0.0,33.965,0.0,33.965
2018-01-06 05:41:00,0.0,0.0,0.0,0.0,0.0,0.0,0.0,0.0,0.0,0,0.0,33.5264,0.0,33.5264
2018-01-06 05:42:00,0.0,0.0,0.0,0.0,0.0,0.0,0.0,0.0,0.0,0,0.0,33.0878,0.0,33.0878
2018-01-06 05:43:00,0.0,0.0,0.0,0.0,0.0,0.0,0.0,0.0,0.0,0,0.0,32.6492,0.0,32.6492
2018-01-06 05:44:00,0.0,0.0,0.0,0.0,0.0,0.0,0.0,0.0,0.0,0,0.0,32.2106,0.0,32.2106
2018-01-06 05:45:00,0.0,0.0,0.0,0.0,0.0,0.0,0.0,0.0,0.0,0,0.0,31.772000000000002,0.0,31.772000000000002
2018-01-06 05:46:00,0.0,0.0,0.0,0.0,0.0,0.0,0.0,0.0,0.0,0,0.0,31.3334,0.0,31.3334
2018-01-06 05:47:00,0.0,0.0,0.0,0.0,0.0,0.0,0.0,0.0,0.0,0,0.0,30.8948,0.0,30.8948
2018-01-06 05:48:00,0.0,0.0,0.0,0.0,0.0,0.0,0.0,0.0,0.0,0,0.0,30.456200000000003,0.0,30.456200000000003
2018-01-06 05:49:00,0.0,0.0,0.0,0.0,0.0,0.0,0.0,0.0,0.0,0,0.0,30.0176,0.0,30.0176
2018-01-06 05:50:00,0.0,0.0,0.0,0.0,0.0,0.0,0.0,0.0,0.0,0,0.0,29.579,0.0,29.579
2018-01-06 05:51:00,0.0,0.0,0.0,0.0,0.0,0.0,0.0,0.0,0.0,0,0.0,29.0913,0.0,29.0913
2018-01-06 05:52:00,0.0,0.0,0.0,0.0,0.0,0.0,0.0,0.0,0.0,0,0.0,28.6036,0.0,28.6036
2018-01-06 05:53:00,0.0,0.0,0.0,0.0,0.0,0.0,0.0,0.0,0.0,0,0.0,28.1159,0.0,28.1159
2018-01-06 05:54:00,0.0,0.0,0.0,0.0,0.0,0.0,0.0,0.0,0.0,0,0.0,27.6282,0.0,27.6282
2018-01-06 05:55:00,0.0,0.0,0.0,0.0,0.0,0.0,0.0,0.0,0.0,0,0.0,27.140500000000003,0.0,27.140500000000003
2018-01-06 05:56:00,0.0,0.0,0.0,0.0,0.0,0.0,0.0,0.0,0.0,0,0.0,26.6528,0.0,26.6528
2018-01-06 05:57:00,0.0,0.0,0.0,0.0,0.0,0.0,0.0,0.0,0.0,0,0.0,26.165100000000002,0.0,26.165100000000002
2018-01-06 05:58:00,0.0,0.0,0.0,0.0,0.0,0.0,0.0,0.0,0.0,0,0.0,25.677400000000002,0.0,25.677400000000002
2018-01-06 05:59:00,0.0,0.0,0.0,0.0,0.0,0.0,0.0,0.0,0.0,0,0.0,25.189700000000002,0.0,25.189700000000002
2018-01-06 06:00:00,0.0,0.0,0.0,0.0,0.0,0.0,0.0,0.0,0.0,0,0.0,24.702,0.0,24.702
2018-01-06 06:01:00,0.0,0.0,0.0,0.0,0.0,0.0,0.0,0.0,0.0,0,0.0,24.739700000000003,0.0,24.739700000000003
2018-01-06 06:02:00,0.0,0.0,0.0,0.0,0.0,0.0,0.0,0.0,0.0,0,0.0,24.7774,0.0,24.7774
2018-01-06 06:03:00,0.0,0.0,0.0,0.0,0.0,0.0,0.0,0.0,0.0,0,0.0,24.8151,0.0,24.8151
2018-01-06 06:04:00,0.0,0.0,0.0,0.0,0.0,0.0,0.0,0.0,0.0,0,0.0,24.852800000000002,0.0,24.852800000000002
2018-01-06 06:05:00,0.0,0.0,0.0,0.0,0.0,0.0,0.0,0.0,0.0,0,0.0,24.890500000000003,0.0,24.890500000000003
2018-01-06 06:06:00,0.0,0.0,0.0,0.0,0.0,0.0,0.0,0.0,0.0,0,0.0,24.9282,0.0,24.9282
2018-01-06 06:07:00,0.0,0.0,0.0,0.0,0.0,0.0,0.0,0.0,0.0,0,0.0,24.9659,0.0,24.9659
2018-01-06 06:08:00,0.0,0.0,0.0,0.0,0.0,0.0,0.0,0.0,0.0,0,0.0,25.003600000000002,0.0,25.003600000000002
2018-01-06 06:09:00,0.0,0.0,0.0,0.0,0.0,0.0,0.0,0.0,0.0,0,0.0,25.0413,0.0,25.0413
2018-01-06 06:10:00,0.0,0.0,0.0,0.0,0.0,0.0,0.0,0.0,0.0,0,0.0,25.079,0.0,25.079
2018-01-06 06:11:00,0.0,0.0,0.0,0.0,0.0,0.0,0.0,0.0,0.0,0,0.0,25.1595,0.0,25.1595
2018-01-06 06:12:00,0.0,0.0,0.0,0.0,0.0,0.0,0.0,0.0,0.0,0,0.0,25.240000000000002,0.0,25.240000000000002
2018-01-06 06:13:00,0.0,0.0,0.0,0.0,0.0,0.0,0.0,0.0,0.0,0,0.0,25.3205,0.0,25.3205
2018-01-06 06:14:00,0.0,0.0,0.0,0.0,0.0,0.0,0.0,0.0,0.0,0,0.0,25.401,0.0,25.401
2018-01-06 06:15:00,0.0,0.0,0.0,0.0,0.0,0.0,0.0,0.0,0.0,0,0.0,25.4815,0.0,25.4815
2018-01-06 06:16:00,0.0,0.0,0.0,0.0,0.0,0.0,0.0,0.0,0.0,0,0.0,25.562,0.0,25.562
2018-01-06 06:17:00,0.0,0.0,0.0,0.0,0.0,0.0,0.0,0.0,0.0,0,0.0,25.642500000000002,0.0,25.642500000000002
2018-01-06 06:18:00,0.0,0.0,0.0,0.0,0.0,0.0,0.0,0.0,0.0,0,0.0,25.723,0.0,25.723
2018-01-06 06:19:00,0.0,0.0,0.0,0.0,0.0,0.0,0.0,0.0,0.0,0,0.0,25.8035,0.0,25.8035
2018-01-06 06:20:00,0.0,0.0,0.0,0.0,0.0,0.0,0.0,0.0,0.0,0,0.0,25.884,0.0,25.884
2018-01-06 06:21:00,0.0,0.0,0.0,0.0,0.0,0.0,0.0,0.0,0.0,0,0.0,25.9437,0.0,25.9437
2018-01-06 06:22:00,0.0,0.0,0.0,0.0,0.0,0.0,0.0,0.0,0.0,0,0.0,26.0034,0.0,26.0034
2018-01-06 06:23:00,0.0,0.0,0.0,0.0,0.0,0.0,0.0,0.0,0.0,0,0.0,26.063100000000002,0.0,26.063100000000002
2018-01-06 06:24:00,0.0,0.0,0.0,0.0,0.0,0.0,0.0,0.0,0.0,0,0.0,26.1228,0.0,26.1228
2018-01-06 06:25:00,0.0,0.0,0.0,0.0,0.0,0.0,0.0,0.0,0.0,0,0.0,26.1825,0.0,26.1825
2018-01-06 06:26:00,0.0,0.0,0.0,0.0,0.0,0.0,0.0,0.0,0.0,0,0.0,26.2422,0.0,26.2422
2018-01-06 06:27:00,0.0,0.0,0.0,0.0,0.0,0.0,0.0,0.0,0.0,0,0.0,26.3019,0.0,26.3019
2018-01-06 06:28:00,0.0,0.0,0.0,0.0,0.0,0.0,0.0,0.0,0.0,0,0.0,26.361600000000003,0.0,26.361600000000003
2018-01-06 06:29:00,0.0,0.0,0.0,0.0,0.0,0.0,0.0,0.0,0.0,0,0.0,26.421300000000002,0.0,26.421300000000002
2018-01-06 06:30:00,0.0,0.0,0.0,0.0,0.0,0.0,0.0,0.0,0.0,0,0.0,26.481,0.0,26.481
2018-01-06 06:31:00,0.0,0.0,0.0,0.0,0.0,0.0,0.0,0.0,0.0,0,0.0,26.314300000000003,0.0,26.314300000000003
2018-01-06 06:32:00,0.0,0.0,0.0,0.0,0.0,0.0,0.0,0.0,0.0,0,0.0,26.1476,0.0,26.1476
2018-01-06 06:33:00,0.0,0.0,0.0,0.0,0.0,0.0,0.0,0.0,0.0,0,0.0,25.980900000000002,0.0,25.980900000000002
2018-01-06 06:34:00,0.0,0.0,0.0,0.0,0.0,0.0,0.0,0.0,0.0,0,0.0,25.8142,0.0,25.8142
2018-01-06 06:35:00,0.0,0.0,0.0,0.0,0.0,0.0,0.0,0.0,0.0,0,0.0,25.6475,0.0,25.6475
2018-01-06 06:36:00,0.0,0.0,0.0,0.0,0.0,0.0,0.0,0.0,0.0,0,0.0,25.480800000000002,0.0,25.480800000000002
2018-01-06 06:37:00,0.0,0.0,0.0,0.0,0.0,0.0,0.0,0.0,0.0,0,0.0,25.3141,0.0,25.3141
2018-01-06 06:38:00,0.0,0.0,0.0,0.0,0.0,0.0,0.0,0.0,0.0,0,0.0,25.1474,0.0,25.1474
2018-01-06 06:39:00,0.0,0.0,0.0,0.0,0.0,0.0,0.0,0.0,0.0,0,0.0,24.9807,0.0,24.9807
2018-01-06 06:40:00,0.0,0.0,0.0,0.0,0.0,0.0,0.0,0.0,0.0,0,0.0,24.814,0.0,24.814
2018-01-06 06:41:00,0.0,0.0,0.0,0.0,0.0,0.0,0.0,0.0,0.0,0,0.0,25.0935,0.0,25.0935
2018-01-06 06:42:00,0.0,0.0,0.0,0.0,0.0,0.0,0.0,0.0,0.0,0,0.0,25.373,0.0,25.373
2018-01-06 06:43:00,0.0,0.0,0.0,0.0,0.0,0.0,0.0,0.0,0.0,0,0.0,25.6525,0.0,25.6525
2018-01-06 06:44:00,0.0,0.0,0.0,0.0,0.0,0.0,0.0,0.0,0.0,0,0.0,25.932000000000002,0.0,25.932000000000002
2018-01-06 06:45:00,0.0,0.0,0.0,0.0,0.0,0.0,0.0,0.0,0.0,0,0.0,26.2115,0.0,26.2115
2018-01-06 06:46:00,0.0,0.0,0.0,0.0,0.0,0.0,0.0,0.0,0.0,0,0.0,26.491,0.0,26.491
2018-01-06 06:47:00,0.0,0.0,0.0,0.0,0.0,0.0,0.0,0.0,0.0,0,0.0,26.770500000000002,0.0,26.770500000000002
2018-01-06 06:48:00,0.0,0.0,0.0,0.0,0.0,0.0,0.0,0.0,0.0,0,0.0,27.05,0.0,27.05
2018-01-06 06:49:00,0.0,0.0,0.0,0.0,0.0,0.0,0.0,0.0,0.0,0,0.0,27.329500000000003,0.0,27.329500000000003
2018-01-06 06:50:00,0.0,0.0,0.0,0.0,0.0,0.0,0.0,0.0,0.0,0,0.0,27.609,0.0,27.609
2018-01-06 06:51:00,0.0,0.0,0.0,0.0,0.0,0.0,0.0,0.0,0.0,0,0.0,27.8152,0.0,27.8152
2018-01-06 06:52:00,0.0,0.0,0.0,0.0,0.0,0.0,0.0,0.0,0.0,0,0.0,28.0214,0.0,28.0214
2018-01-06 06:53:00,0.0,0.0,0.0,0.0,0.0,0.0,0.0,0.0,0.0,0,0.0,28.227600000000002,0.0,28.227600000000002
2018-01-06 06:54:00,0.0,0.0,0.0,0.0,0.0,0.0,0.0,0.0,0.0,0,0.0,28.4338,0.0,28.4338
2018-01-06 06:55:00,0.0,0.0,0.0,0.0,0.0,0.0,0.0,0.0,0.0,0,0.0,28.64,0.0,28.64
2018-01-06 06:56:00,0.0,0.0,0.0,0.0,0.0,0.0,0.0,0.0,0.0,0,0.0,28.8462,0.0,28.8462
2018-01-06 06:57:00,0.0,0.0,0.0,0.0,0.0,0.0,0.0,0.0,0.0,0,0.0,29.0524,0.0,29.0524
2018-01-06 06:58:00,0.0,0.0,0.0,0.0,0.0,0.0,0.0,0.0,0.0,0,0.0,29.2586,0.0,29.2586
2018-01-06 06:59:00,0.0,0.0,0.0,0.0,0.0,0.0,0.0,0.0,0.0,0,0.0,29.4648,0.0,29.4648
2018-01-06 07:00:00,0.0,0.0,0.0,0.0,0.0,0.0,0.0,0.0,0.0,0,0.0,29.671,0.0,29.671
2018-01-06 07:01:00,50.0,0.0,0.0,0.0,0.0,0.0,0.0,0.0,0.0,0,50.0,29.3781,1.0,79.3781
2018-01-06 07:02:00,50.0,0.0,0.0,0.0,0.0,0.0,0.0,0.0,0.0,0,50.0,29.0852,1.0,79.0852
2018-01-06 07:03:00,50.0,0.0,0.0,0.0,0.0,0.0,0.0,0.0,0.0,0,50.0,28.7923,1.0,78.7923
2018-01-06 07:04:00,50.0,0.0,0.0,0.0,0.0,0.0,0.0,0.0,0.0,0,50.0,28.4994,1.0,78.49940000000001
2018-01-06 07:05:00,50.0,0.0,0.0,0.0,0.0,0.0,0.0,0.0,0.0,0,50.0,28.2065,1.0,78.2065
2018-01-06 07:06:00,50.0,0.0,0.0,0.0,0.0,0.0,0.0,0.0,0.0,0,50.0,27.9136,1.0,77.9136
2018-01-06 07:07:00,50.0,0.0,0.0,0.0,0.0,0.0,0.0,0.0,0.0,0,50.0,27.6207,1.0,77.6207
2018-01-06 07:08:00,0.001,0.0,0.0,0.0,0.0,0.0,0.0,0.0,0.0,0,0.001,27.3278,1.0,27.3288
2018-01-06 07:09:00,0.001,0.0,0.0,0.0,0.0,0.0,0.0,0.0,0.0,0,0.001,27.0349,1.0,27.0359
2018-01-06 07:10:00,50.0,0.0,0.0,0.0,0.0,0.0,0.0,0.0,0.0,0,50.0,26.742,1.0,76.742
2018-01-06 07:11:00,0.001,0.0,0.0,0.0,0.0,0.0,0.0,0.0,0.0,0,0.001,26.8349,1.0,26.835900000000002
2018-01-06 07:12:00,0.001,0.0,0.0,0.0,0.0,0.0,0.0,0.0,0.0,0,0.001,26.9278,1.0,26.928800000000003
2018-01-06 07:13:00,0.001,0.0,0.0,0.0,0.0,0.0,0.0,0.0,0.0,0,0.001,27.0207,1.0,27.021700000000003
2018-01-06 07:14:00,0.001,0.0,0.0,0.0,0.0,0.0,0.0,0.0,0.0,0,0.001,27.1136,1.0,27.114600000000003
2018-01-06 07:15:00,0.001,0.0,0.0,0.0,0.0,0.0,0.0,0.0,0.0,0,0.001,27.2065,1.0,27.2075
2018-01-06 07:16:00,0.001,0.0,0.0,0.0,0.0,0.0,0.0,0.0,0.0,0,0.001,27.2994,1.0,27.3004
2018-01-06 07:17:00,0.001,0.0,0.0,0.0,0.0,0.0,0.0,0.0,0.0,0,0.001,27.3923,1.0,27.3933
2018-01-06 07:18:00,0.001,0.0,0.0,0.0,0.0,0.0,0.0,0.0,0.0,0,0.001,27.4852,1.0,27.4862
2018-01-06 07:19:00,0.001,0.0,0.0,0.0,0.0,0.0,0.0,0.0,0.0,0,0.001,27.5781,1.0,27.5791
2018-01-06 07:20:00,0.001,0.0,0.0,0.0,0.0,0.0,0.0,0.0,0.0,0,0.001,27.671,1.0,27.672
2018-01-06 07:21:00,0.001,0.0,0.0,0.0,0.0,0.0,0.0,0.0,0.0,0,0.001,27.8699,1.0,27.870900000000002
2018-01-06 07:22:00,0.001,0.0,0.0,0.0,0.0,0.0,0.0,0.0,0.0,0,0.001,28.0688,1.0,28.0698
2018-01-06 07:23:00,0.001,0.0,0.0,0.0,0.0,0.0,0.0,0.0,0.0,0,0.001,28.267699999999998,1.0,28.2687
2018-01-06 07:24:00,0.001,0.0,0.0,0.0,0.0,0.0,0.0,0.0,0.0,0,0.001,28.4666,1.0,28.4676
2018-01-06 07:25:00,0.001,0.0,0.0,0.0,0.0,0.0,0.0,0.0,0.0,0,0.001,28.6655,1.0,28.666500000000003
2018-01-06 07:26:00,0.001,0.0,0.0,0.0,0.0,0.0,0.0,0.0,0.0,0,0.001,28.8644,1.0,28.8654
2018-01-06 07:27:00,0.001,0.0,0.0,0.0,0.0,0.0,0.0,0.0,0.0,0,0.001,29.063299999999998,1.0,29.0643
2018-01-06 07:28:00,0.001,0.0,0.0,0.0,0.0,0.0,0.0,0.0,0.0,0,0.001,29.2622,1.0,29.2632
2018-01-06 07:29:00,0.001,0.0,0.0,0.0,0.0,0.0,0.0,0.0,0.0,0,0.001,29.461100000000002,1.0,29.462100000000003
2018-01-06 07:30:00,0.001,0.0,0.0,0.0,0.0,0.0,0.0,0.0,0.0,0,0.001,29.66,1.0,29.661
2018-01-06 07:31:00,0.001,0.0,0.0,0.0,0.0,0.0,0.0,0.0,0.0,0,0.001,29.3251,1.0,29.3261
2018-01-06 07:32:00,0.001,0.0,0.0,0.0,0.0,0.0,0.0,0.0,0.0,0,0.001,28.9902,1.0,28.991200000000003
2018-01-06 07:33:00,0.001,0.0,0.0,0.0,0.0,0.0,0.0,0.0,0.0,0,0.001,28.6553,1.0,28.6563
2018-01-06 07:34:00,0.001,0.0,0.0,0.0,0.0,0.0,0.0,0.0,0.0,0,0.001,28.3204,1.0,28.3214
2018-01-06 07:35:00,0.001,0.0,0.0,0.0,0.0,0.0,0.0,0.0,0.0,0,0.001,27.985500000000002,1.0,27.986500000000003
2018-01-06 07:36:00,0.001,0.0,0.0,0.0,0.0,0.0,0.0,0.0,0.0,0,0.001,27.6506,1.0,27.651600000000002
2018-01-06 07:37:00,0.001,0.0,0.0,0.0,0.0,0.0,0.0,0.0,0.0,0,0.001,27.3157,1.0,27.3167
2018-01-06 07:38:00,0.001,0.0,0.0,0.0,0.0,0.0,0.0,0.0,0.0,0,0.001,26.9808,1.0,26.9818
2018-01-06 07:39:00,0.001,0.0,0.0,0.0,0.0,0.0,0.0,0.0,0.0,0,0.001,26.6459,1.0,26.646900000000002
2018-01-06 07:40:00,0.001,0.0,0.0,0.0,0.0,0.0,0.0,0.0,0.0,0,0.001,26.311,1.0,26.312
2018-01-06 07:41:00,0.001,0.0,0.0,0.0,0.0,0.0,0.0,0.0,0.0,0,0.001,26.4157,1.0,26.416700000000002
2018-01-06 07:42:00,0.001,0.0,0.0,0.0,0.0,0.0,0.0,0.0,0.0,0,0.001,26.5204,1.0,26.5214
2018-01-06 07:43:00,0.001,0.0,0.0,0.0,0.0,0.0,0.0,0.0,0.0,0,0.001,26.6251,1.0,26.6261
2018-01-06 07:44:00,0.001,0.0,0.0,0.0,0.0,0.0,0.0,0.0,0.0,0,0.001,26.7298,1.0,26.730800000000002
2018-01-06 07:45:00,0.001,0.0,0.0,0.0,0.0,0.0,0.0,0.0,0.0,0,0.001,26.8345,1.0,26.8355
2018-01-06 07:46:00,0.001,0.0,0.0,0.0,0.0,0.0,0.0,0.0,0.0,0,0.001,26.9392,1.0,26.9402
2018-01-06 07:47:00,0.001,0.0,0.0,0.0,0.0,0.0,0.0,0.0,0.0,0,0.001,27.0439,1.0,27.044900000000002
2018-01-06 07:48:00,0.001,0.0,0.0,0.0,0.0,0.0,0.0,0.0,0.0,0,0.001,27.148600000000002,1.0,27.149600000000003
2018-01-06 07:49:00,0.001,0.0,0.0,0.0,0.0,0.0,0.0,0.0,0.0,0,0.001,27.2533,1.0,27.2543
2018-01-06 07:50:00,0.001,0.0,0.0,0.0,0.0,0.0,0.0,0.0,0.0,0,0.001,27.358,1.0,27.359
2018-01-06 07:51:00,0.001,0.0,0.0,0.0,0.0,0.0,0.0,0.0,0.0,0,0.001,27.531,1.0,27.532
2018-01-06 07:52:00,0.001,0.0,0.0,0.0,0.0,0.0,0.0,0.0,0.0,0,0.001,27.704,1.0,27.705000000000002
2018-01-06 07:53:00,0.001,0.0,0.0,0.0,0.0,0.0,0.0,0.0,0.0,0,0.001,27.877000000000002,1.0,27.878000000000004
2018-01-06 07:54:00,0.001,0.0,0.0,0.0,0.0,0.0,0.0,0.0,0.0,0,0.001,28.05,1.0,28.051000000000002
2018-01-06 07:55:00,0.001,0.0,0.0,0.0,0.0,0.0,0.0,0.0,0.0,0,0.001,28.223,1.0,28.224
2018-01-06 07:56:00,0.001,0.0,0.0,0.0,0.0,0.0,0.0,0.0,0.0,0,0.001,28.396,1.0,28.397000000000002
2018-01-06 07:57:00,0.001,0.0,0.0,0.0,0.0,0.0,0.0,0.0,0.0,0,0.001,28.569000000000003,1.0,28.570000000000004
2018-01-06 07:58:00,0.001,0.0,0.0,0.0,0.0,0.0,0.0,0.0,0.0,0,0.001,28.742,1.0,28.743000000000002
2018-01-06 07:59:00,0.001,0.0,0.0,0.0,0.0,0.0,0.0,0.0,0.0,0,0.001,28.915,1.0,28.916
2018-01-06 08:00:00,0.001,0.0,0.0,0.0,0.0,0.0,0.0,0.0,0.0,0,0.001,29.088,1.0,29.089000000000002
2018-01-06 08:01:00,0.001,0.0,0.0,0.0,0.0,0.0,0.0,0.0,0.0,0,0.001,29.073700000000002,1.0,29.074700000000004
2018-01-06 08:02:00,0.0,0.0,0.0,0.0,0.0,0.0,0.0,0.0,0.0,0,0.0,29.0594,0.0,29.0594
2018-01-06 08:03:00,0.0,0.0,0.0,0.0,0.0,0.0,0.0,0.0,0.0,0,0.0,29.0451,0.0,29.0451
2018-01-06 08:04:00,0.0,0.0,0.0,0.0,0.0,0.0,0.0,0.0,0.0,0,0.0,29.0308,0.0,29.0308
2018-01-06 08:05:00,0.0,0.0,0.0,0.0,0.0,0.0,0.0,0.0,0.0,0,0.0,29.0165,0.0,29.0165
2018-01-06 08:06:00,0.0,0.0,0.0,0.0,0.0,0.0,0.0,0.0,0.0,0,0.0,29.002200000000002,0.0,29.002200000000002
2018-01-06 08:07:00,0.0,0.0,0.0,0.0,0.0,0.0,0.0,0.0,0.0,0,0.0,28.9879,0.0,28.9879
2018-01-06 08:08:00,0.0,0.0,0.0,0.0,0.0,0.0,0.0,0.0,0.0,0,0.0,28.9736,0.0,28.9736
2018-01-06 08:09:00,0.0,0.0,0.0,0.0,0.0,0.0,0.0,0.0,0.0,0,0.0,28.9593,0.0,28.9593
2018-01-06 08:10:00,0.0,0.0,0.0,0.0,0.0,0.0,0.0,0.0,0.0,0,0.0,28.945,0.0,28.945
2018-01-06 08:11:00,0.0,0.0,0.0,0.0,0.0,0.0,0.0,0.0,0.0,0,0.0,29.1865,0.0,29.1865
2018-01-06 08:12:00,0.0,0.0,0.0,0.0,0.0,0.0,0.0,0.0,0.0,0,0.0,29.428,0.0,29.428
2018-01-06 08:13:00,0.0,0.0,0.0,0.0,0.0,0.0,0.0,0.0,0.0,0,0.0,29.6695,0.0,29.6695
2018-01-06 08:14:00,0.0,0.0,0.0,0.0,0.0,0.0,0.0,0.0,0.0,0,0.0,29.911,0.0,29.911
2018-01-06 08:15:00,0.0,0.0,0.0,0.0,0.0,0.0,0.0,0.0,0.0,0,0.0,30.1525,0.0,30.1525
2018-01-06 08:16:00,0.0,0.0,0.0,0.0,0.0,0.0,0.0,0.0,0.0,0,0.0,30.394,0.0,30.394
2018-01-06 08:17:00,0.0,0.0,0.0,0.0,0.0,0.0,0.0,0.0,0.0,0,0.0,30.6355,0.0,30.6355
2018-01-06 08:18:00,0.0,0.0,0.0,0.0,0.0,0.0,0.0,0.0,0.0,0,0.0,30.877,0.0,30.877
2018-01-06 08:19:00,0.0,0.0,0.0,0.0,0.0,0.0,0.0,0.0,0.0,0,0.0,31.1185,0.0,31.1185
2018-01-06 08:20:00,0.0,0.0,0.0,0.0,0.0,0.0,0.0,0.0,0.0,0,0.0,31.36,0.0,31.36
2018-01-06 08:21:00,0.0,0.0,0.0,0.0,0.0,0.0,0.0,0.0,0.0,0,0.0,32.3058,0.0,32.3058
2018-01-06 08:22:00,0.0,0.0,0.0,0.0,0.0,0.0,0.0,0.0,0.0,0,0.0,33.251599999999996,0.0,33.251599999999996
2018-01-06 08:23:00,0.0,0.0,0.0,0.0,0.0,0.0,0.0,0.0,0.0,0,0.0,34.1974,0.0,34.1974
2018-01-06 08:24:00,0.0,0.0,0.0,0.0,0.0,0.0,0.0,0.0,0.0,0,0.0,35.1432,0.0,35.1432
2018-01-06 08:25:00,0.0,0.0,0.0,0.0,0.0,0.0,0.0,0.0,0.0,0,0.0,36.089,0.0,36.089
2018-01-06 08:26:00,0.0,0.0,0.0,0.0,0.0,0.0,0.0,0.0,0.0,0,0.0,37.0348,0.0,37.0348
2018-01-06 08:27:00,0.0,0.0,0.0,0.0,0.0,0.0,0.0,0.0,0.0,0,0.0,37.980599999999995,0.0,37.980599999999995
2018-01-06 08:28:00,0.0,0.0,0.0,0.0,0.0,0.0,0.0,0.0,0.0,0,0.0,38.9264,0.0,38.9264
2018-01-06 08:29:00,0.0,0.0,0.0,0.0,0.0,0.0,0.0,0.0,0.0,0,0.0,39.8722,0.0,39.8722
2018-01-06 08:30:00,0.0,0.0,0.0,0.0,0.0,0.0,0.0,0.0,0.0,0,0.0,40.818,0.0,40.818
2018-01-06 08:31:00,0.0,0.0,0.0,0.0,0.0,0.0,0.0,0.0,0.0,0,0.0,40.4227,0.0,40.4227
2018-01-06 08:32:00,0.0,0.0,0.0,0.0,0.0,0.0,0.0,0.0,0.0,0,0.0,40.0274,0.0,40.0274
2018-01-06 08:33:00,0.0,0.0,0.0,0.0,0.0,0.0,0.0,0.0,0.0,0,0.0,39.6321,0.0,39.6321
2018-01-06 08:34:00,0.0,0.0,0.0,0.0,0.0,0.0,0.0,0.0,0.0,0,0.0,39.2368,0.0,39.2368
2018-01-06 08:35:00,0.0,0.0,0.0,0.0,0.0,0.0,0.0,0.0,0.0,0,0.0,38.841499999999996,0.0,38.841499999999996
2018-01-06 08:36:00,0.0,0.0,0.0,0.0,0.0,0.0,0.0,0.0,0.0,0,0.0,38.4462,0.0,38.4462
2018-01-06 08:37:00,0.0,0.0,0.0,0.0,0.0,0.0,0.0,0.0,0.0,0,0.0,38.0509,0.0,38.0509
2018-01-06 08:38:00,0.0,0.0,0.0,0.0,0.0,0.0,0.0,0.0,0.0,0,0.0,37.6556,0.0,37.6556
2018-01-06 08:39:00,0.0,0.0,0.0,0.0,0.0,0.0,0.0,0.0,0.0,0,0.0,37.2603,0.0,37.2603
2018-01-06 08:40:00,0.0,0.0,0.0,0.0,0.0,0.0,0.0,0.0,0.0,0,0.0,36.865,0.0,36.865
2018-01-06 08:41:00,0.0,0.0,0.0,0.0,0.0,0.0,0.0,0.0,0.0,0,0.0,37.3318,0.0,37.3318
2018-01-06 08:42:00,0.0,0.0,0.0,0.0,0.0,0.0,0.0,0.0,0.0,0,0.0,37.7986,0.0,37.7986
2018-01-06 08:43:00,0.0,0.0,0.0,0.0,0.0,0.0,0.0,0.0,0.0,0,0.0,38.2654,0.0,38.2654
2018-01-06 08:44:00,0.001,0.0,0.0,0.0,0.0,0.0,0.0,0.0,0.0,0,0.001,38.7322,1.0,38.7332
2018-01-06 08:45:00,0.001,0.0,0.0,0.0,0.0,0.0,0.0,0.0,0.0,0,0.001,39.199,1.0,39.199999999999996
2018-01-06 08:46:00,0.001,0.0,0.0,0.0,0.0,0.0,0.0,0.0,0.0,0,0.001,39.665800000000004,1.0,39.6668
2018-01-06 08:47:00,0.001,0.0,0.0,0.0,0.0,0.0,0.0,0.0,0.0,0,0.001,40.132600000000004,1.0,40.1336
2018-01-06 08:48:00,0.001,0.0,0.0,0.0,0.0,0.0,0.0,0.0,0.0,0,0.001,40.5994,1.0,40.6004
2018-01-06 08:49:00,0.001,0.0,0.0,0.0,0.0,0.0,0.0,0.0,0.0,0,0.001,41.0662,1.0,41.0672
2018-01-06 08:50:00,0.001,0.0,0.0,0.0,0.0,0.0,0.0,0.0,0.0,0,0.001,41.533,1.0,41.534
2018-01-06 08:51:00,0.001,0.0,0.0,0.0,0.0,0.0,0.0,0.0,0.0,0,0.001,41.5623,1.0,41.5633
2018-01-06 08:52:00,0.001,0.0,0.0,0.0,0.0,0.0,0.0,0.0,0.0,0,0.001,41.5916,1.0,41.5926
2018-01-06 08:53:00,0.001,0.0,0.0,0.0,0.0,0.0,0.0,0.0,0.0,0,0.001,41.6209,1.0,41.6219
2018-01-06 08:54:00,0.001,0.0,0.0,0.0,0.0,0.0,0.0,0.0,0.0,0,0.001,41.6502,1.0,41.651199999999996
2018-01-06 08:55:00,0.001,0.0,0.0,0.0,0.0,0.0,0.0,0.0,0.0,0,0.001,41.679500000000004,1.0,41.6805
2018-01-06 08:56:00,0.001,0.0,0.0,0.0,0.0,0.0,0.0,0.0,0.0,0,0.001,41.708800000000004,1.0,41.7098
2018-01-06 08:57:00,0.001,0.0,0.0,0.0,0.0,0.0,0.0,0.0,0.0,0,0.001,41.7381,1.0,41.7391
2018-01-06 08:58:00,0.001,0.0,0.0,0.0,0.0,0.0,0.0,0.0,0.0,0,0.001,41.7674,1.0,41.7684
2018-01-06 08:59:00,0.001,0.0,0.0,0.0,0.0,0.0,0.0,0.0,0.0,0,0.001,41.7967,1.0,41.7977
2018-01-06 09:00:00,0.001,0.0,0.0,0.0,0.0,0.0,0.0,0.0,0.0,0,0.001,41.826,1.0,41.827
2018-01-06 09:01:00,0.001,0.0,0.0,0.0,0.0,0.0,0.0,0.0,0.0,0,0.001,42.2558,1.0,42.2568
2018-01-06 09:02:00,0.001,0.0,0.0,0.0,0.0,0.0,0.0,0.0,0.0,0,0.001,42.6856,1.0,42.6866
2018-01-06 09:03:00,0.001,0.0,0.0,0.0,0.0,0.0,0.0,0.0,0.0,0,0.001,43.1154,1.0,43.1164
2018-01-06 09:04:00,0.001,0.0,0.0,0.0,0.0,0.0,0.0,0.0,0.0,0,0.001,43.5452,1.0,43.5462
2018-01-06 09:05:00,0.001,0.0,0.0,0.0,0.0,0.0,0.0,0.0,0.0,0,0.001,43.975,1.0,43.976
2018-01-06 09:06:00,0.001,0.0,0.0,0.0,0.0,0.0,0.0,0.0,0.0,0,0.001,44.4048,1.0,44.4058
2018-01-06 09:07:00,0.001,0.0,0.0,0.0,0.0,0.0,0.0,0.0,0.0,0,0.001,44.8346,1.0,44.8356
2018-01-06 09:08:00,0.001,0.0,0.0,0.0,0.0,0.0,0.0,0.0,0.0,0,0.001,45.2644,1.0,45.2654
2018-01-06 09:09:00,0.001,0.0,0.0,0.0,0.0,0.0,0.0,0.0,0.0,0,0.001,45.6942,1.0,45.6952
2018-01-06 09:10:00,0.001,0.001,0.0,0.0,0.0,0.0,0.0,0.0,0.0,0,0.002,46.124,2.0,46.126000000000005
2018-01-06 09:11:00,0.001,0.001,0.0,0.0,0.0,0.0,0.0,0.0,0.0,0,0.002,45.850300000000004,2.0,45.85230000000001
2018-01-06 09:12:00,0.001,0.001,0.0,0.0,0.0,0.0,0.0,0.0,0.0,0,0.002,45.5766,2.0,45.5786
2018-01-06 09:13:00,0.001,0.001,0.0,0.0,0.0,0.0,0.0,0.0,0.0,0,0.002,45.3029,2.0,45.3049
2018-01-06 09:14:00,0.001,0.001,0.0,0.0,0.0,0.0,0.0,0.0,0.0,0,0.002,45.0292,2.0,45.031200000000005
2018-01-06 09:15:00,0.001,0.001,0.0,0.0,0.0,0.0,0.0,0.0,0.0,0,0.002,44.7555,2.0,44.7575
2018-01-06 09:16:00,0.001,0.001,0.0,0.0,0.0,0.0,0.0,0.0,0.0,0,0.002,44.4818,2.0,44.4838
2018-01-06 09:17:00,0.001,0.001,0.001,0.0,0.0,0.0,0.0,0.0,0.0,0,0.003,44.2081,3.0,44.2111
2018-01-06 09:18:00,0.001,0.001,0.001,0.0,0.0,0.0,0.0,0.0,0.0,0,0.003,43.934400000000004,3.0,43.937400000000004
2018-01-06 09:19:00,0.001,0.001,0.001,0.0,0.0,0.0,0.0,0.0,0.0,0,0.003,43.6607,3.0,43.6637
2018-01-06 09:20:00,0.001,0.001,0.001,0.0,0.0,0.0,0.0,0.0,0.0,0,0.003,43.387,3.0,43.39
2018-01-06 09:21:00,0.001,0.001,0.001,0.0,0.0,0.0,0.0,0.0,0.0,0,0.003,43.4602,3.0,43.4632
2018-01-06 09:22:00,0.001,0.001,0.001,0.0,0.0,0.0,0.0,0.0,0.0,0,0.003,43.5334,3.0,43.5364
2018-01-06 09:23:00,0.001,0.001,0.001,0.0,0.0,0.0,0.0,0.0,0.0,0,0.003,43.6066,3.0,43.6096
2018-01-06 09:24:00,0.001,0.001,0.001,0.0,0.0,0.0,0.0,0.0,0.0,0,0.003,43.6798,3.0,43.6828
2018-01-06 09:25:00,0.001,0.001,0.001,0.0,0.0,0.0,0.0,0.0,0.0,0,0.003,43.753,3.0,43.756
2018-01-06 09:26:00,0.001,0.001,0.001,0.0,0.0,0.0,0.0,0.0,0.0,0,0.003,43.8262,3.0,43.8292
2018-01-06 09:27:00,0.001,0.001,0.001,0.0,0.0,0.0,0.0,0.0,0.0,0,0.003,43.8994,3.0,43.9024
2018-01-06 09:28:00,0.001,0.001,0.001,0.0,0.0,0.0,0.0,0.0,0.0,0,0.003,43.9726,3.0,43.9756
2018-01-06 09:29:00,0.001,0.001,0.001,0.0,0.0,0.0,0.0,0.0,0.0,0,0.003,44.0458,3.0,44.0488
2018-01-06 09:30:00,0.001,0.001,0.001,0.0,0.0,0.0,0.0,0.0,0.0,0,0.003,44.119,3.0,44.122
2018-01-06 09:31:00,0.001,0.001,0.001,0.0,0.0,0.0,0.0,0.0,0.0,0,0.003,43.930099999999996,3.0,43.933099999999996
2018-01-06 09:32:00,0.001,0.001,0.001,0.0,0.0,0.0,0.0,0.0,0.0,0,0.003,43.7412,3.0,43.7442
2018-01-06 09:33:00,0.001,0.001,0.001,0.0,0.0,0.0,0.0,0.0,0.0,0,0.003,43.5523,3.0,43.5553
2018-01-06 09:34:00,0.001,0.001,0.001,0.0,0.0,0.0,0.0,0.0,0.0,0,0.003,43.3634,3.0,43.3664
2018-01-06 09:35:00,0.001,0.001,0.001,0.0,0.0,0.0,0.0,0.0,0.0,0,0.003,43.174499999999995,3.0,43.177499999999995
2018-01-06 09:36:00,0.001,0.001,0.001,0.0,0.0,0.0,0.0,0.0,0.0,0,0.003,42.9856,3.0,42.9886
2018-01-06 09:37:00,0.001,0.001,0.001,0.0,0.0,0.0,0.0,0.0,0.0,0,0.003,42.7967,3.0,42.7997
2018-01-06 09:38:00,0.001,0.001,0.001,0.0,0.0,0.0,0.0,0.0,0.0,0,0.003,42.6078,3.0,42.6108
2018-01-06 09:39:00,0.001,0.001,0.001,0.0,0.0,0.0,0.0,0.0,0.0,0,0.003,42.418899999999994,3.0,42.421899999999994
2018-01-06 09:40:00,0.001,0.001,0.001,0.0,0.0,0.0,0.0,0.0,0.0,0,0.003,42.23,3.0,42.233
2018-01-06 09:41:00,0.001,0.001,0.001,0.0,0.0,0.0,0.0,0.0,0.0,0,0.003,42.233,3.0,42.236
2018-01-06 09:42:00,0.001,0.001,0.001,0.0,0.0,0.0,0.0,0.0,0.0,0,0.003,42.236,3.0,42.239
2018-01-06 09:43:00,0.001,0.001,0.001,0.0,0.0,0.0,0.0,0.0,0.0,0,0.003,42.239,3.0,42.242
2018-01-06 09:44:00,0.001,0.001,0.001,0.001,0.0,0.0,0.0,0.0,0.0,0,0.004,42.242,4.0,42.245999999999995
2018-01-06 09:45:00,0.0,0.001,0.001,0.001,0.0,0.0,0.0,0.0,0.0,0,0.003,42.245,3.0,42.248
2018-01-06 09:46:00,0.0,0.001,0.001,0.001,0.0,0.0,0.0,0.0,0.0,0,0.003,42.248,3.0,42.251
2018-01-06 09:47:00,0.0,0.001,0.001,0.001,0.0,0.0,0.0,0.0,0.0,0,0.003,42.251,3.0,42.254
2018-01-06 09:48:00,0.001,0.001,0.001,0.001,0.0,0.0,0.0,0.0,0.0,0,0.004,42.254,4.0,42.257999999999996
2018-01-06 09:49:00,0.001,0.001,0.001,0.001,0.0,0.0,0.0,0.0,0.0,0,0.004,42.257,4.0,42.260999999999996
2018-01-06 09:50:00,0.001,0.001,0.001,0.001,0.0,0.0,0.0,0.0,0.0,0,0.004,42.26,4.0,42.263999999999996
2018-01-06 09:51:00,0.001,0.001,0.001,0.001,0.0,0.0,0.0,0.0,0.0,0,0.004,42.550399999999996,4.0,42.554399999999994
2018-01-06 09:52:00,0.001,0.001,0.001,0.001,0.0,0.0,0.0,0.0,0.0,0,0.004,42.8408,4.0,42.8448
2018-01-06 09:53:00,0.001,0.001,0.001,0.001,0.0,0.0,0.0,0.0,0.0,0,0.004,43.1312,4.0,43.1352
2018-01-06 09:54:00,0.001,0.001,0.001,0.001,0.0,0.0,0.0,0.0,0.0,0,0.004,43.4216,4.0,43.425599999999996
2018-01-06 09:55:00,0.001,0.001,0.001,0.001,0.0,0.0,0.0,0.0,0.0,0,0.004,43.712,4.0,43.716
2018-01-06 09:56:00,0.001,0.001,0.001,0.001,0.0,0.0,0.0,0.0,0.0,0,0.004,44.0024,4.0,44.0064
2018-01-06 09:57:00,0.001,0.001,0.001,0.001,0.0,0.0,0.0,0.0,0.0,0,0.004,44.2928,4.0,44.2968
2018-01-06 09:58:00,0.001,0.001,0.001,0.001,0.0,0.0,0.0,0.0,0.0,0,0.004,44.5832,4.0,44.587199999999996
2018-01-06 09:59:00,0.001,0.001,0.001,0.001,0.0,0.0,0.0,0.0,0.0,0,0.004,44.8736,4.0,44.8776
2018-01-06 10:00:00,0.001,0.001,0.001,0.001,0.0,0.0,0.0,0.0,0.0,0,0.004,45.164,4.0,45.168
2018-01-06 10:01:00,0.001,0.001,0.001,0.001,0.0,0.0,0.0,0.0,0.0,0,0.004,45.0509,4.0,45.054899999999996
2018-01-06 10:02:00,0.001,0.001,0.001,0.001,0.0,0.0,0.0,0.0,0.0,0,0.004,44.9378,4.0,44.9418
2018-01-06 10:03:00,0.001,0.001,0.001,0.001,0.0,0.0,0.0,0.0,0.0,0,0.004,44.8247,4.0,44.8287
2018-01-06 10:04:00,0.001,0.001,0.001,0.001,0.0,0.0,0.0,0.0,0.0,0,0.004,44.711600000000004,4.0,44.7156
2018-01-06 10:05:00,0.001,0.001,0.001,0.001,0.0,0.0,0.0,0.0,0.0,0,0.004,44.5985,4.0,44.6025
2018-01-06 10:06:00,0.001,0.001,0.001,0.001,0.0,0.0,0.0,0.0,0.0,0,0.004,44.4854,4.0,44.489399999999996
2018-01-06 10:07:00,0.001,0.001,0.001,0.001,0.0,0.0,0.0,0.0,0.0,0,0.004,44.3723,4.0,44.3763
2018-01-06 10:08:00,0.001,0.001,0.001,0.001,0.0,0.0,0.0,0.0,0.0,0,0.004,44.2592,4.0,44.2632
2018-01-06 10:09:00,0.001,0.001,0.001,0.001,0.0,0.0,0.0,0.0,0.0,0,0.004,44.146100000000004,4.0,44.1501
2018-01-06 10:10:00,0.001,0.001,0.001,0.001,0.0,0.0,0.0,0.0,0.0,0,0.004,44.033,4.0,44.037
2018-01-06 10:11:00,0.001,0.0,0.001,0.001,0.0,0.0,0.0,0.0,0.0,0,0.003,43.8118,3.0,43.8148
2018-01-06 10:12:00,0.001,0.0,0.001,0.001,0.0,0.0,0.0,0.0,0.0,0,0.003,43.5906,3.0,43.5936
2018-01-06 10:13:00,0.001,0.0,0.001,0.001,0.0,0.0,0.0,0.0,0.0,0,0.003,43.3694,3.0,43.3724
2018-01-06 10:14:00,0.001,0.0,0.001,0.001,0.0,0.0,0.0,0.0,0.0,0,0.003,43.1482,3.0,43.1512
2018-01-06 10:15:00,0.001,0.0,0.001,0.001,0.0,0.0,0.0,0.0,0.0,0,0.003,42.927,3.0,42.93
2018-01-06 10:16:00,0.001,0.0,0.001,0.001,0.0,0.0,0.0,0.0,0.0,0,0.003,42.705799999999996,3.0,42.7088
2018-01-06 10:17:00,0.001,0.0,0.001,0.001,0.0,0.0,0.0,0.0,0.0,0,0.003,42.4846,3.0,42.4876
2018-01-06 10:18:00,0.001,0.0,0.0,0.001,0.0,0.0,0.0,0.0,0.0,0,0.002,42.2634,2.0,42.2654
2018-01-06 10:19:00,0.001,0.0,0.0,0.001,0.0,0.0,0.0,0.0,0.0,0,0.002,42.0422,2.0,42.044200000000004
2018-01-06 10:20:00,0.001,0.0,0.0,0.001,0.0,0.0,0.0,0.0,0.0,0,0.002,41.821,2.0,41.823
2018-01-06 10:21:00,0.001,0.0,0.0,0.001,0.0,0.0,0.0,0.0,0.0,0,0.002,42.165499999999994,2.0,42.1675
2018-01-06 10:22:00,0.001,0.0,0.0,0.001,0.0,0.0,0.0,0.0,0.0,0,0.002,42.51,2.0,42.512
2018-01-06 10:23:00,0.001,0.0,0.0,0.001,0.0,0.0,0.0,0.0,0.0,0,0.002,42.8545,2.0,42.856500000000004
2018-01-06 10:24:00,0.001,0.0,0.0,0.001,0.0,0.0,0.0,0.0,0.0,0,0.002,43.199,2.0,43.201
2018-01-06 10:25:00,0.001,0.001,0.0,0.001,0.0,0.0,0.0,0.0,0.0,0,0.003,43.543499999999995,3.0,43.546499999999995
2018-01-06 10:26:00,0.001,0.001,0.0,0.001,0.0,0.0,0.0,0.0,0.0,0,0.003,43.888,3.0,43.891
2018-01-06 10:27:00,0.001,0.001,0.0,0.001,0.0,0.0,0.0,0.0,0.0,0,0.003,44.2325,3.0,44.2355
2018-01-06 10:28:00,0.001,0.001,0.0,0.001,0.0,0.0,0.0,0.0,0.0,0,0.003,44.577,3.0,44.58
2018-01-06 10:29:00,0.001,0.001,0.0,0.001,0.0,0.0,0.0,0.0,0.0,0,0.003,44.921499999999995,3.0,44.924499999999995
2018-01-06 10:30:00,0.001,0.001,0.0,0.001,0.0,0.0,0.0,0.0,0.0,0,0.003,45.266,3.0,45.269
2018-01-06 10:31:00,0.001,0.001,0.0,0.001,0.0,0.0,0.0,0.0,0.0,0,0.003,45.3029,3.0,45.3059
2018-01-06 10:32:00,0.001,0.001,0.0,0.001,0.0,0.0,0.0,0.0,0.0,0,0.003,45.3398,3.0,45.3428
2018-01-06 10:33:00,0.001,0.001,0.0,0.001,0.0,0.0,0.0,0.0,0.0,0,0.003,45.3767,3.0,45.3797
2018-01-06 10:34:00,0.001,0.001,0.0,0.001,0.0,0.0,0.0,0.0,0.0,0,0.003,45.413599999999995,3.0,45.416599999999995
2018-01-06 10:35:00,0.001,0.001,0.0,0.001,0.0,0.0,0.0,0.0,0.0,0,0.003,45.4505,3.0,45.4535
2018-01-06 10:36:00,0.001,0.001,0.0,0.001,0.0,0.0,0.0,0.0,0.0,0,0.003,45.4874,3.0,45.4904
2018-01-06 10:37:00,0.001,0.001,0.0,0.001,0.0,0.0,0.0,0.0,0.0,0,0.003,45.5243,3.0,45.5273
2018-01-06 10:38:00,0.001,0.001,0.0,0.001,0.0,0.0,0.0,0.0,0.0,0,0.003,45.5612,3.0,45.5642
2018-01-06 10:39:00,0.001,0.001,0.0,0.001,0.0,0.0,0.0,0.0,0.0,0,0.003,45.598099999999995,3.0,45.601099999999995
2018-01-06 10:40:00,0.001,0.001,0.0,0.001,0.0,0.0,0.0,0.0,0.0,0,0.003,45.635,3.0,45.638
2018-01-06 10:41:00,0.001,0.001,0.0,0.001,0.0,0.0,0.0,0.0,0.0,0,0.003,45.788599999999995,3.0,45.791599999999995
2018-01-06 10:42:00,0.001,0.001,0.0,0.001,0.0,0.0,0.0,0.0,0.0,0,0.003,45.9422,3.0,45.9452
2018-01-06 10:43:00,0.001,0.001,0.0,0.001,0.0,0.0,0.0,0.0,0.0,0,0.003,46.0958,3.0,46.0988
2018-01-06 10:44:00,0.001,0.001,0.0,0.001,0.0,0.0,0.0,0.0,0.0,0,0.003,46.2494,3.0,46.2524
2018-01-06 10:45:00,0.001,0.001,0.0,0.0,0.0,0.0,0.0,0.0,0.0,0,0.002,46.403,2.0,46.405
2018-01-06 10:46:00,0.001,0.001,0.0,0.0,0.0,0.0,0.0,0.0,0.0,0,0.002,46.556599999999996,2.0,46.5586
2018-01-06 10:47:00,0.001,0.001,0.0,0.0,0.0,0.0,0.0,0.0,0.0,0,0.002,46.7102,2.0,46.7122
2018-01-06 10:48:00,0.001,0.001,0.0,0.0,0.0,0.0,0.0,0.0,0.0,0,0.002,46.8638,2.0,46.8658
2018-01-06 10:49:00,0.0,0.001,0.0,0.0,0.0,0.0,0.0,0.0,0.0,0,0.001,47.0174,1.0,47.0184
2018-01-06 10:50:00,0.0,0.001,0.0,0.0,0.0,0.0,0.0,0.0,0.0,0,0.001,47.171,1.0,47.172
2018-01-06 10:51:00,0.0,0.001,0.0,0.0,0.0,0.0,0.0,0.0,0.0,0,0.001,47.4971,1.0,47.4981
2018-01-06 10:52:00,0.0,0.001,0.0,0.0,0.0,0.0,0.0,0.0,0.0,0,0.001,47.8232,1.0,47.8242
2018-01-06 10:53:00,0.0,0.001,0.0,0.0,0.0,0.0,0.0,0.0,0.0,0,0.001,48.1493,1.0,48.150299999999994
2018-01-06 10:54:00,0.0,0.001,0.0,0.0,0.0,0.0,0.0,0.0,0.0,0,0.001,48.4754,1.0,48.4764
2018-01-06 10:55:00,0.0,0.001,0.0,0.0,0.0,0.0,0.0,0.0,0.0,0,0.001,48.801500000000004,1.0,48.8025
2018-01-06 10:56:00,0.0,0.001,0.0,0.0,0.0,0.0,0.0,0.0,0.0,0,0.001,49.1276,1.0,49.1286
2018-01-06 10:57:00,0.0,0.001,0.0,0.0,0.0,0.0,0.0,0.0,0.0,0,0.001,49.4537,1.0,49.454699999999995
2018-01-06 10:58:00,0.0,0.001,0.0,0.0,0.0,0.0,0.0,0.0,0.0,0,0.001,49.7798,1.0,49.7808
2018-01-06 10:59:00,0.0,0.001,0.0,0.0,0.0,0.0,0.0,0.0,0.0,0,0.001,50.105900000000005,1.0,50.1069
2018-01-06 11:00:00,0.0,0.001,0.0,0.0,0.0,0.0,0.0,0.0,0.0,0,0.001,50.432,1.0,50.433
2018-01-06 11:01:00,0.0,0.001,0.0,0.0,0.0,0.0,0.0,0.0,0.0,0,0.001,50.3133,1.0,50.314299999999996
2018-01-06 11:02:00,0.0,0.001,0.0,0.0,0.0,0.0,0.0,0.0,0.0,0,0.001,50.1946,1.0,50.1956
2018-01-06 11:03:00,0.0,0.001,0.0,0.0,0.0,0.0,0.0,0.0,0.0,0,0.001,50.075900000000004,1.0,50.0769
2018-01-06 11:04:00,0.0,0.001,0.0,0.0,0.0,0.0,0.0,0.0,0.0,0,0.001,49.9572,1.0,49.9582
2018-01-06 11:05:00,0.0,0.001,0.0,0.0,0.0,0.0,0.0,0.0,0.0,0,0.001,49.838499999999996,1.0,49.839499999999994
2018-01-06 11:06:00,0.0,0.001,0.0,0.0,0.0,0.0,0.0,0.0,0.0,0,0.001,49.7198,1.0,49.7208
2018-01-06 11:07:00,0.0,0.001,0.0,0.0,0.0,0.0,0.0,0.0,0.0,0,0.001,49.6011,1.0,49.6021
2018-01-06 11:08:00,0.0,0.001,0.0,0.0,0.0,0.0,0.0,0.0,0.0,0,0.001,49.4824,1.0,49.483399999999996
2018-01-06 11:09:00,0.0,0.001,0.0,0.0,0.0,0.0,0.0,0.0,0.0,0,0.001,49.363699999999994,1.0,49.36469999999999
2018-01-06 11:10:00,0.0,0.001,0.0,0.0,0.0,0.0,0.0,0.0,0.0,0,0.001,49.245,1.0,49.245999999999995
2018-01-06 11:11:00,0.0,0.001,0.0,0.0,0.0,0.0,0.0,0.0,0.0,0,0.001,49.527499999999996,1.0,49.528499999999994
2018-01-06 11:12:00,0.0,0.001,0.0,0.0,0.0,0.0,0.0,0.0,0.0,0,0.001,49.809999999999995,1.0,49.81099999999999
2018-01-06 11:13:00,0.0,0.001,0.0,0.0,0.0,0.0,0.0,0.0,0.0,0,0.001,50.0925,1.0,50.0935
2018-01-06 11:14:00,0.0,0.001,0.0,0.0,0.0,0.0,0.0,0.0,0.0,0,0.001,50.375,1.0,50.376
2018-01-06 11:15:00,0.0,0.001,0.0,0.0,0.0,0.0,0.0,0.0,0.0,0,0.001,50.6575,1.0,50.6585
2018-01-06 11:16:00,0.0,0.001,0.0,0.0,0.0,0.0,0.0,0.0,0.0,0,0.001,50.94,1.0,50.940999999999995
2018-01-06 11:17:00,0.0,0.001,0.0,0.0,0.0,0.0,0.0,0.0,0.0,0,0.001,51.2225,1.0,51.223499999999994
2018-01-06 11:18:00,0.0,0.001,0.0,0.0,0.0,0.0,0.0,0.0,0.0,0,0.001,51.505,1.0,51.506
2018-01-06 11:19:00,0.0,0.001,0.0,0.0,0.0,0.0,0.0,0.0,0.0,0,0.001,51.7875,1.0,51.7885
2018-01-06 11:20:00,0.0,0.001,0.0,0.0,0.0,0.0,0.0,0.0,0.0,0,0.001,52.07,1.0,52.071
2018-01-06 11:21:00,0.0,0.001,0.0,0.0,0.0,0.0,0.0,0.0,0.0,0,0.001,51.989,1.0,51.989999999999995
2018-01-06 11:22:00,0.0,0.001,0.0,0.0,0.0,0.0,0.0,0.0,0.0,0,0.001,51.908,1.0,51.909
2018-01-06 11:23:00,0.0,0.001,0.0,0.0,0.0,0.0,0.0,0.0,0.0,0,0.001,51.827,1.0,51.827999999999996
2018-01-06 11:24:00,0.0,0.001,0.0,0.0,0.0,0.0,0.0,0.0,0.0,0,0.001,51.746,1.0,51.747
2018-01-06 11:25:00,0.0,0.001,0.0,0.0,0.0,0.0,0.0,0.0,0.0,0,0.001,51.665,1.0,51.666
2018-01-06 11:26:00,0.0,0.0,0.0,0.0,0.0,0.0,0.0,0.0,0.0,0,0.0,51.583999999999996,0.0,51.583999999999996
2018-01-06 11:27:00,0.0,0.0,0.0,0.0,0.0,0.0,0.0,0.0,0.0,0,0.0,51.503,0.0,51.503
2018-01-06 11:28:00,0.001,0.0,0.0,0.0,0.0,0.0,0.0,0.0,0.0,0,0.001,51.422,1.0,51.422999999999995
2018-01-06 11:29:00,0.001,0.0,0.0,0.0,0.0,0.0,0.0,0.0,0.0,0,0.001,51.341,1.0,51.342
2018-01-06 11:30:00,0.001,0.0,0.0,0.0,0.0,0.0,0.0,0.0,0.0,0,0.001,51.26,1.0,51.260999999999996
2018-01-06 11:31:00,0.001,0.0,0.0,0.0,0.0,0.0,0.0,0.0,0.0,0,0.001,50.7566,1.0,50.7576
2018-01-06 11:32:00,0.001,0.0,0.0,0.0,0.0,0.0,0.0,0.0,0.0,0,0.001,50.2532,1.0,50.2542
2018-01-06 11:33:00,0.001,0.0,0.0,0.0,0.0,0.0,0.0,0.0,0.0,0,0.001,49.7498,1.0,49.7508
2018-01-06 11:34:00,0.001,0.0,0.0,0.0,0.0,0.0,0.0,0.0,0.0,0,0.001,49.2464,1.0,49.2474
2018-01-06 11:35:00,0.001,0.0,0.0,0.0,0.0,0.0,0.0,0.0,0.0,0,0.001,48.742999999999995,1.0,48.74399999999999
2018-01-06 11:36:00,0.001,0.0,0.0,0.0,0.0,0.0,0.0,0.0,0.0,0,0.001,48.239599999999996,1.0,48.24059999999999
2018-01-06 11:37:00,0.001,0.0,0.0,0.0,0.0,0.0,0.0,0.0,0.0,0,0.001,47.7362,1.0,47.737199999999994
2018-01-06 11:38:00,0.001,0.0,0.0,0.0,0.0,0.0,0.0,0.0,0.0,0,0.001,47.2328,1.0,47.233799999999995
2018-01-06 11:39:00,0.001,0.0,0.0,0.0,0.0,0.0,0.0,0.0,0.0,0,0.001,46.7294,1.0,46.730399999999996
2018-01-06 11:40:00,0.001,0.0,0.0,0.0,0.0,0.0,0.0,0.0,0.0,0,0.001,46.226,1.0,46.227
2018-01-06 11:41:00,0.001,0.0,0.0,0.0,0.0,0.0,0.0,0.0,0.0,0,0.001,46.4823,1.0,46.4833
2018-01-06 11:42:00,0.001,0.0,0.0,0.0,0.0,0.0,0.0,0.0,0.0,0,0.001,46.7386,1.0,46.739599999999996
2018-01-06 11:43:00,0.001,0.001,0.0,0.0,0.0,0.0,0.0,0.0,0.0,0,0.002,46.9949,2.0,46.996900000000004
2018-01-06 11:44:00,0.001,0.001,0.0,0.0,0.0,0.0,0.0,0.0,0.0,0,0.002,47.2512,2.0,47.2532
2018-01-06 11:45:00,0.001,0.001,0.0,0.0,0.0,0.0,0.0,0.0,0.0,0,0.002,47.5075,2.0,47.5095
2018-01-06 11:46:00,0.001,0.001,0.0,0.0,0.0,0.0,0.0,0.0,0.0,0,0.002,47.7638,2.0,47.765800000000006
2018-01-06 11:47:00,0.001,0.001,0.0,0.0,0.0,0.0,0.0,0.0,0.0,0,0.002,48.0201,2.0,48.0221
2018-01-06 11:48:00,0.001,0.001,0.0,0.0,0.0,0.0,0.0,0.0,0.0,0,0.002,48.2764,2.0,48.278400000000005
2018-01-06 11:49:00,0.001,0.001,0.0,0.0,0.0,0.0,0.0,0.0,0.0,0,0.002,48.5327,2.0,48.5347
2018-01-06 11:50:00,0.001,0.001,0.0,0.0,0.0,0.0,0.0,0.0,0.0,0,0.002,48.789,2.0,48.791000000000004
2018-01-06 11:51:00,0.001,0.001,0.0,0.0,0.0,0.0,0.0,0.0,0.0,0,0.002,48.502900000000004,2.0,48.504900000000006
2018-01-06 11:52:00,0.001,0.001,0.0,0.0,0.0,0.0,0.0,0.0,0.0,0,0.002,48.2168,2.0,48.2188
2018-01-06 11:53:00,0.001,0.001,0.0,0.0,0.0,0.0,0.0,0.0,0.0,0,0.002,47.9307,2.0,47.932700000000004
2018-01-06 11:54:00,0.001,0.001,0.0,0.0,0.0,0.0,0.0,0.0,0.0,0,0.002,47.6446,2.0,47.6466
2018-01-06 11:55:00,0.001,0.001,0.0,0.0,0.0,0.0,0.0,0.0,0.0,0,0.002,47.3585,2.0,47.3605
2018-01-06 11:56:00,0.001,0.001,0.0,0.0,0.0,0.0,0.0,0.0,0.0,0,0.002,47.0724,2.0,47.074400000000004
2018-01-06 11:57:00,0.001,0.001,0.0,0.0,0.0,0.0,0.0,0.0,0.0,0,0.002,46.7863,2.0,46.7883
2018-01-06 11:58:00,0.001,0.001,0.0,0.0,0.0,0.0,0.0,0.0,0.0,0,0.002,46.5002,2.0,46.5022
2018-01-06 11:59:00,0.001,0.001,0.0,0.0,0.0,0.0,0.0,0.0,0.0,0,0.002,46.214099999999995,2.0,46.2161
2018-01-06 12:00:00,0.001,0.001,0.0,0.0,0.0,0.0,0.0,0.0,0.0,0,0.002,45.928,2.0,45.93
2018-01-06 12:01:00,0.001,0.001,0.0,0.0,0.0,0.0,0.0,0.0,0.0,0,0.002,45.9952,2.0,45.9972
2018-01-06 12:02:00,0.001,0.001,0.0,0.0,0.0,0.0,0.0,0.0,0.0,0,0.002,46.0624,2.0,46.0644
2018-01-06 12:03:00,0.001,0.001,0.0,0.0,0.0,0.0,0.0,0.0,0.0,0,0.002,46.129599999999996,2.0,46.1316
2018-01-06 12:04:00,0.001,0.001,0.0,0.0,0.0,0.0,0.0,0.0,0.0,0,0.002,46.196799999999996,2.0,46.1988
2018-01-06 12:05:00,0.001,0.001,0.0,0.0,0.0,0.0,0.0,0.0,0.0,0,0.002,46.263999999999996,2.0,46.266
2018-01-06 12:06:00,0.001,0.001,0.0,0.0,0.0,0.0,0.0,0.0,0.0,0,0.002,46.3312,2.0,46.333200000000005
2018-01-06 12:07:00,0.001,0.001,0.0,0.0,0.0,0.0,0.0,0.0,0.0,0,0.002,46.3984,2.0,46.400400000000005
2018-01-06 12:08:00,0.001,0.001,0.0,0.0,0.0,0.0,0.0,0.0,0.0,0,0.002,46.4656,2.0,46.467600000000004
2018-01-06 12:09:00,0.001,0.001,0.0,0.0,0.0,0.0,0.0,0.0,0.0,0,0.002,46.5328,2.0,46.534800000000004
2018-01-06 12:10:00,0.001,0.001,0.0,0.0,0.0,0.0,0.0,0.0,0.0,0,0.002,46.6,2.0,46.602000000000004
2018-01-06 12:11:00,0.001,0.001,0.0,0.0,0.0,0.0,0.0,0.0,0.0,0,0.002,46.4397,2.0,46.441700000000004
2018-01-06 12:12:00,0.001,0.001,0.0,0.0,0.0,0.0,0.0,0.0,0.0,0,0.002,46.2794,2.0,46.281400000000005
2018-01-06 12:13:00,0.001,0.001,0.0,0.0,0.0,0.0,0.0,0.0,0.0,0,0.002,46.1191,2.0,46.121100000000006
2018-01-06 12:14:00,0.001,0.001,0.0,0.0,0.0,0.0,0.0,0.0,0.0,0,0.002,45.958800000000004,2.0,45.960800000000006
2018-01-06 12:15:00,0.001,0.001,0.0,0.0,0.0,0.0,0.0,0.0,0.0,0,0.002,45.798500000000004,2.0,45.80050000000001
2018-01-06 12:16:00,0.001,0.001,0.0,0.0,0.0,0.0,0.0,0.0,0.0,0,0.002,45.6382,2.0,45.6402
2018-01-06 12:17:00,0.001,0.001,0.0,0.0,0.0,0.0,0.0,0.0,0.0,0,0.002,45.4779,2.0,45.4799
2018-01-06 12:18:00,0.001,0.001,0.0,0.0,0.0,0.0,0.0,0.0,0.0,0,0.002,45.3176,2.0,45.3196
2018-01-06 12:19:00,0.001,0.001,0.0,0.0,0.0,0.0,0.0,0.0,0.0,0,0.002,45.1573,2.0,45.1593
2018-01-06 12:20:00,0.001,0.001,0.0,0.0,0.0,0.0,0.0,0.0,0.0,0,0.002,44.997,2.0,44.999
2018-01-06 12:21:00,0.001,0.001,0.0,0.0,0.0,0.0,0.0,0.0,0.0,0,0.002,45.3581,2.0,45.3601
2018-01-06 12:22:00,0.001,0.001,0.0,0.0,0.0,0.0,0.0,0.0,0.0,0,0.002,45.7192,2.0,45.7212
2018-01-06 12:23:00,0.001,0.001,0.0,0.0,0.0,0.0,0.0,0.0,0.0,0,0.002,46.0803,2.0,46.082300000000004
2018-01-06 12:24:00,0.001,0.001,0.0,0.0,0.0,0.0,0.0,0.0,0.0,0,0.002,46.4414,2.0,46.443400000000004
2018-01-06 12:25:00,0.001,0.001,0.0,0.0,0.0,0.0,0.0,0.0,0.0,0,0.002,46.802499999999995,2.0,46.8045
2018-01-06 12:26:00,0.001,0.001,0.001,0.0,0.0,0.0,0.0,0.0,0.0,0,0.003,47.163599999999995,3.0,47.166599999999995
2018-01-06 12:27:00,0.001,0.001,0.001,0.0,0.0,0.0,0.0,0.0,0.0,0,0.003,47.524699999999996,3.0,47.527699999999996
2018-01-06 12:28:00,0.001,0.001,0.001,0.0,0.0,0.0,0.0,0.0,0.0,0,0.003,47.885799999999996,3.0,47.888799999999996
2018-01-06 12:29:00,0.0,0.001,0.001,0.0,0.0,0.0,0.0,0.0,0.0,0,0.002,48.2469,2.0,48.2489
2018-01-06 12:30:00,0.001,0.001,0.001,0.0,0.0,0.0,0.0,0.0,0.0,0,0.003,48.608,3.0,48.611
2018-01-06 12:31:00,0.001,0.001,0.001,0.0,0.0,0.0,0.0,0.0,0.0,0,0.003,48.1887,3.0,48.1917
2018-01-06 12:32:00,0.001,0.001,0.001,0.0,0.0,0.0,0.0,0.0,0.0,0,0.003,47.7694,3.0,47.7724
2018-01-06 12:33:00,0.001,0.001,0.001,0.0,0.0,0.0,0.0,0.0,0.0,0,0.003,47.3501,3.0,47.3531
2018-01-06 12:34:00,0.001,0.001,0.001,0.0,0.0,0.0,0.0,0.0,0.0,0,0.003,46.9308,3.0,46.9338
2018-01-06 12:35:00,0.001,0.001,0.001,0.0,0.0,0.0,0.0,0.0,0.0,0,0.003,46.5115,3.0,46.5145
2018-01-06 12:36:00,0.001,0.001,0.001,0.0,0.0,0.0,0.0,0.0,0.0,0,0.003,46.0922,3.0,46.0952
2018-01-06 12:37:00,0.001,0.001,0.001,0.0,0.0,0.0,0.0,0.0,0.0,0,0.003,45.6729,3.0,45.6759
2018-01-06 12:38:00,0.001,0.001,0.001,0.0,0.0,0.0,0.0,0.0,0.0,0,0.003,45.2536,3.0,45.2566
2018-01-06 12:39:00,0.001,0.001,0.001,0.0,0.0,0.0,0.0,0.0,0.0,0,0.003,44.8343,3.0,44.8373
2018-01-06 12:40:00,0.001,0.001,0.001,0.001,0.001,0.0,0.0,0.0,0.0,0,0.005,44.415,5.0,44.42
2018-01-06 12:41:00,0.001,0.001,0.001,0.001,0.001,0.0,0.0,0.0,0.0,0,0.005,44.2087,5.0,44.2137
2018-01-06 12:42:00,0.001,0.001,0.001,0.001,0.001,0.0,0.0,0.0,0.0,0,0.005,44.0024,5.0,44.007400000000004
2018-01-06 12:43:00,0.001,0.001,0.001,0.001,0.001,0.0,0.0,0.0,0.0,0,0.005,43.796099999999996,5.0,43.8011
2018-01-06 12:44:00,0.001,0.0,0.001,0.001,0.001,0.0,0.0,0.0,0.0,0,0.004,43.5898,4.0,43.593799999999995
2018-01-06 12:45:00,0.001,0.0,0.001,0.001,0.001,0.0,0.0,0.0,0.0,0,0.004,43.3835,4.0,43.387499999999996
2018-01-06 12:46:00,0.001,0.0,0.001,0.001,0.001,0.0,0.0,0.0,0.0,0,0.004,43.1772,4.0,43.1812
2018-01-06 12:47:00,0.001,0.0,0.001,0.001,0.001,0.0,0.0,0.0,0.0,0,0.004,42.9709,4.0,42.9749
2018-01-06 12:48:00,0.001,0.0,0.001,0.001,0.001,0.0,0.0,0.0,0.0,0,0.004,42.764599999999994,4.0,42.76859999999999
2018-01-06 12:49:00,0.001,0.0,0.001,0.001,0.001,0.0,0.0,0.0,0.0,0,0.004,42.558299999999996,4.0,42.56229999999999
2018-01-06 12:50:00,0.001,0.0,0.001,0.001,0.001,0.0,0.0,0.0,0.0,0,0.004,42.352,4.0,42.355999999999995
2018-01-06 12:51:00,0.001,0.0,0.001,0.001,0.001,0.0,0.0,0.0,0.0,0,0.004,42.2478,4.0,42.251799999999996
2018-01-06 12:52:00,0.001,0.0,0.001,0.001,0.001,0.0,0.0,0.0,0.0,0,0.004,42.1436,4.0,42.1476
2018-01-06 12:53:00,0.001,0.001,0.001,0.001,0.001,0.0,0.0,0.0,0.0,0,0.005,42.0394,5.0,42.0444
2018-01-06 12:54:00,0.001,0.001,0.001,0.001,0.001,0.0,0.0,0.0,0.0,0,0.005,41.9352,5.0,41.940200000000004
2018-01-06 12:55:00,0.001,0.001,0.001,0.001,0.001,0.0,0.0,0.0,0.0,0,0.005,41.831,5.0,41.836000000000006
2018-01-06 12:56:00,0.001,0.001,0.001,0.001,0.001,0.0,0.0,0.0,0.0,0,0.005,41.7268,5.0,41.7318
2018-01-06 12:57:00,0.001,0.001,0.001,0.001,0.001,0.001,0.0,0.0,0.0,0,0.006,41.6226,6.0,41.6286
2018-01-06 12:58:00,0.001,0.001,0.001,0.001,0.001,0.001,0.0,0.0,0.0,0,0.006,41.5184,6.0,41.5244
2018-01-06 12:59:00,0.001,0.001,0.001,0.001,0.001,0.001,0.0,0.0,0.0,0,0.006,41.4142,6.0,41.4202
2018-01-06 13:00:00,0.001,0.001,0.001,0.001,0.001,0.001,0.0,0.0,0.0,0,0.006,41.31,6.0,41.316
2018-01-06 13:01:00,0.001,0.001,0.001,0.001,0.001,0.001,0.0,0.0,0.0,0,0.006,41.3464,6.0,41.3524
2018-01-06 13:02:00,0.001,0.001,0.001,0.001,0.001,0.001,0.0,0.0,0.0,0,0.006,41.3828,6.0,41.3888
2018-01-06 13:03:00,0.001,0.001,0.001,0.001,0.001,0.001,0.0,0.0,0.0,0,0.006,41.419200000000004,6.0,41.425200000000004
2018-01-06 13:04:00,0.001,0.001,0.001,0.001,0.001,0.001,0.0,0.0,0.0,0,0.006,41.455600000000004,6.0,41.461600000000004
2018-01-06 13:05:00,0.001,0.001,0.001,0.001,0.001,0.001,0.0,0.0,0.0,0,0.006,41.492000000000004,6.0,41.498000000000005
2018-01-06 13:06:00,0.001,0.001,0.001,0.001,0.001,0.001,0.0,0.0,0.0,0,0.006,41.5284,6.0,41.5344
2018-01-06 13:07:00,0.001,0.001,0.001,0.001,0.001,0.001,0.0,0.0,0.0,0,0.006,41.5648,6.0,41.5708
2018-01-06 13:08:00,0.001,0.001,0.001,0.001,0.001,0.001,0.001,0.0,0.0,0,0.007,41.6012,7.0,41.6082
2018-01-06 13:09:00,0.001,0.001,0.001,0.001,0.001,0.001,0.001,0.0,0.0,0,0.007,41.6376,7.0,41.6446
2018-01-06 13:10:00,0.001,0.001,0.001,0.001,0.001,0.001,0.001,0.0,0.0,0,0.007,41.674,7.0,41.681
2018-01-06 13:11:00,0.001,0.001,0.001,0.001,0.001,0.001,0.001,0.0,0.0,0,0.007,42.0478,7.0,42.0548
2018-01-06 13:12:00,0.001,0.001,0.001,0.001,0.001,0.001,0.001,0.001,0.0,0,0.008,42.4216,8.0,42.4296
2018-01-06 13:13:00,0.001,0.001,0.001,0.001,0.001,0.001,0.001,0.001,0.0,0,0.008,42.7954,8.0,42.8034
2018-01-06 13:14:00,0.001,0.001,0.001,0.001,0.001,0.001,0.001,0.001,0.0,0,0.008,43.1692,8.0,43.1772
2018-01-06 13:15:00,0.001,0.001,0.001,0.001,0.001,0.001,0.001,0.001,0.001,0,0.009000000000000001,43.543,9.0,43.552
2018-01-06 13:16:00,0.001,0.001,0.001,0.001,0.001,0.001,0.001,0.001,0.001,0,0.009000000000000001,43.9168,9.0,43.9258
2018-01-06 13:17:00,0.001,0.001,0.001,0.001,0.001,0.001,0.001,0.001,0.001,0,0.009000000000000001,44.2906,9.0,44.2996
2018-01-06 13:18:00,0.001,0.001,0.001,0.001,0.001,0.001,0.001,0.001,0.001,0,0.009000000000000001,44.6644,9.0,44.6734
2018-01-06 13:19:00,0.001,0.001,0.001,0.001,0.001,0.001,0.001,0.001,0.001,0,0.009000000000000001,45.038199999999996,9.0,45.0472
2018-01-06 13:20:00,0.001,0.001,0.001,0.001,0.001,0.001,0.001,0.001,0.001,0,0.009000000000000001,45.412,9.0,45.421
2018-01-06 13:21:00,0.001,0.001,0.001,0.001,0.001,0.001,0.001,0.001,0.001,0,0.009000000000000001,45.2425,9.0,45.2515
2018-01-06 13:22:00,0.001,0.001,0.001,0.001,0.001,0.001,0.001,0.001,0.001,0,0.009000000000000001,45.073,9.0,45.082
2018-01-06 13:23:00,0.001,0.001,0.001,0.001,0.001,0.001,0.001,0.001,0.001,0,0.009000000000000001,44.9035,9.0,44.9125
2018-01-06 13:24:00,0.001,0.001,0.001,0.001,0.001,0.001,0.001,0.001,0.001,0,0.009000000000000001,44.734,9.0,44.743
2018-01-06 13:25:00,0.001,0.001,0.001,0.001,0.001,0.001,0.001,0.001,0.001,0,0.009000000000000001,44.564499999999995,9.0,44.573499999999996
2018-01-06 13:26:00,0.001,0.001,0.001,0.001,0.001,0.001,0.001,0.001,0.001,0,0.009000000000000001,44.394999999999996,9.0,44.403999999999996
2018-01-06 13:27:00,0.001,0.001,0.0,0.001,0.001,0.001,0.001,0.001,0.001,0,0.008,44.2255,8.0,44.2335
2018-01-06 13:28:00,0.001,0.001,0.0,0.001,0.001,0.001,0.001,0.001,0.001,0,0.008,44.056,8.0,44.064
2018-01-06 13:29:00,0.001,0.001,0.0,0.001,0.001,0.001,0.001,0.001,0.001,0,0.008,43.8865,8.0,43.8945
2018-01-06 13:30:00,0.001,0.001,0.0,0.001,0.001,0.001,0.001,0.001,0.001,0,0.008,43.717,8.0,43.725
2018-01-06 13:31:00,0.001,0.001,0.0,0.001,0.001,0.001,0.001,0.001,0.001,0,0.008,43.9829,8.0,43.9909
2018-01-06 13:32:00,0.001,0.001,0.0,0.001,0.001,0.001,0.001,0.001,0.001,0,0.008,44.248799999999996,8.0,44.2568
2018-01-06 13:33:00,0.001,0.001,0.0,0.001,0.001,0.001,0.001,0.001,0.001,0,0.008,44.5147,8.0,44.5227
2018-01-06 13:34:00,0.001,0.001,0.0,0.001,0.001,0.001,0.001,0.001,0.001,0,0.008,44.7806,8.0,44.7886
2018-01-06 13:35:00,0.001,0.001,0.0,0.001,0.001,0.001,0.001,0.001,0.001,0,0.008,45.046499999999995,8.0,45.0545
2018-01-06 13:36:00,0.001,0.001,0.0,0.001,0.001,0.001,0.001,0.001,0.001,0,0.008,45.3124,8.0,45.3204
2018-01-06 13:37:00,0.001,0.001,0.0,0.001,0.001,0.001,0.001,0.001,0.001,0,0.008,45.5783,8.0,45.5863
2018-01-06 13:38:00,0.001,0.001,0.0,0.001,0.001,0.001,0.001,0.001,0.001,0,0.008,45.8442,8.0,45.8522
2018-01-06 13:39:00,0.001,0.001,0.0,0.001,0.001,0.001,0.001,0.001,0.001,0,0.008,46.110099999999996,8.0,46.1181
2018-01-06 13:40:00,0.001,0.001,0.0,0.001,0.001,0.001,0.001,0.001,0.001,0,0.008,46.376,8.0,46.384
2018-01-06 13:41:00,0.001,0.001,0.0,0.0,0.0,0.001,0.001,0.001,0.001,0,0.006,46.577,6.0,46.583
2018-01-06 13:42:00,0.001,0.001,0.0,0.0,0.0,0.001,0.001,0.001,0.001,0,0.006,46.778,6.0,46.784
2018-01-06 13:43:00,0.001,0.001,0.0,0.0,0.0,0.001,0.001,0.001,0.001,0,0.006,46.979,6.0,46.985
2018-01-06 13:44:00,0.001,0.001,0.0,0.0,0.0,0.001,0.001,0.001,0.001,0,0.006,47.18,6.0,47.186
2018-01-06 13:45:00,0.001,0.001,0.0,0.0,0.0,0.001,0.001,0.001,0.001,0,0.006,47.381,6.0,47.387
2018-01-06 13:46:00,0.001,0.001,0.001,0.0,0.0,0.001,0.001,0.001,0.001,0,0.007,47.582,7.0,47.589
2018-01-06 13:47:00,0.001,0.001,0.001,0.0,0.0,0.001,0.001,0.001,0.001,0,0.007,47.783,7.0,47.79
2018-01-06 13:48:00,0.001,0.001,0.001,0.0,0.0,0.001,0.001,0.001,0.001,0,0.007,47.984,7.0,47.991
2018-01-06 13:49:00,0.001,0.001,0.001,0.0,0.0,0.001,0.001,0.001,0.001,0,0.007,48.185,7.0,48.192
2018-01-06 13:50:00,0.001,0.001,0.001,0.0,0.0,0.001,0.001,0.001,0.001,0,0.007,48.386,7.0,48.393
2018-01-06 13:51:00,0.001,0.001,0.001,0.0,0.0,0.001,0.001,0.001,0.001,0,0.007,48.014900000000004,7.0,48.0219
2018-01-06 13:52:00,0.001,0.001,0.001,0.001,0.0,0.001,0.001,0.001,0.001,0,0.008,47.6438,8.0,47.6518
2018-01-06 13:53:00,0.001,0.001,0.001,0.001,0.0,0.001,0.001,0.001,0.001,0,0.008,47.2727,8.0,47.2807
2018-01-06 13:54:00,0.001,0.0,0.001,0.001,0.0,0.001,0.001,0.001,0.001,0,0.007,46.9016,7.0,46.9086
2018-01-06 13:55:00,0.001,0.0,0.001,0.001,0.0,0.001,0.001,0.001,0.001,0,0.007,46.5305,7.0,46.5375
2018-01-06 13:56:00,0.001,0.0,0.001,0.001,0.0,0.001,0.001,0.001,0.001,0,0.007,46.1594,7.0,46.166399999999996
2018-01-06 13:57:00,0.001,0.0,0.001,0.001,0.0,0.001,0.001,0.001,0.001,0,0.007,45.7883,7.0,45.7953
2018-01-06 13:58:00,0.001,0.0,0.001,0.001,0.0,0.0,0.001,0.001,0.001,0,0.006,45.4172,6.0,45.4232
2018-01-06 13:59:00,0.001,0.0,0.001,0.001,0.0,0.0,0.001,0.001,0.001,0,0.006,45.046099999999996,6.0,45.052099999999996
2018-01-06 14:00:00,0.001,0.0,0.001,0.001,0.0,0.0,0.001,0.001,0.001,0,0.006,44.675,6.0,44.681
2018-01-06 14:01:00,0.001,0.0,0.001,0.001,0.0,0.0,0.001,0.001,0.001,0,0.006,44.7459,6.0,44.7519
2018-01-06 14:02:00,0.001,0.0,0.001,0.001,0.0,0.0,0.001,0.001,0.001,0,0.006,44.8168,6.0,44.8228
2018-01-06 14:03:00,0.001,0.0,0.001,0.001,0.0,0.0,0.001,0.001,0.001,0,0.006,44.887699999999995,6.0,44.893699999999995
2018-01-06 14:04:00,0.001,0.0,0.001,0.001,0.0,0.0,0.001,0.001,0.001,0,0.006,44.9586,6.0,44.9646
2018-01-06 14:05:00,0.001,0.0,0.001,0.001,0.0,0.0,0.001,0.001,0.001,0,0.006,45.0295,6.0,45.0355
2018-01-06 14:06:00,0.001,0.0,0.001,0.001,0.0,0.0,0.001,0.001,0.001,0,0.006,45.1004,6.0,45.1064
2018-01-06 14:07:00,0.001,0.0,0.001,0.001,0.0,0.0,0.001,0.001,0.001,0,0.006,45.1713,6.0,45.1773
2018-01-06 14:08:00,0.001,0.0,0.001,0.001,0.0,0.0,0.001,0.001,0.001,0,0.006,45.2422,6.0,45.2482
2018-01-06 14:09:00,0.001,0.0,0.001,0.001,0.0,0.0,0.0,0.001,0.001,0,0.005,45.3131,5.0,45.3181
2018-01-06 14:10:00,0.001,0.0,0.001,0.001,0.0,0.0,0.0,0.001,0.001,0,0.005,45.384,5.0,45.389
2018-01-06 14:11:00,0.001,0.0,0.001,0.001,0.0,0.0,0.0,0.001,0.001,0,0.005,45.156800000000004,5.0,45.16180000000001
2018-01-06 14:12:00,0.001,0.0,0.001,0.001,0.0,0.0,0.0,0.001,0.001,0,0.005,44.9296,5.0,44.9346
2018-01-06 14:13:00,0.001,0.0,0.001,0.001,0.0,0.0,0.0,0.0,0.001,0,0.004,44.7024,4.0,44.706399999999995
2018-01-06 14:14:00,0.001,0.0,0.001,0.001,0.0,0.0,0.0,0.0,0.001,0,0.004,44.4752,4.0,44.4792
2018-01-06 14:15:00,0.001,0.0,0.001,0.001,0.0,0.0,0.0,0.0,0.001,0,0.004,44.248000000000005,4.0,44.252
2018-01-06 14:16:00,0.001,0.0,0.001,0.001,0.0,0.0,0.0,0.0,0.0,0,0.003,44.0208,3.0,44.0238
2018-01-06 14:17:00,0.001,0.0,0.001,0.001,0.0,0.0,0.0,0.0,0.0,0,0.003,43.7936,3.0,43.7966
2018-01-06 14:18:00,0.001,0.0,0.001,0.001,0.0,0.0,0.0,0.0,0.0,0,0.003,43.5664,3.0,43.5694
2018-01-06 14:19:00,0.001,0.0,0.001,0.001,0.0,0.0,0.0,0.0,0.0,0,0.003,43.339200000000005,3.0,43.342200000000005
2018-01-06 14:20:00,0.001,0.0,0.001,0.001,0.0,0.0,0.0,0.0,0.0,0,0.003,43.112,3.0,43.115
2018-01-06 14:21:00,0.001,0.0,0.001,0.001,0.0,0.0,0.0,0.0,0.0,0,0.003,43.2258,3.0,43.2288
2018-01-06 14:22:00,0.001,0.0,0.001,0.001,0.0,0.0,0.0,0.0,0.0,0,0.003,43.339600000000004,3.0,43.342600000000004
2018-01-06 14:23:00,0.001,0.0,0.001,0.001,0.0,0.0,0.0,0.0,0.0,0,0.003,43.4534,3.0,43.4564
2018-01-06 14:24:00,0.001,0.0,0.001,0.001,0.0,0.0,0.0,0.0,0.0,0,0.003,43.5672,3.0,43.5702
2018-01-06 14:25:00,0.001,0.0,0.001,0.001,0.0,0.0,0.0,0.0,0.0,0,0.003,43.681,3.0,43.684
2018-01-06 14:26:00,0.001,0.0,0.001,0.001,0.0,0.0,0.0,0.0,0.0,0,0.003,43.7948,3.0,43.7978
2018-01-06 14:27:00,0.001,0.0,0.001,0.001,0.0,0.0,0.0,0.0,0.0,0,0.003,43.9086,3.0,43.9116
2018-01-06 14:28:00,0.001,0.0,0.001,0.001,0.0,0.0,0.0,0.0,0.0,0,0.003,44.0224,3.0,44.0254
2018-01-06 14:29:00,0.001,0.0,0.001,0.001,0.0,0.0,0.0,0.0,0.0,0,0.003,44.1362,3.0,44.1392
2018-01-06 14:30:00,0.001,0.0,0.001,0.001,0.0,0.0,0.0,0.0,0.0,0,0.003,44.25,3.0,44.253
2018-01-06 14:31:00,0.001,0.0,0.001,0.001,0.0,0.0,0.0,0.0,0.0,0,0.003,44.4316,3.0,44.4346
2018-01-06 14:32:00,0.0,0.0,0.001,0.001,0.0,0.0,0.0,0.0,0.0,0,0.002,44.6132,2.0,44.6152
2018-01-06 14:33:00,0.0,0.0,0.001,0.001,0.0,0.0,0.0,0.0,0.0,0,0.002,44.7948,2.0,44.796800000000005
2018-01-06 14:34:00,0.0,0.0,0.001,0.001,0.0,0.0,0.0,0.0,0.0,0,0.002,44.9764,2.0,44.9784
2018-01-06 14:35:00,0.0,0.0,0.001,0.001,0.0,0.0,0.0,0.0,0.0,0,0.002,45.158,2.0,45.160000000000004
2018-01-06 14:36:00,0.0,0.0,0.001,0.001,0.0,0.0,0.0,0.0,0.0,0,0.002,45.339600000000004,2.0,45.34160000000001
2018-01-06 14:37:00,0.0,0.0,0.001,0.001,0.0,0.0,0.0,0.0,0.0,0,0.002,45.5212,2.0,45.5232
2018-01-06 14:38:00,0.0,0.0,0.001,0.001,0.0,0.0,0.0,0.0,0.0,0,0.002,45.7028,2.0,45.704800000000006
2018-01-06 14:39:00,0.0,0.0,0.001,0.001,0.0,0.0,0.0,0.0,0.0,0,0.002,45.8844,2.0,45.8864
2018-01-06 14:40:00,0.0,0.0,0.001,0.001,0.0,0.0,0.0,0.0,0.0,0,0.002,46.066,2.0,46.068000000000005
2018-01-06 14:41:00,0.0,0.0,0.001,0.001,0.0,0.0,0.0,0.0,0.0,0,0.002,46.1921,2.0,46.194100000000006
2018-01-06 14:42:00,0.0,0.0,0.001,0.001,0.0,0.0,0.0,0.0,0.0,0,0.002,46.318200000000004,2.0,46.32020000000001
2018-01-06 14:43:00,0.0,0.0,0.001,0.001,0.0,0.0,0.0,0.0,0.0,0,0.002,46.4443,2.0,46.4463
2018-01-06 14:44:00,0.0,0.0,0.001,0.001,0.0,0.0,0.0,0.0,0.0,0,0.002,46.5704,2.0,46.5724
2018-01-06 14:45:00,0.0,0.0,0.001,0.001,0.0,0.0,0.0,0.0,0.0,0,0.002,46.6965,2.0,46.6985
2018-01-06 14:46:00,0.0,0.0,0.001,0.001,0.0,0.0,0.0,0.0,0.0,0,0.002,46.8226,2.0,46.824600000000004
2018-01-06 14:47:00,0.0,0.0,0.0,0.001,0.0,0.0,0.0,0.0,0.0,0,0.001,46.9487,1.0,46.9497
2018-01-06 14:48:00,0.0,0.0,0.0,0.001,0.0,0.0,0.0,0.0,0.0,0,0.001,47.074799999999996,1.0,47.075799999999994
2018-01-06 14:49:00,0.0,0.0,0.0,0.001,0.0,0.0,0.0,0.0,0.0,0,0.001,47.2009,1.0,47.201899999999995
2018-01-06 14:50:00,0.0,0.0,0.0,0.001,0.0,0.0,0.0,0.0,0.0,0,0.001,47.327,1.0,47.327999999999996
2018-01-06 14:51:00,0.0,0.0,0.0,0.001,0.0,0.0,0.0,0.0,0.0,0,0.001,47.1854,1.0,47.1864
2018-01-06 14:52:00,0.0,0.0,0.0,0.001,0.0,0.0,0.0,0.0,0.0,0,0.001,47.0438,1.0,47.044799999999995
2018-01-06 14:53:00,0.0,0.0,0.0,0.0,0.0,0.0,0.0,0.0,0.0,0,0.0,46.9022,0.0,46.9022
2018-01-06 14:54:00,0.0,0.0,0.0,0.0,0.0,0.0,0.0,0.0,0.0,0,0.0,46.7606,0.0,46.7606
2018-01-06 14:55:00,0.001,0.0,0.0,0.0,0.0,0.0,0.0,0.0,0.0,0,0.001,46.619,1.0,46.62
2018-01-06 14:56:00,0.001,0.0,0.0,0.0,0.0,0.0,0.0,0.0,0.0,0,0.001,46.4774,1.0,46.4784
2018-01-06 14:57:00,0.001,0.0,0.0,0.0,0.0,0.0,0.0,0.0,0.0,0,0.001,46.3358,1.0,46.3368
2018-01-06 14:58:00,0.001,0.0,0.0,0.0,0.0,0.0,0.0,0.0,0.0,0,0.001,46.1942,1.0,46.1952
2018-01-06 14:59:00,0.001,0.0,0.0,0.0,0.0,0.0,0.0,0.0,0.0,0,0.001,46.0526,1.0,46.053599999999996
2018-01-06 15:00:00,0.001,0.0,0.0,0.0,0.0,0.0,0.0,0.0,0.0,0,0.001,45.911,1.0,45.912
2018-01-06 15:01:00,0.001,0.0,0.0,0.0,0.0,0.0,0.0,0.0,0.0,0,0.001,45.688,1.0,45.689
2018-01-06 15:02:00,0.001,0.001,0.0,0.0,0.0,0.0,0.0,0.0,0.0,0,0.002,45.465,2.0,45.467000000000006
2018-01-06 15:03:00,0.001,0.001,0.0,0.0,0.0,0.0,0.0,0.0,0.0,0,0.002,45.242,2.0,45.244
2018-01-06 15:04:00,0.001,0.001,0.001,0.0,0.0,0.0,0.0,0.0,0.0,0,0.003,45.019,3.0,45.022
2018-01-06 15:05:00,0.001,0.001,0.001,0.0,0.0,0.0,0.0,0.0,0.0,0,0.003,44.796,3.0,44.799
2018-01-06 15:06:00,0.001,0.001,0.001,0.0,0.0,0.0,0.0,0.0,0.0,0,0.003,44.573,3.0,44.576
2018-01-06 15:07:00,0.001,0.001,0.001,0.0,0.0,0.0,0.0,0.0,0.0,0,0.003,44.35,3.0,44.353
2018-01-06 15:08:00,0.001,0.001,0.001,0.0,0.0,0.0,0.0,0.0,0.0,0,0.003,44.126999999999995,3.0,44.129999999999995
2018-01-06 15:09:00,0.001,0.001,0.001,0.0,0.0,0.0,0.0,0.0,0.0,0,0.003,43.903999999999996,3.0,43.907
2018-01-06 15:10:00,0.001,0.001,0.001,0.001,0.0,0.0,0.0,0.0,0.0,0,0.004,43.681,4.0,43.684999999999995
2018-01-06 15:11:00,0.001,0.001,0.001,0.001,0.0,0.0,0.0,0.0,0.0,0,0.004,43.623099999999994,4.0,43.62709999999999
2018-01-06 15:12:00,0.001,0.001,0.001,0.001,0.0,0.0,0.0,0.0,0.0,0,0.004,43.5652,4.0,43.569199999999995
2018-01-06 15:13:00,0.001,0.001,0.001,0.001,0.0,0.0,0.0,0.0,0.0,0,0.004,43.5073,4.0,43.5113
2018-01-06 15:14:00,0.001,0.001,0.001,0.001,0.0,0.0,0.0,0.0,0.0,0,0.004,43.4494,4.0,43.453399999999995
2018-01-06 15:15:00,0.001,0.001,0.001,0.001,0.0,0.0,0.0,0.0,0.0,0,0.004,43.39149999999999,4.0,43.39549999999999
2018-01-06 15:16:00,0.001,0.001,0.001,0.001,0.0,0.0,0.0,0.0,0.0,0,0.004,43.3336,4.0,43.337599999999995
2018-01-06 15:17:00,0.001,0.001,0.001,0.001,0.0,0.0,0.0,0.0,0.0,0,0.004,43.2757,4.0,43.2797
2018-01-06 15:18:00,0.001,0.001,0.001,0.001,0.0,0.0,0.0,0.0,0.0,0,0.004,43.2178,4.0,43.221799999999995
2018-01-06 15:19:00,0.001,0.001,0.001,0.001,0.0,0.0,0.0,0.0,0.0,0,0.004,43.15989999999999,4.0,43.16389999999999
2018-01-06 15:20:00,0.001,0.001,0.001,0.001,0.0,0.0,0.0,0.0,0.0,0,0.004,43.102,4.0,43.105999999999995
2018-01-06 15:21:00,0.001,0.001,0.001,0.001,0.0,0.0,0.0,0.0,0.0,0,0.004,42.88549999999999,4.0,42.88949999999999
2018-01-06 15:22:00,0.001,0.001,0.001,0.001,0.0,0.0,0.0,0.0,0.0,0,0.004,42.669,4.0,42.672999999999995
2018-01-06 15:23:00,0.001,0.001,0.001,0.001,0.0,0.0,0.0,0.0,0.0,0,0.004,42.4525,4.0,42.4565
2018-01-06 15:24:00,0.001,0.001,0.001,0.001,0.0,0.0,0.0,0.0,0.0,0,0.004,42.236,4.0,42.239999999999995
2018-01-06 15:25:00,0.001,0.001,0.001,0.001,0.0,0.0,0.0,0.0,0.0,0,0.004,42.019499999999994,4.0,42.02349999999999
2018-01-06 15:26:00,0.001,0.001,0.001,0.001,0.0,0.0,0.0,0.0,0.0,0,0.004,41.803,4.0,41.806999999999995
2018-01-06 15:27:00,0.001,0.001,0.001,0.001,0.0,0.0,0.0,0.0,0.0,0,0.004,41.5865,4.0,41.5905
2018-01-06 15:28:00,0.001,0.001,0.001,0.001,0.0,0.0,0.0,0.0,0.0,0,0.004,41.37,4.0,41.373999999999995
2018-01-06 15:29:00,0.001,0.001,0.001,0.001,0.001,0.0,0.0,0.0,0.0,0,0.005,41.153499999999994,5.0,41.1585
2018-01-06 15:30:00,0.001,0.001,0.001,0.001,0.001,0.0,0.0,0.0,0.0,0,0.005,40.937,5.0,40.942
2018-01-06 15:31:00,0.001,0.001,0.001,0.001,0.001,0.0,0.0,0.0,0.0,0,0.005,41.0528,5.0,41.0578
2018-01-06 15:32:00,0.001,0.001,0.001,0.001,0.001,0.0,0.0,0.0,0.0,0,0.005,41.1686,5.0,41.1736
2018-01-06 15:33:00,0.001,0.001,0.001,0.001,0.001,0.0,0.0,0.0,0.0,0,0.005,41.2844,5.0,41.2894
2018-01-06 15:34:00,0.001,0.001,0.001,0.001,0.001,0.0,0.0,0.0,0.0,0,0.005,41.4002,5.0,41.4052
2018-01-06 15:35:00,0.001,0.001,0.001,0.001,0.001,0.0,0.0,0.0,0.0,0,0.005,41.516,5.0,41.521
2018-01-06 15:36:00,0.001,0.001,0.001,0.001,0.001,0.0,0.0,0.0,0.0,0,0.005,41.6318,5.0,41.6368
2018-01-06 15:37:00,0.001,0.001,0.001,0.001,0.001,0.0,0.0,0.0,0.0,0,0.005,41.7476,5.0,41.7526
2018-01-06 15:38:00,0.001,0.001,0.001,0.001,0.001,0.0,0.0,0.0,0.0,0,0.005,41.8634,5.0,41.8684
2018-01-06 15:39:00,0.001,0.001,0.001,0.001,0.001,0.0,0.0,0.0,0.0,0,0.005,41.9792,5.0,41.9842
2018-01-06 15:40:00,0.001,0.001,0.001,0.001,0.001,0.001,0.0,0.0,0.0,0,0.006,42.095,6.0,42.101
2018-01-06 15:41:00,0.001,0.001,0.001,0.001,0.001,0.001,0.0,0.0,0.0,0,0.006,42.2018,6.0,42.2078
2018-01-06 15:42:00,0.001,0.001,0.001,0.001,0.001,0.001,0.001,0.0,0.0,0,0.007,42.3086,7.0,42.315599999999996
2018-01-06 15:43:00,0.001,0.001,0.001,0.001,0.001,0.001,0.001,0.0,0.0,0,0.007,42.4154,7.0,42.422399999999996
2018-01-06 15:44:00,0.001,0.001,0.001,0.001,0.001,0.001,0.001,0.001,0.0,0,0.008,42.5222,8.0,42.5302
2018-01-06 15:45:00,0.001,0.001,0.001,0.001,0.001,0.001,0.001,0.001,0.0,0,0.008,42.629,8.0,42.637
2018-01-06 15:46:00,0.001,0.001,0.001,0.001,0.001,0.001,0.001,0.001,0.0,0,0.008,42.7358,8.0,42.7438
2018-01-06 15:47:00,0.001,0.001,0.001,0.001,0.001,0.001,0.001,0.001,0.0,0,0.008,42.8426,8.0,42.8506
2018-01-06 15:48:00,0.001,0.001,0.001,0.001,0.001,0.001,0.001,0.001,0.0,0,0.008,42.9494,8.0,42.9574
2018-01-06 15:49:00,0.001,0.001,0.001,0.001,0.001,0.001,0.001,0.001,0.0,0,0.008,43.0562,8.0,43.0642
2018-01-06 15:50:00,0.001,0.001,0.001,0.001,0.001,0.001,0.001,0.001,0.0,0,0.008,43.163,8.0,43.171
2018-01-06 15:51:00,0.001,0.001,0.001,0.001,0.001,0.001,0.001,0.001,0.0,0,0.008,43.1821,8.0,43.1901
2018-01-06 15:52:00,0.001,0.001,0.001,0.001,0.001,0.001,0.001,0.001,0.0,0,0.008,43.2012,8.0,43.2092
2018-01-06 15:53:00,0.001,0.001,0.001,0.001,0.001,0.001,0.001,0.001,0.0,0,0.008,43.220299999999995,8.0,43.2283
2018-01-06 15:54:00,0.001,0.001,0.001,0.001,0.001,0.001,0.001,0.001,0.0,0,0.008,43.239399999999996,8.0,43.2474
2018-01-06 15:55:00,0.001,0.001,0.001,0.001,0.001,0.001,0.001,0.001,0.0,0,0.008,43.2585,8.0,43.2665
2018-01-06 15:56:00,0.0,0.001,0.001,0.001,0.001,0.001,0.001,0.001,0.0,0,0.007,43.2776,7.0,43.2846
2018-01-06 15:57:00,0.0,0.001,0.001,0.001,0.001,0.001,0.001,0.001,0.0,0,0.007,43.2967,7.0,43.3037
2018-01-06 15:58:00,0.0,0.001,0.001,0.001,0.001,0.001,0.001,0.001,0.0,0,0.007,43.315799999999996,7.0,43.322799999999994
2018-01-06 15:59:00,0.0,0.001,0.001,0.001,0.001,0.001,0.001,0.001,0.0,0,0.007,43.3349,7.0,43.341899999999995
2018-01-06 16:00:00,0.0,0.001,0.001,0.001,0.001,0.001,0.001,0.001,0.0,0,0.007,43.354,7.0,43.361
2018-01-06 16:01:00,0.001,0.001,0.001,0.001,0.001,0.001,0.001,0.001,0.0,0,0.008,43.2706,8.0,43.278600000000004
2018-01-06 16:02:00,0.001,0.001,0.001,0.001,0.001,0.001,0.001,0.001,0.0,0,0.008,43.1872,8.0,43.1952
2018-01-06 16:03:00,0.001,0.0,0.001,0.001,0.001,0.001,0.001,0.001,0.0,0,0.007,43.1038,7.0,43.1108
2018-01-06 16:04:00,0.001,0.0,0.001,0.001,0.001,0.001,0.001,0.001,0.0,0,0.007,43.0204,7.0,43.0274
2018-01-06 16:05:00,0.001,0.0,0.0,0.001,0.001,0.001,0.001,0.001,0.0,0,0.006,42.937,6.0,42.943
2018-01-06 16:06:00,0.001,0.0,0.0,0.001,0.001,0.001,0.001,0.001,0.0,0,0.006,42.8536,6.0,42.8596
2018-01-06 16:07:00,0.001,0.0,0.0,0.001,0.001,0.001,0.001,0.001,0.0,0,0.006,42.7702,6.0,42.7762
2018-01-06 16:08:00,0.001,0.0,0.0,0.001,0.001,0.001,0.001,0.001,0.0,0,0.006,42.686800000000005,6.0,42.692800000000005
2018-01-06 16:09:00,0.001,0.0,0.0,0.001,0.001,0.001,0.001,0.001,0.0,0,0.006,42.6034,6.0,42.6094
2018-01-06 16:10:00,0.001,0.0,0.0,0.001,0.001,0.001,0.001,0.001,0.0,0,0.006,42.52,6.0,42.526
2018-01-06 16:11:00,0.001,0.0,0.0,0.0,0.001,0.001,0.001,0.001,0.0,0,0.005,42.3898,5.0,42.394800000000004
2018-01-06 16:12:00,0.001,0.0,0.0,0.0,0.001,0.001,0.001,0.001,0.0,0,0.005,42.259600000000006,5.0,42.26460000000001
2018-01-06 16:13:00,0.001,0.0,0.0,0.0,0.001,0.001,0.001,0.001,0.0,0,0.005,42.129400000000004,5.0,42.13440000000001
2018-01-06 16:14:00,0.001,0.0,0.0,0.0,0.001,0.001,0.001,0.001,0.0,0,0.005,41.9992,5.0,42.004200000000004
2018-01-06 16:15:00,0.001,0.0,0.0,0.0,0.001,0.001,0.001,0.001,0.0,0,0.005,41.869,5.0,41.874
2018-01-06 16:16:00,0.001,0.0,0.0,0.0,0.001,0.001,0.001,0.001,0.0,0,0.005,41.738800000000005,5.0,41.74380000000001
2018-01-06 16:17:00,0.001,0.0,0.0,0.0,0.001,0.001,0.001,0.001,0.0,0,0.005,41.6086,5.0,41.613600000000005
2018-01-06 16:18:00,0.001,0.0,0.0,0.0,0.001,0.001,0.001,0.001,0.0,0,0.005,41.4784,5.0,41.4834
2018-01-06 16:19:00,0.001,0.0,0.0,0.0,0.001,0.001,0.001,0.001,0.0,0,0.005,41.348200000000006,5.0,41.35320000000001
2018-01-06 16:20:00,0.001,0.0,0.0,0.0,0.001,0.001,0.001,0.001,0.0,0,0.005,41.218,5.0,41.223000000000006
2018-01-06 16:21:00,0.001,0.0,0.0,0.0,0.001,0.001,0.001,0.001,0.0,0,0.005,41.353300000000004,5.0,41.35830000000001
2018-01-06 16:22:00,0.001,0.0,0.0,0.0,0.001,0.001,0.001,0.001,0.0,0,0.005,41.488600000000005,5.0,41.49360000000001
2018-01-06 16:23:00,0.001,0.0,0.0,0.0,0.001,0.001,0.001,0.001,0.0,0,0.005,41.6239,5.0,41.6289
2018-01-06 16:24:00,0.001,0.0,0.0,0.0,0.001,0.001,0.001,0.001,0.0,0,0.005,41.7592,5.0,41.7642
2018-01-06 16:25:00,0.001,0.0,0.0,0.0,0.001,0.001,0.001,0.001,0.0,0,0.005,41.8945,5.0,41.8995
2018-01-06 16:26:00,0.001,0.0,0.0,0.0,0.001,0.001,0.001,0.001,0.0,0,0.005,42.0298,5.0,42.034800000000004
2018-01-06 16:27:00,0.001,0.0,0.0,0.0,0.001,0.001,0.001,0.001,0.0,0,0.005,42.1651,5.0,42.170100000000005
2018-01-06 16:28:00,0.001,0.0,0.0,0.0,0.001,0.001,0.001,0.001,0.0,0,0.005,42.300399999999996,5.0,42.3054
2018-01-06 16:29:00,0.001,0.0,0.0,0.0,0.001,0.001,0.001,0.001,0.0,0,0.005,42.4357,5.0,42.4407
2018-01-06 16:30:00,0.001,0.0,0.0,0.0,0.0,0.001,0.001,0.001,0.0,0,0.004,42.571,4.0,42.574999999999996
2018-01-06 16:31:00,0.001,0.0,0.0,0.0,0.0,0.001,0.001,0.001,0.0,0,0.004,42.6177,4.0,42.6217
2018-01-06 16:32:00,0.001,0.0,0.0,0.0,0.0,0.001,0.001,0.001,0.0,0,0.004,42.6644,4.0,42.6684
2018-01-06 16:33:00,0.001,0.0,0.0,0.0,0.0,0.001,0.001,0.001,0.0,0,0.004,42.711099999999995,4.0,42.71509999999999
2018-01-06 16:34:00,0.001,0.0,0.0,0.0,0.0,0.001,0.001,0.001,0.0,0,0.004,42.757799999999996,4.0,42.761799999999994
2018-01-06 16:35:00,0.001,0.0,0.0,0.0,0.0,0.001,0.001,0.001,0.0,0,0.004,42.8045,4.0,42.808499999999995
2018-01-06 16:36:00,0.001,0.0,0.0,0.0,0.0,0.001,0.001,0.001,0.0,0,0.004,42.8512,4.0,42.855199999999996
2018-01-06 16:37:00,0.001,0.0,0.0,0.0,0.0,0.001,0.001,0.001,0.0,0,0.004,42.8979,4.0,42.9019
2018-01-06 16:38:00,0.001,0.0,0.0,0.0,0.0,0.001,0.001,0.001,0.0,0,0.004,42.944599999999994,4.0,42.94859999999999
2018-01-06 16:39:00,0.001,0.0,0.0,0.0,0.0,0.001,0.001,0.001,0.0,0,0.004,42.991299999999995,4.0,42.99529999999999
2018-01-06 16:40:00,0.001,0.0,0.0,0.0,0.0,0.001,0.001,0.001,0.0,0,0.004,43.038,4.0,43.041999999999994
2018-01-06 16:41:00,0.001,0.0,0.0,0.0,0.0,0.0,0.001,0.001,0.0,0,0.003,42.9815,3.0,42.9845
2018-01-06 16:42:00,0.001,0.0,0.0,0.0,0.0,0.0,0.001,0.001,0.0,0,0.003,42.925,3.0,42.928
2018-01-06 16:43:00,0.001,0.0,0.0,0.0,0.0,0.0,0.0,0.001,0.0,0,0.002,42.8685,2.0,42.8705
2018-01-06 16:44:00,0.001,0.0,0.0,0.0,0.0,0.0,0.0,0.001,0.0,0,0.002,42.812,2.0,42.814
2018-01-06 16:45:00,0.001,0.0,0.0,0.0,0.0,0.0,0.0,0.0,0.0,0,0.001,42.7555,1.0,42.756499999999996
2018-01-06 16:46:00,0.001,0.0,0.0,0.0,0.0,0.0,0.0,0.0,0.0,0,0.001,42.699,1.0,42.699999999999996
2018-01-06 16:47:00,0.001,0.0,0.0,0.0,0.0,0.0,0.0,0.0,0.0,0,0.001,42.6425,1.0,42.643499999999996
2018-01-06 16:48:00,0.001,0.0,0.0,0.0,0.0,0.0,0.0,0.0,0.0,0,0.001,42.586,1.0,42.586999999999996
2018-01-06 16:49:00,0.001,0.0,0.0,0.0,0.0,0.0,0.0,0.0,0.0,0,0.001,42.5295,1.0,42.530499999999996
2018-01-06 16:50:00,0.001,0.0,0.0,0.0,0.0,0.0,0.0,0.0,0.0,0,0.001,42.473,1.0,42.474
2018-01-06 16:51:00,0.001,0.0,0.0,0.0,0.0,0.0,0.0,0.0,0.0,0,0.001,42.5796,1.0,42.5806
2018-01-06 16:52:00,0.001,0.0,0.0,0.0,0.0,0.0,0.0,0.0,0.0,0,0.001,42.6862,1.0,42.6872
2018-01-06 16:53:00,0.001,0.0,0.0,0.0,0.0,0.0,0.0,0.0,0.0,0,0.001,42.7928,1.0,42.7938
2018-01-06 16:54:00,0.001,0.0,0.0,0.0,0.0,0.0,0.0,0.0,0.0,0,0.001,42.8994,1.0,42.9004
2018-01-06 16:55:00,0.001,0.0,0.0,0.0,0.0,0.0,0.0,0.0,0.0,0,0.001,43.006,1.0,43.007
2018-01-06 16:56:00,0.001,0.0,0.0,0.0,0.0,0.0,0.0,0.0,0.0,0,0.001,43.1126,1.0,43.1136
2018-01-06 16:57:00,0.001,0.0,0.0,0.0,0.0,0.0,0.0,0.0,0.0,0,0.001,43.2192,1.0,43.2202
2018-01-06 16:58:00,0.001,0.0,0.0,0.0,0.0,0.0,0.0,0.0,0.0,0,0.001,43.3258,1.0,43.3268
2018-01-06 16:59:00,0.001,0.0,0.0,0.0,0.0,0.0,0.0,0.0,0.0,0,0.001,43.4324,1.0,43.4334
2018-01-06 17:00:00,0.001,0.0,0.0,0.0,0.0,0.0,0.0,0.0,0.0,0,0.001,43.539,1.0,43.54
2018-01-06 17:01:00,0.001,0.0,0.0,0.0,0.0,0.0,0.0,0.0,0.0,0,0.001,43.4493,1.0,43.4503
2018-01-06 17:02:00,0.0,0.0,0.0,0.0,0.0,0.0,0.0,0.0,0.0,0,0.0,43.3596,0.0,43.3596
2018-01-06 17:03:00,0.0,0.0,0.0,0.0,0.0,0.0,0.0,0.0,0.0,0,0.0,43.2699,0.0,43.2699
2018-01-06 17:04:00,0.0,0.0,0.0,0.0,0.0,0.0,0.0,0.0,0.0,0,0.0,43.1802,0.0,43.1802
2018-01-06 17:05:00,0.0,0.0,0.0,0.0,0.0,0.0,0.0,0.0,0.0,0,0.0,43.090500000000006,0.0,43.090500000000006
2018-01-06 17:06:00,0.001,0.0,0.0,0.0,0.0,0.0,0.0,0.0,0.0,0,0.001,43.000800000000005,1.0,43.0018
2018-01-06 17:07:00,0.001,0.0,0.0,0.0,0.0,0.0,0.0,0.0,0.0,0,0.001,42.911100000000005,1.0,42.9121
2018-01-06 17:08:00,0.001,0.0,0.0,0.0,0.0,0.0,0.0,0.0,0.0,0,0.001,42.821400000000004,1.0,42.8224
2018-01-06 17:09:00,0.001,0.0,0.0,0.0,0.0,0.0,0.0,0.0,0.0,0,0.001,42.731700000000004,1.0,42.7327
2018-01-06 17:10:00,0.001,0.0,0.0,0.0,0.0,0.0,0.0,0.0,0.0,0,0.001,42.642,1.0,42.643
2018-01-06 17:11:00,0.001,0.0,0.0,0.0,0.0,0.0,0.0,0.0,0.0,0,0.001,42.855500000000006,1.0,42.856500000000004
2018-01-06 17:12:00,0.001,0.0,0.0,0.0,0.0,0.0,0.0,0.0,0.0,0,0.001,43.069,1.0,43.07
2018-01-06 17:13:00,0.001,0.0,0.0,0.0,0.0,0.0,0.0,0.0,0.0,0,0.001,43.2825,1.0,43.2835
2018-01-06 17:14:00,0.001,0.0,0.0,0.0,0.0,0.0,0.0,0.0,0.0,0,0.001,43.496,1.0,43.497
2018-01-06 17:15:00,0.001,0.0,0.0,0.0,0.0,0.0,0.0,0.0,0.0,0,0.001,43.709500000000006,1.0,43.7105
2018-01-06 17:16:00,0.001,0.0,0.0,0.0,0.0,0.0,0.0,0.0,0.0,0,0.001,43.923,1.0,43.924
2018-01-06 17:17:00,0.001,0.0,0.0,0.0,0.0,0.0,0.0,0.0,0.0,0,0.001,44.1365,1.0,44.137499999999996
2018-01-06 17:18:00,0.001,0.0,0.0,0.0,0.0,0.0,0.0,0.0,0.0,0,0.001,44.35,1.0,44.351
2018-01-06 17:19:00,0.001,0.0,0.0,0.0,0.0,0.0,0.0,0.0,0.0,0,0.001,44.563500000000005,1.0,44.5645
2018-01-06 17:20:00,0.001,0.0,0.0,0.0,0.0,0.0,0.0,0.0,0.0,0,0.001,44.777,1.0,44.778
2018-01-06 17:21:00,0.001,0.0,0.0,0.0,0.0,0.0,0.0,0.0,0.0,0,0.001,44.562400000000004,1.0,44.5634
2018-01-06 17:22:00,0.001,0.0,0.0,0.0,0.0,0.0,0.0,0.0,0.0,0,0.001,44.3478,1.0,44.3488
2018-01-06 17:23:00,0.001,0.0,0.0,0.0,0.0,0.0,0.0,0.0,0.0,0,0.001,44.1332,1.0,44.1342
2018-01-06 17:24:00,0.001,0.0,0.0,0.0,0.0,0.0,0.0,0.0,0.0,0,0.001,43.9186,1.0,43.919599999999996
2018-01-06 17:25:00,0.001,0.0,0.0,0.0,0.0,0.0,0.0,0.0,0.0,0,0.001,43.704,1.0,43.705
2018-01-06 17:26:00,0.001,0.001,0.0,0.0,0.0,0.0,0.0,0.0,0.0,0,0.002,43.4894,2.0,43.491400000000006
2018-01-06 17:27:00,0.001,0.001,0.0,0.0,0.0,0.0,0.0,0.0,0.0,0,0.002,43.2748,2.0,43.2768
2018-01-06 17:28:00,0.001,0.001,0.001,0.0,0.0,0.0,0.0,0.0,0.0,0,0.003,43.0602,3.0,43.0632
2018-01-06 17:29:00,0.001,0.001,0.001,0.0,0.0,0.0,0.0,0.0,0.0,0,0.003,42.8456,3.0,42.8486
2018-01-06 17:30:00,0.001,0.001,0.001,0.0,0.0,0.0,0.0,0.0,0.0,0,0.003,42.631,3.0,42.634
2018-01-06 17:31:00,0.001,0.001,0.001,0.0,0.0,0.0,0.0,0.0,0.0,0,0.003,42.4776,3.0,42.4806
2018-01-06 17:32:00,0.001,0.001,0.001,0.0,0.0,0.0,0.0,0.0,0.0,0,0.003,42.3242,3.0,42.3272
2018-01-06 17:33:00,0.001,0.001,0.001,0.0,0.0,0.0,0.0,0.0,0.0,0,0.003,42.1708,3.0,42.1738
2018-01-06 17:34:00,0.001,0.001,0.001,0.0,0.0,0.0,0.0,0.0,0.0,0,0.003,42.0174,3.0,42.0204
2018-01-06 17:35:00,0.001,0.001,0.001,0.0,0.0,0.0,0.0,0.0,0.0,0,0.003,41.864000000000004,3.0,41.867000000000004
2018-01-06 17:36:00,0.001,0.001,0.001,0.0,0.0,0.0,0.0,0.0,0.0,0,0.003,41.7106,3.0,41.7136
2018-01-06 17:37:00,0.001,0.001,0.001,0.0,0.0,0.0,0.0,0.0,0.0,0,0.003,41.5572,3.0,41.5602
2018-01-06 17:38:00,0.001,0.001,0.001,0.0,0.0,0.0,0.0,0.0,0.0,0,0.003,41.403800000000004,3.0,41.406800000000004
2018-01-06 17:39:00,0.001,0.001,0.001,0.0,0.0,0.0,0.0,0.0,0.0,0,0.003,41.2504,3.0,41.2534
2018-01-06 17:40:00,0.001,0.001,0.001,0.0,0.0,0.0,0.0,0.0,0.0,0,0.003,41.097,3.0,41.1
2018-01-06 17:41:00,0.001,0.001,0.001,0.0,0.0,0.0,0.0,0.0,0.0,0,0.003,40.946400000000004,3.0,40.949400000000004
2018-01-06 17:42:00,0.001,0.001,0.001,0.0,0.0,0.0,0.0,0.0,0.0,0,0.003,40.7958,3.0,40.7988
2018-01-06 17:43:00,0.001,0.001,0.001,0.0,0.0,0.0,0.0,0.0,0.0,0,0.003,40.6452,3.0,40.6482
2018-01-06 17:44:00,0.001,0.001,0.001,0.0,0.0,0.0,0.0,0.0,0.0,0,0.003,40.4946,3.0,40.4976
2018-01-06 17:45:00,0.001,0.001,0.001,0.0,0.0,0.0,0.0,0.0,0.0,0,0.003,40.344,3.0,40.347
2018-01-06 17:46:00,0.001,0.001,0.001,0.0,0.0,0.0,0.0,0.0,0.0,0,0.003,40.193400000000004,3.0,40.196400000000004
2018-01-06 17:47:00,0.001,0.001,0.001,0.0,0.0,0.0,0.0,0.0,0.0,0,0.003,40.0428,3.0,40.0458
2018-01-06 17:48:00,0.001,0.001,0.001,0.0,0.0,0.0,0.0,0.0,0.0,0,0.003,39.8922,3.0,39.8952
2018-01-06 17:49:00,0.001,0.001,0.001,0.0,0.0,0.0,0.0,0.0,0.0,0,0.003,39.7416,3.0,39.7446
2018-01-06 17:50:00,0.001,0.001,0.001,0.0,0.0,0.0,0.0,0.0,0.0,0,0.003,39.591,3.0,39.594
2018-01-06 17:51:00,0.001,0.001,0.001,0.0,0.0,0.0,0.0,0.0,0.0,0,0.003,39.5099,3.0,39.5129
2018-01-06 17:52:00,0.001,0.001,0.001,0.0,0.0,0.0,0.0,0.0,0.0,0,0.003,39.4288,3.0,39.4318
2018-01-06 17:53:00,0.001,0.001,0.001,0.0,0.0,0.0,0.0,0.0,0.0,0,0.003,39.3477,3.0,39.3507
2018-01-06 17:54:00,0.001,0.001,0.001,0.0,0.0,0.0,0.0,0.0,0.0,0,0.003,39.266600000000004,3.0,39.269600000000004
2018-01-06 17:55:00,0.001,0.001,0.001,0.0,0.0,0.0,0.0,0.0,0.0,0,0.003,39.185500000000005,3.0,39.188500000000005
2018-01-06 17:56:00,0.001,0.001,0.001,0.0,0.0,0.0,0.0,0.0,0.0,0,0.003,39.1044,3.0,39.1074
2018-01-06 17:57:00,0.001,0.001,0.001,0.0,0.0,0.0,0.0,0.0,0.0,0,0.003,39.0233,3.0,39.0263
2018-01-06 17:58:00,0.001,0.001,0.001,0.0,0.0,0.0,0.0,0.0,0.0,0,0.003,38.9422,3.0,38.9452
2018-01-06 17:59:00,0.001,0.001,0.001,0.0,0.0,0.0,0.0,0.0,0.0,0,0.003,38.8611,3.0,38.8641
2018-01-06 18:00:00,0.001,0.001,0.001,0.0,0.0,0.0,0.0,0.0,0.0,0,0.003,38.78,3.0,38.783
2018-01-06 18:01:00,0.001,0.001,0.001,0.0,0.0,0.0,0.0,0.0,0.0,0,0.003,38.5864,3.0,38.5894
2018-01-06 18:02:00,0.001,0.001,0.001,0.0,0.0,0.0,0.0,0.0,0.0,0,0.003,38.3928,3.0,38.3958
2018-01-06 18:03:00,0.001,0.001,0.001,0.0,0.0,0.0,0.0,0.0,0.0,0,0.003,38.199200000000005,3.0,38.202200000000005
2018-01-06 18:04:00,0.001,0.001,0.001,0.0,0.0,0.0,0.0,0.0,0.0,0,0.003,38.0056,3.0,38.0086
2018-01-06 18:05:00,0.001,0.001,0.001,0.0,0.0,0.0,0.0,0.0,0.0,0,0.003,37.812,3.0,37.815
2018-01-06 18:06:00,0.001,0.001,0.001,0.0,0.0,0.0,0.0,0.0,0.0,0,0.003,37.6184,3.0,37.6214
2018-01-06 18:07:00,0.0,0.001,0.001,0.0,0.0,0.0,0.0,0.0,0.0,0,0.002,37.424800000000005,2.0,37.42680000000001
2018-01-06 18:08:00,0.0,0.001,0.001,0.0,0.0,0.0,0.0,0.0,0.0,0,0.002,37.2312,2.0,37.233200000000004
2018-01-06 18:09:00,0.0,0.001,0.001,0.0,0.0,0.0,0.0,0.0,0.0,0,0.002,37.0376,2.0,37.0396
2018-01-06 18:10:00,0.0,0.001,0.001,0.0,0.0,0.0,0.0,0.0,0.0,0,0.002,36.844,2.0,36.846000000000004
2018-01-06 18:11:00,0.0,0.001,0.001,0.0,0.0,0.0,0.0,0.0,0.0,0,0.002,37.0603,2.0,37.0623
2018-01-06 18:12:00,0.0,0.001,0.001,0.0,0.0,0.0,0.0,0.0,0.0,0,0.002,37.2766,2.0,37.278600000000004
2018-01-06 18:13:00,0.0,0.001,0.001,0.0,0.0,0.0,0.0,0.0,0.0,0,0.002,37.4929,2.0,37.4949
2018-01-06 18:14:00,0.0,0.001,0.001,0.0,0.0,0.0,0.0,0.0,0.0,0,0.002,37.7092,2.0,37.711200000000005
2018-01-06 18:15:00,0.0,0.001,0.001,0.0,0.0,0.0,0.0,0.0,0.0,0,0.002,37.9255,2.0,37.9275
2018-01-06 18:16:00,0.0,0.001,0.001,0.0,0.0,0.0,0.0,0.0,0.0,0,0.002,38.141799999999996,2.0,38.1438
2018-01-06 18:17:00,0.0,0.001,0.001,0.0,0.0,0.0,0.0,0.0,0.0,0,0.002,38.3581,2.0,38.3601
2018-01-06 18:18:00,0.0,0.001,0.001,0.0,0.0,0.0,0.0,0.0,0.0,0,0.002,38.5744,2.0,38.5764
2018-01-06 18:19:00,0.001,0.001,0.001,0.0,0.0,0.0,0.0,0.0,0.0,0,0.003,38.7907,3.0,38.7937
2018-01-06 18:20:00,0.001,0.001,0.001,0.0,0.0,0.0,0.0,0.0,0.0,0,0.003,39.007,3.0,39.01
2018-01-06 18:21:00,0.001,0.001,0.001,0.0,0.0,0.0,0.0,0.0,0.0,0,0.003,39.0381,3.0,39.0411
2018-01-06 18:22:00,0.001,0.001,0.001,0.0,0.0,0.0,0.0,0.0,0.0,0,0.003,39.069199999999995,3.0,39.072199999999995
2018-01-06 18:23:00,0.001,0.001,0.001,0.0,0.0,0.0,0.0,0.0,0.0,0,0.003,39.1003,3.0,39.1033
2018-01-06 18:24:00,0.001,0.001,0.001,0.0,0.0,0.0,0.0,0.0,0.0,0,0.003,39.1314,3.0,39.1344
2018-01-06 18:25:00,0.001,0.001,0.001,0.0,0.0,0.0,0.0,0.0,0.0,0,0.003,39.162499999999994,3.0,39.165499999999994
2018-01-06 18:26:00,0.001,0.001,0.001,0.0,0.0,0.0,0.0,0.0,0.0,0,0.003,39.193599999999996,3.0,39.1966
2018-01-06 18:27:00,0.001,0.0,0.001,0.0,0.0,0.0,0.0,0.0,0.0,0,0.002,39.2247,2.0,39.2267
2018-01-06 18:28:00,0.001,0.0,0.001,0.0,0.0,0.0,0.0,0.0,0.0,0,0.002,39.2558,2.0,39.2578
2018-01-06 18:29:00,0.001,0.0,0.0,0.0,0.0,0.0,0.0,0.0,0.0,0,0.001,39.286899999999996,1.0,39.28789999999999
2018-01-06 18:30:00,0.001,0.0,0.0,0.0,0.0,0.0,0.0,0.0,0.0,0,0.001,39.318,1.0,39.318999999999996
2018-01-06 18:31:00,0.001,0.001,0.0,0.0,0.0,0.0,0.0,0.0,0.0,0,0.002,39.443999999999996,2.0,39.446
2018-01-06 18:32:00,0.001,0.001,0.0,0.0,0.0,0.0,0.0,0.0,0.0,0,0.002,39.57,2.0,39.572
2018-01-06 18:33:00,0.001,0.001,0.0,0.0,0.0,0.0,0.0,0.0,0.0,0,0.002,39.696,2.0,39.698
2018-01-06 18:34:00,0.001,0.001,0.0,0.0,0.0,0.0,0.0,0.0,0.0,0,0.002,39.822,2.0,39.824000000000005
2018-01-06 18:35:00,0.001,0.001,0.0,0.0,0.0,0.0,0.0,0.0,0.0,0,0.002,39.948,2.0,39.95
2018-01-06 18:36:00,0.001,0.001,0.0,0.0,0.0,0.0,0.0,0.0,0.0,0,0.002,40.074,2.0,40.076
2018-01-06 18:37:00,0.001,0.001,0.0,0.0,0.0,0.0,0.0,0.0,0.0,0,0.002,40.2,2.0,40.202000000000005
2018-01-06 18:38:00,0.001,0.001,0.0,0.0,0.0,0.0,0.0,0.0,0.0,0,0.002,40.326,2.0,40.328
2018-01-06 18:39:00,0.001,0.001,0.0,0.0,0.0,0.0,0.0,0.0,0.0,0,0.002,40.452000000000005,2.0,40.45400000000001
2018-01-06 18:40:00,0.001,0.001,0.0,0.0,0.0,0.0,0.0,0.0,0.0,0,0.002,40.578,2.0,40.580000000000005
2018-01-06 18:41:00,0.001,0.001,0.0,0.0,0.0,0.0,0.0,0.0,0.0,0,0.002,40.4579,2.0,40.459900000000005
2018-01-06 18:42:00,0.001,0.001,0.0,0.0,0.0,0.0,0.0,0.0,0.0,0,0.002,40.3378,2.0,40.339800000000004
2018-01-06 18:43:00,0.001,0.001,0.0,0.0,0.0,0.0,0.0,0.0,0.0,0,0.002,40.2177,2.0,40.2197
2018-01-06 18:44:00,0.001,0.001,0.0,0.0,0.0,0.0,0.0,0.0,0.0,0,0.002,40.0976,2.0,40.0996
2018-01-06 18:45:00,0.001,0.001,0.0,0.0,0.0,0.0,0.0,0.0,0.0,0,0.002,39.977500000000006,2.0,39.97950000000001
2018-01-06 18:46:00,0.001,0.001,0.0,0.0,0.0,0.0,0.0,0.0,0.0,0,0.002,39.857400000000005,2.0,39.85940000000001
2018-01-06 18:47:00,0.001,0.001,0.0,0.0,0.0,0.0,0.0,0.0,0.0,0,0.002,39.737300000000005,2.0,39.73930000000001
2018-01-06 18:48:00,0.001,0.001,0.0,0.0,0.0,0.0,0.0,0.0,0.0,0,0.002,39.617200000000004,2.0,39.619200000000006
2018-01-06 18:49:00,0.001,0.001,0.0,0.0,0.0,0.0,0.0,0.0,0.0,0,0.002,39.4971,2.0,39.499100000000006
2018-01-06 18:50:00,0.001,0.001,0.001,0.0,0.0,0.0,0.0,0.0,0.0,0,0.003,39.377,3.0,39.38
2018-01-06 18:51:00,0.001,0.001,0.001,0.0,0.0,0.0,0.0,0.0,0.0,0,0.003,39.4729,3.0,39.4759
2018-01-06 18:52:00,0.001,0.001,0.001,0.0,0.0,0.0,0.0,0.0,0.0,0,0.003,39.5688,3.0,39.5718
2018-01-06 18:53:00,0.001,0.001,0.001,0.0,0.0,0.0,0.0,0.0,0.0,0,0.003,39.6647,3.0,39.6677
2018-01-06 18:54:00,0.001,0.001,0.001,0.0,0.0,0.0,0.0,0.0,0.0,0,0.003,39.760600000000004,3.0,39.763600000000004
2018-01-06 18:55:00,0.001,0.001,0.001,0.001,0.0,0.0,0.0,0.0,0.0,0,0.004,39.8565,4.0,39.860499999999995
2018-01-06 18:56:00,0.001,0.001,0.001,0.001,0.0,0.0,0.0,0.0,0.0,0,0.004,39.9524,4.0,39.956399999999995
2018-01-06 18:57:00,0.001,0.001,0.001,0.001,0.0,0.0,0.0,0.0,0.0,0,0.004,40.0483,4.0,40.052299999999995
2018-01-06 18:58:00,0.001,0.001,0.001,0.001,0.0,0.0,0.0,0.0,0.0,0,0.004,40.1442,4.0,40.148199999999996
2018-01-06 18:59:00,0.001,0.001,0.001,0.001,0.0,0.0,0.0,0.0,0.0,0,0.004,40.2401,4.0,40.244099999999996
2018-01-06 19:00:00,0.001,0.001,0.001,0.001,0.001,0.0,0.0,0.0,0.0,0,0.005,40.336,5.0,40.341
2018-01-06 19:01:00,0.001,0.001,0.001,0.001,0.001,0.001,0.0,0.0,0.0,0,0.006,40.1362,6.0,40.1422
2018-01-06 19:02:00,0.001,0.001,0.001,0.001,0.001,0.001,0.0,0.0,0.0,0,0.006,39.9364,6.0,39.9424
2018-01-06 19:03:00,0.001,0.001,0.001,0.001,0.001,0.001,0.0,0.0,0.0,0,0.006,39.736599999999996,6.0,39.742599999999996
2018-01-06 19:04:00,0.001,0.001,0.001,0.001,0.001,0.001,0.0,0.0,0.0,0,0.006,39.5368,6.0,39.5428
2018-01-06 19:05:00,0.001,0.001,0.001,0.001,0.001,0.001,0.0,0.0,0.0,0,0.006,39.337,6.0,39.343
2018-01-06 19:06:00,0.001,0.001,0.001,0.001,0.001,0.001,0.0,0.0,0.0,0,0.006,39.1372,6.0,39.1432
2018-01-06 19:07:00,0.001,0.001,0.001,0.001,0.001,0.001,0.0,0.0,0.0,0,0.006,38.9374,6.0,38.9434
2018-01-06 19:08:00,0.001,0.001,0.001,0.001,0.001,0.001,0.0,0.0,0.0,0,0.006,38.7376,6.0,38.7436
2018-01-06 19:09:00,0.001,0.001,0.001,0.001,0.001,0.001,0.0,0.0,0.0,0,0.006,38.537800000000004,6.0,38.543800000000005
2018-01-06 19:10:00,0.001,0.001,0.001,0.001,0.001,0.001,0.0,0.0,0.0,0,0.006,38.338,6.0,38.344
2018-01-06 19:11:00,0.001,0.001,0.001,0.001,0.001,0.001,0.0,0.0,0.0,0,0.006,38.0735,6.0,38.0795
2018-01-06 19:12:00,0.001,0.001,0.001,0.001,0.001,0.001,0.0,0.0,0.0,0,0.006,37.809,6.0,37.815
2018-01-06 19:13:00,0.001,0.001,0.001,0.001,0.001,0.001,0.0,0.0,0.0,0,0.006,37.5445,6.0,37.5505
2018-01-06 19:14:00,0.001,0.001,0.001,0.001,0.001,0.001,0.0,0.0,0.0,0,0.006,37.28,6.0,37.286
2018-01-06 19:15:00,0.001,0.001,0.001,0.001,0.001,0.001,0.0,0.0,0.0,0,0.006,37.0155,6.0,37.0215
2018-01-06 19:16:00,0.001,0.001,0.001,0.001,0.001,0.001,0.0,0.0,0.0,0,0.006,36.751,6.0,36.757
2018-01-06 19:17:00,0.001,0.001,0.001,0.001,0.001,0.001,0.001,0.0,0.0,0,0.007,36.4865,7.0,36.4935
2018-01-06 19:18:00,0.001,0.001,0.001,0.001,0.001,0.001,0.001,0.0,0.0,0,0.007,36.222,7.0,36.229
2018-01-06 19:19:00,0.001,0.001,0.001,0.001,0.001,0.001,0.001,0.0,0.0,0,0.007,35.957499999999996,7.0,35.964499999999994
2018-01-06 19:20:00,0.0,0.001,0.001,0.001,0.001,0.001,0.001,0.0,0.0,0,0.006,35.693,6.0,35.699
2018-01-06 19:21:00,0.0,0.001,0.001,0.001,0.001,0.001,0.001,0.0,0.0,0,0.006,35.8388,6.0,35.8448
2018-01-06 19:22:00,0.0,0.001,0.001,0.001,0.001,0.001,0.001,0.0,0.0,0,0.006,35.9846,6.0,35.9906
2018-01-06 19:23:00,0.0,0.001,0.001,0.001,0.001,0.001,0.001,0.0,0.0,0,0.006,36.1304,6.0,36.1364
2018-01-06 19:24:00,0.0,0.001,0.001,0.001,0.001,0.001,0.001,0.0,0.0,0,0.006,36.2762,6.0,36.2822
2018-01-06 19:25:00,0.0,0.001,0.001,0.001,0.001,0.001,0.001,0.0,0.0,0,0.006,36.422,6.0,36.428
2018-01-06 19:26:00,0.0,0.001,0.001,0.001,0.001,0.001,0.001,0.0,0.0,0,0.006,36.5678,6.0,36.5738
2018-01-06 19:27:00,0.0,0.001,0.001,0.001,0.001,0.001,0.001,0.0,0.0,0,0.006,36.7136,6.0,36.7196
2018-01-06 19:28:00,0.0,0.001,0.001,0.001,0.001,0.001,0.001,0.0,0.0,0,0.006,36.8594,6.0,36.8654
2018-01-06 19:29:00,0.0,0.001,0.001,0.001,0.001,0.001,0.001,0.0,0.0,0,0.006,37.0052,6.0,37.0112
2018-01-06 19:30:00,0.0,0.001,0.001,0.001,0.001,0.001,0.001,0.0,0.0,0,0.006,37.151,6.0,37.157000000000004
2018-01-06 19:31:00,0.0,0.001,0.001,0.001,0.001,0.001,0.001,0.0,0.0,0,0.006,37.66330000000001,6.0,37.66930000000001
2018-01-06 19:32:00,0.0,0.0,0.001,0.001,0.001,0.001,0.001,0.0,0.0,0,0.005,38.1756,5.0,38.180600000000005
2018-01-06 19:33:00,0.0,0.0,0.001,0.001,0.001,0.001,0.001,0.0,0.0,0,0.005,38.6879,5.0,38.6929
2018-01-06 19:34:00,0.0,0.0,0.001,0.001,0.001,0.001,0.001,0.0,0.0,0,0.005,39.2002,5.0,39.205200000000005
2018-01-06 19:35:00,0.0,0.0,0.001,0.001,0.001,0.001,0.001,0.0,0.0,0,0.005,39.712500000000006,5.0,39.71750000000001
2018-01-06 19:36:00,0.0,0.0,0.001,0.001,0.001,0.001,0.001,0.0,0.0,0,0.005,40.2248,5.0,40.229800000000004
2018-01-06 19:37:00,0.0,0.0,0.001,0.001,0.001,0.001,0.001,0.0,0.0,0,0.005,40.7371,5.0,40.7421
2018-01-06 19:38:00,0.0,0.0,0.001,0.001,0.001,0.001,0.001,0.0,0.0,0,0.005,41.2494,5.0,41.254400000000004
2018-01-06 19:39:00,0.0,0.0,0.001,0.001,0.001,0.001,0.001,0.0,0.0,0,0.005,41.761700000000005,5.0,41.76670000000001
2018-01-06 19:40:00,0.0,0.0,50.0,50.0,50.0,50.0,50.0,0.0,0.0,0,250.0,42.274,5.0,292.274
2018-01-06 19:41:00,0.0,0.0,50.0,50.0,50.0,50.0,50.0,0.0,0.0,0,250.0,42.1032,5.0,292.1032
2018-01-06 19:42:00,0.0,0.0,50.0,50.0,50.0,50.0,50.0,0.0,0.0,0,250.0,41.9324,5.0,291.93240000000003
2018-01-06 19:43:00,0.0,0.0,50.0,50.0,50.0,50.0,50.0,0.0,0.0,0,250.0,41.7616,5.0,291.7616
2018-01-06 19:44:00,0.0,0.0,50.0,50.0,50.0,50.0,50.0,0.0,0.0,0,250.0,41.5908,5.0,291.5908
2018-01-06 19:45:00,0.0,0.0,50.0,50.0,50.0,50.0,50.0,0.0,0.0,0,250.0,41.42,5.0,291.42
2018-01-06 19:46:00,0.0,0.0,50.0,50.0,50.0,50.0,50.0,0.0,0.0,0,250.0,41.2492,5.0,291.2492
2018-01-06 19:47:00,0.0,0.0,0.0,50.0,50.0,50.0,50.0,0.0,0.0,0,200.0,41.0784,4.0,241.0784
2018-01-06 19:48:00,0.0,0.0,0.0,50.0,50.0,50.0,50.0,0.0,0.0,0,200.0,40.9076,4.0,240.9076
2018-01-06 19:49:00,0.0,0.0,0.0,50.0,50.0,50.0,50.0,0.0,0.0,0,200.0,40.7368,4.0,240.73680000000002
2018-01-06 19:50:00,0.0,0.0,0.0,0.0,50.0,50.0,50.0,0.0,0.0,0,150.0,40.566,3.0,190.566
2018-01-06 19:51:00,0.0,0.0,0.0,0.0,50.0,50.0,50.0,0.0,0.0,0,150.0,39.9407,3.0,189.9407
2018-01-06 19:52:00,0.0,0.0,0.0,0.0,0.0,50.0,50.0,0.0,0.0,0,100.0,39.315400000000004,2.0,139.3154
2018-01-06 19:53:00,0.0,0.0,0.0,0.0,0.0,0.0,50.0,0.0,0.0,0,50.0,38.6901,1.0,88.6901
2018-01-06 19:54:00,0.0,0.0,0.0,0.0,0.0,0.0,50.0,0.0,0.0,0,50.0,38.064800000000005,1.0,88.0648
2018-01-06 19:55:00,0.0,0.0,0.0,0.0,0.0,0.0,50.0,0.0,0.0,0,50.0,37.4395,1.0,87.43950000000001
2018-01-06 19:56:00,0.0,0.0,0.0,0.0,0.0,0.0,50.0,0.0,0.0,0,50.0,36.8142,1.0,86.8142
2018-01-06 19:57:00,0.0,0.0,0.0,0.0,0.0,0.0,50.0,0.0,0.0,0,50.0,36.188900000000004,1.0,86.1889
2018-01-06 19:58:00,0.0,0.0,0.0,0.0,0.0,0.0,50.0,0.0,0.0,0,50.0,35.5636,1.0,85.56360000000001
2018-01-06 19:59:00,0.0,0.0,0.0,0.0,0.0,0.0,50.0,0.0,0.0,0,50.0,34.938300000000005,1.0,84.9383
2018-01-06 20:00:00,0.0,0.0,0.0,0.0,0.0,0.0,50.0,0.0,0.0,0,50.0,34.313,1.0,84.313
2018-01-06 20:01:00,0.0,0.0,0.0,0.0,0.0,0.0,0.0,0.0,0.0,0,0.0,33.7862,0.0,33.7862
2018-01-06 20:02:00,0.0,0.0,0.0,0.0,0.0,0.0,0.0,0.0,0.0,0,0.0,33.2594,0.0,33.2594
2018-01-06 20:03:00,0.0,0.0,0.0,0.0,0.0,0.0,0.0,0.0,0.0,0,0.0,32.732600000000005,0.0,32.732600000000005
2018-01-06 20:04:00,0.0,0.0,0.0,0.0,0.0,0.0,0.0,0.0,0.0,0,0.0,32.2058,0.0,32.2058
2018-01-06 20:05:00,0.0,0.0,0.0,0.0,0.0,0.0,0.0,0.0,0.0,0,0.0,31.679000000000002,0.0,31.679000000000002
2018-01-06 20:06:00,0.0,0.0,0.0,0.0,0.0,0.0,0.0,0.0,0.0,0,0.0,31.1522,0.0,31.1522
2018-01-06 20:07:00,0.0,0.0,0.0,0.0,0.0,0.0,0.0,0.0,0.0,0,0.0,30.625400000000003,0.0,30.625400000000003
2018-01-06 20:08:00,0.0,0.0,0.0,0.0,0.0,0.0,0.0,0.0,0.0,0,0.0,30.0986,0.0,30.0986
2018-01-06 20:09:00,0.0,0.0,0.0,0.0,0.0,0.0,0.0,0.0,0.0,0,0.0,29.571800000000003,0.0,29.571800000000003
2018-01-06 20:10:00,0.0,0.0,0.0,0.0,0.0,0.0,0.0,0.0,0.0,0,0.0,29.045,0.0,29.045
2018-01-06 20:11:00,0.0,0.0,0.0,0.0,0.0,0.0,0.0,0.0,0.0,0,0.0,28.7791,0.0,28.7791
2018-01-06 20:12:00,0.0,0.0,0.0,0.0,0.0,0.0,0.0,0.0,0.0,0,0.0,28.5132,0.0,28.5132
2018-01-06 20:13:00,0.0,0.0,0.0,0.0,0.0,0.0,0.0,0.0,0.0,0,0.0,28.247300000000003,0.0,28.247300000000003
2018-01-06 20:14:00,0.0,0.0,0.0,0.0,0.0,0.0,0.0,0.0,0.0,0,0.0,27.9814,0.0,27.9814
2018-01-06 20:15:00,0.0,0.0,0.0,0.0,0.0,0.0,0.0,0.0,0.0,0,0.0,27.7155,0.0,27.7155
2018-01-06 20:16:00,0.0,0.0,0.0,0.0,0.0,0.0,0.0,0.0,0.0,0,0.0,27.4496,0.0,27.4496
2018-01-06 20:17:00,0.0,0.0,0.0,0.0,0.0,0.0,0.0,0.0,0.0,0,0.0,27.1837,0.0,27.1837
2018-01-06 20:18:00,0.0,0.0,0.0,0.0,0.0,0.0,0.0,0.0,0.0,0,0.0,26.9178,0.0,26.9178
2018-01-06 20:19:00,0.0,0.0,0.0,0.0,0.0,0.0,0.0,0.0,0.0,0,0.0,26.651899999999998,0.0,26.651899999999998
2018-01-06 20:20:00,0.0,0.0,0.0,0.0,0.0,0.0,0.0,0.0,0.0,0,0.0,26.386,0.0,26.386
2018-01-06 20:21:00,0.0,0.0,0.0,0.0,0.0,0.0,0.0,0.0,0.0,0,0.0,26.406,0.0,26.406
2018-01-06 20:22:00,0.0,0.0,0.0,0.0,0.0,0.0,0.0,0.0,0.0,0,0.0,26.426,0.0,26.426
2018-01-06 20:23:00,0.0,0.0,0.0,0.0,0.0,0.0,0.0,0.0,0.0,0,0.0,26.445999999999998,0.0,26.445999999999998
2018-01-06 20:24:00,0.0,0.0,0.0,0.0,0.0,0.0,0.0,0.0,0.0,0,0.0,26.465999999999998,0.0,26.465999999999998
2018-01-06 20:25:00,0.0,0.0,0.0,0.0,0.0,0.0,0.0,0.0,0.0,0,0.0,26.485999999999997,0.0,26.485999999999997
2018-01-06 20:26:00,0.0,0.0,0.0,0.0,0.0,0.0,0.0,0.0,0.0,0,0.0,26.506,0.0,26.506
2018-01-06 20:27:00,0.0,0.0,0.0,0.0,0.0,0.0,0.0,0.0,0.0,0,0.0,26.526,0.0,26.526
2018-01-06 20:28:00,0.0,0.0,0.0,0.0,0.0,0.0,0.0,0.0,0.0,0,0.0,26.546,0.0,26.546
2018-01-06 20:29:00,0.0,0.0,0.0,0.0,0.0,0.0,0.0,0.0,0.0,0,0.0,26.566,0.0,26.566
2018-01-06 20:30:00,0.0,0.0,0.0,0.0,0.0,0.0,0.0,0.0,0.0,0,0.0,26.586,0.0,26.586
2018-01-06 20:31:00,0.0,0.0,0.0,0.0,0.0,0.0,0.0,0.0,0.0,0,0.0,26.5398,0.0,26.5398
2018-01-06 20:32:00,0.0,0.0,0.0,0.0,0.0,0.0,0.0,0.0,0.0,0,0.0,26.493599999999997,0.0,26.493599999999997
2018-01-06 20:33:00,0.0,0.0,0.0,0.0,0.0,0.0,0.0,0.0,0.0,0,0.0,26.4474,0.0,26.4474
2018-01-06 20:34:00,0.0,0.0,0.0,0.0,0.0,0.0,0.0,0.0,0.0,0,0.0,26.4012,0.0,26.4012
2018-01-06 20:35:00,50.0,0.0,0.0,0.0,0.0,0.0,0.0,0.0,0.0,0,50.0,26.354999999999997,1.0,76.35499999999999
2018-01-06 20:36:00,50.0,0.0,0.0,0.0,0.0,0.0,0.0,0.0,0.0,0,50.0,26.308799999999998,1.0,76.30879999999999
2018-01-06 20:37:00,50.0,0.0,0.0,0.0,0.0,0.0,0.0,0.0,0.0,0,50.0,26.2626,1.0,76.26259999999999
2018-01-06 20:38:00,50.0,0.0,0.0,0.0,0.0,0.0,0.0,0.0,0.0,0,50.0,26.2164,1.0,76.2164
2018-01-06 20:39:00,50.0,0.0,0.0,0.0,0.0,0.0,0.0,0.0,0.0,0,50.0,26.170199999999998,1.0,76.1702
2018-01-06 20:40:00,50.0,0.0,0.0,0.0,0.0,0.0,0.0,0.0,0.0,0,50.0,26.124,1.0,76.124
2018-01-06 20:41:00,50.0,0.0,0.0,0.0,0.0,0.0,0.0,0.0,0.0,0,50.0,25.9713,1.0,75.9713
2018-01-06 20:42:00,50.0,0.0,0.0,0.0,0.0,0.0,0.0,0.0,0.0,0,50.0,25.8186,1.0,75.8186
2018-01-06 20:43:00,50.0,0.0,0.0,0.0,0.0,0.0,0.0,0.0,0.0,0,50.0,25.6659,1.0,75.6659
2018-01-06 20:44:00,50.0,0.0,0.0,0.0,0.0,0.0,0.0,0.0,0.0,0,50.0,25.5132,1.0,75.5132
2018-01-06 20:45:00,50.0,0.0,0.0,0.0,0.0,0.0,0.0,0.0,0.0,0,50.0,25.360500000000002,1.0,75.3605
2018-01-06 20:46:00,50.0,0.0,0.0,0.0,0.0,0.0,0.0,0.0,0.0,0,50.0,25.2078,1.0,75.20779999999999
2018-01-06 20:47:00,50.0,0.0,0.0,0.0,0.0,0.0,0.0,0.0,0.0,0,50.0,25.0551,1.0,75.0551
2018-01-06 20:48:00,50.0,0.0,0.0,0.0,0.0,0.0,0.0,0.0,0.0,0,50.0,24.9024,1.0,74.9024
2018-01-06 20:49:00,50.0,0.0,0.0,0.0,0.0,0.0,0.0,0.0,0.0,0,50.0,24.7497,1.0,74.7497
2018-01-06 20:50:00,50.0,0.0,0.0,0.0,0.0,0.0,0.0,0.0,0.0,0,50.0,24.597,1.0,74.59700000000001
2018-01-06 20:51:00,50.0,0.0,0.0,0.0,0.0,0.0,0.0,0.0,0.0,0,50.0,24.988400000000002,1.0,74.9884
2018-01-06 20:52:00,50.0,0.0,0.0,0.0,0.0,0.0,0.0,0.0,0.0,0,50.0,25.3798,1.0,75.3798
2018-01-06 20:53:00,50.0,0.0,0.0,0.0,0.0,0.0,0.0,0.0,0.0,0,50.0,25.7712,1.0,75.7712
2018-01-06 20:54:00,50.0,0.0,0.0,0.0,0.0,0.0,0.0,0.0,0.0,0,50.0,26.1626,1.0,76.1626
2018-01-06 20:55:00,50.0,0.0,0.0,0.0,0.0,0.0,0.0,0.0,0.0,0,50.0,26.554000000000002,1.0,76.554
2018-01-06 20:56:00,50.0,0.0,0.0,0.0,0.0,0.0,0.0,0.0,0.0,0,50.0,26.9454,1.0,76.9454
2018-01-06 20:57:00,50.0,0.0,0.0,0.0,0.0,0.0,0.0,0.0,0.0,0,50.0,27.3368,1.0,77.3368
2018-01-06 20:58:00,50.0,0.0,0.0,0.0,0.0,0.0,0.0,0.0,0.0,0,50.0,27.7282,1.0,77.7282
2018-01-06 20:59:00,50.0,0.0,0.0,0.0,0.0,0.0,0.0,0.0,0.0,0,50.0,28.1196,1.0,78.11959999999999
2018-01-06 21:00:00,0.0,0.0,0.0,0.0,0.0,0.0,0.0,0.0,0.0,0,0.0,28.511,0.0,28.511
2018-01-06 21:01:00,0.0,0.0,0.0,0.0,0.0,0.0,0.0,0.0,0.0,0,0.0,28.2519,0.0,28.2519
2018-01-06 21:02:00,0.0,0.0,0.0,0.0,0.0,0.0,0.0,0.0,0.0,0,0.0,27.9928,0.0,27.9928
2018-01-06 21:03:00,0.0,0.0,0.0,0.0,0.0,0.0,0.0,0.0,0.0,0,0.0,27.7337,0.0,27.7337
2018-01-06 21:04:00,0.0,0.0,0.0,0.0,0.0,0.0,0.0,0.0,0.0,0,0.0,27.4746,0.0,27.4746
2018-01-06 21:05:00,0.0,0.0,0.0,0.0,0.0,0.0,0.0,0.0,0.0,0,0.0,27.2155,0.0,27.2155
2018-01-06 21:06:00,0.0,0.0,0.0,0.0,0.0,0.0,0.0,0.0,0.0,0,0.0,26.956400000000002,0.0,26.956400000000002
2018-01-06 21:07:00,0.0,0.0,0.0,0.0,0.0,0.0,0.0,0.0,0.0,0,0.0,26.697300000000002,0.0,26.697300000000002
2018-01-06 21:08:00,0.0,0.0,0.0,0.0,0.0,0.0,0.0,0.0,0.0,0,0.0,26.438200000000002,0.0,26.438200000000002
2018-01-06 21:09:00,0.0,0.0,0.0,0.0,0.0,0.0,0.0,0.0,0.0,0,0.0,26.179100000000002,0.0,26.179100000000002
2018-01-06 21:10:00,0.0,0.0,0.0,0.0,0.0,0.0,0.0,0.0,0.0,0,0.0,25.92,0.0,25.92
2018-01-06 21:11:00,0.0,0.0,0.0,0.0,0.0,0.0,0.0,0.0,0.0,0,0.0,26.125,0.0,26.125
2018-01-06 21:12:00,0.0,0.0,0.0,0.0,0.0,0.0,0.0,0.0,0.0,0,0.0,26.330000000000002,0.0,26.330000000000002
2018-01-06 21:13:00,0.0,0.0,0.0,0.0,0.0,0.0,0.0,0.0,0.0,0,0.0,26.535,0.0,26.535
2018-01-06 21:14:00,0.0,0.0,0.0,0.0,0.0,0.0,0.0,0.0,0.0,0,0.0,26.740000000000002,0.0,26.740000000000002
2018-01-06 21:15:00,0.0,0.0,0.0,0.0,0.0,0.0,0.0,0.0,0.0,0,0.0,26.945,0.0,26.945
2018-01-06 21:16:00,0.0,0.0,0.0,0.0,0.0,0.0,0.0,0.0,0.0,0,0.0,27.15,0.0,27.15
2018-01-06 21:17:00,0.0,0.0,0.0,0.0,0.0,0.0,0.0,0.0,0.0,0,0.0,27.355,0.0,27.355
2018-01-06 21:18:00,0.0,0.0,0.0,0.0,0.0,0.0,0.0,0.0,0.0,0,0.0,27.56,0.0,27.56
2018-01-06 21:19:00,0.0,0.0,0.0,0.0,0.0,0.0,0.0,0.0,0.0,0,0.0,27.765,0.0,27.765
2018-01-06 21:20:00,0.0,0.0,0.0,0.0,0.0,0.0,0.0,0.0,0.0,0,0.0,27.97,0.0,27.97
2018-01-06 21:21:00,0.0,0.0,0.0,0.0,0.0,0.0,0.0,0.0,0.0,0,0.0,27.621299999999998,0.0,27.621299999999998
2018-01-06 21:22:00,0.0,0.0,0.0,0.0,0.0,0.0,0.0,0.0,0.0,0,0.0,27.2726,0.0,27.2726
2018-01-06 21:23:00,0.0,0.0,0.0,0.0,0.0,0.0,0.0,0.0,0.0,0,0.0,26.9239,0.0,26.9239
2018-01-06 21:24:00,0.0,0.0,0.0,0.0,0.0,0.0,0.0,0.0,0.0,0,0.0,26.5752,0.0,26.5752
2018-01-06 21:25:00,0.0,0.0,0.0,0.0,0.0,0.0,0.0,0.0,0.0,0,0.0,26.2265,0.0,26.2265
2018-01-06 21:26:00,0.0,0.0,0.0,0.0,0.0,0.0,0.0,0.0,0.0,0,0.0,25.8778,0.0,25.8778
2018-01-06 21:27:00,0.0,0.0,0.0,0.0,0.0,0.0,0.0,0.0,0.0,0,0.0,25.5291,0.0,25.5291
2018-01-06 21:28:00,0.0,0.0,0.0,0.0,0.0,0.0,0.0,0.0,0.0,0,0.0,25.1804,0.0,25.1804
2018-01-06 21:29:00,0.0,0.0,0.0,0.0,0.0,0.0,0.0,0.0,0.0,0,0.0,24.8317,0.0,24.8317
2018-01-06 21:30:00,0.0,0.0,0.0,0.0,0.0,0.0,0.0,0.0,0.0,0,0.0,24.483,0.0,24.483
2018-01-06 21:31:00,0.0,0.0,0.0,0.0,0.0,0.0,0.0,0.0,0.0,0,0.0,24.1098,0.0,24.1098
2018-01-06 21:32:00,0.0,0.0,0.0,0.0,0.0,0.0,0.0,0.0,0.0,0,0.0,23.7366,0.0,23.7366
2018-01-06 21:33:00,0.0,0.0,0.0,0.0,0.0,0.0,0.0,0.0,0.0,0,0.0,23.363400000000002,0.0,23.363400000000002
2018-01-06 21:34:00,0.0,0.0,0.0,0.0,0.0,0.0,0.0,0.0,0.0,0,0.0,22.9902,0.0,22.9902
2018-01-06 21:35:00,0.0,0.0,0.0,0.0,0.0,0.0,0.0,0.0,0.0,0,0.0,22.617,0.0,22.617
2018-01-06 21:36:00,0.0,0.0,0.0,0.0,0.0,0.0,0.0,0.0,0.0,0,0.0,22.2438,0.0,22.2438
2018-01-06 21:37:00,0.0,0.0,0.0,0.0,0.0,0.0,0.0,0.0,0.0,0,0.0,21.8706,0.0,21.8706
2018-01-06 21:38:00,0.0,0.0,0.0,0.0,0.0,0.0,0.0,0.0,0.0,0,0.0,21.497400000000003,0.0,21.497400000000003
2018-01-06 21:39:00,0.0,0.0,0.0,0.0,0.0,0.0,0.0,0.0,0.0,0,0.0,21.124200000000002,0.0,21.124200000000002
2018-01-06 21:40:00,0.0,0.0,0.0,0.0,0.0,0.0,0.0,0.0,0.0,0,0.0,20.751,0.0,20.751
2018-01-06 21:41:00,0.0,0.0,0.0,0.0,0.0,0.0,0.0,0.0,0.0,0,0.0,20.835700000000003,0.0,20.835700000000003
2018-01-06 21:42:00,0.0,0.0,0.0,0.0,0.0,0.0,0.0,0.0,0.0,0,0.0,20.9204,0.0,20.9204
2018-01-06 21:43:00,0.0,0.0,0.0,0.0,0.0,0.0,0.0,0.0,0.0,0,0.0,21.0051,0.0,21.0051
2018-01-06 21:44:00,0.0,0.0,0.0,0.0,0.0,0.0,0.0,0.0,0.0,0,0.0,21.0898,0.0,21.0898
2018-01-06 21:45:00,0.0,0.0,0.0,0.0,0.0,0.0,0.0,0.0,0.0,0,0.0,21.174500000000002,0.0,21.174500000000002
2018-01-06 21:46:00,0.0,0.0,0.0,0.0,0.0,0.0,0.0,0.0,0.0,0,0.0,21.2592,0.0,21.2592
2018-01-06 21:47:00,0.0,0.0,0.0,0.0,0.0,0.0,0.0,0.0,0.0,0,0.0,21.343899999999998,0.0,21.343899999999998
2018-01-06 21:48:00,0.0,0.0,0.0,0.0,0.0,0.0,0.0,0.0,0.0,0,0.0,21.4286,0.0,21.4286
2018-01-06 21:49:00,0.0,0.0,0.0,0.0,0.0,0.0,0.0,0.0,0.0,0,0.0,21.5133,0.0,21.5133
2018-01-06 21:50:00,0.0,0.0,0.0,0.0,0.0,0.0,0.0,0.0,0.0,0,0.0,21.598,0.0,21.598
2018-01-06 21:51:00,0.0,0.0,0.0,0.0,0.0,0.0,0.0,0.0,0.0,0,0.0,21.6911,0.0,21.6911
2018-01-06 21:52:00,0.0,0.0,0.0,0.0,0.0,0.0,0.0,0.0,0.0,0,0.0,21.7842,0.0,21.7842
2018-01-06 21:53:00,0.0,0.0,0.0,0.0,0.0,0.0,0.0,0.0,0.0,0,0.0,21.877299999999998,0.0,21.877299999999998
2018-01-06 21:54:00,0.0,0.0,0.0,0.0,0.0,0.0,0.0,0.0,0.0,0,0.0,21.970399999999998,0.0,21.970399999999998
2018-01-06 21:55:00,0.0,0.0,0.0,0.0,0.0,0.0,0.0,0.0,0.0,0,0.0,22.063499999999998,0.0,22.063499999999998
2018-01-06 21:56:00,0.0,0.0,0.0,0.0,0.0,0.0,0.0,0.0,0.0,0,0.0,22.1566,0.0,22.1566
2018-01-06 21:57:00,0.0,0.0,0.0,0.0,0.0,0.0,0.0,0.0,0.0,0,0.0,22.2497,0.0,22.2497
2018-01-06 21:58:00,0.0,0.0,0.0,0.0,0.0,0.0,0.0,0.0,0.0,0,0.0,22.3428,0.0,22.3428
2018-01-06 21:59:00,0.0,0.0,0.0,0.0,0.0,0.0,0.0,0.0,0.0,0,0.0,22.4359,0.0,22.4359
2018-01-06 22:00:00,0.0,0.0,0.0,0.0,0.0,0.0,0.0,0.0,0.0,0,0.0,22.529,0.0,22.529
2018-01-06 22:01:00,0.0,0.0,0.0,0.0,0.0,0.0,0.0,0.0,0.0,0,0.0,22.7136,0.0,22.7136
2018-01-06 22:02:00,0.0,0.0,0.0,0.0,0.0,0.0,0.0,0.0,0.0,0,0.0,22.8982,0.0,22.8982
2018-01-06 22:03:00,0.0,0.0,0.0,0.0,0.0,0.0,0.0,0.0,0.0,0,0.0,23.0828,0.0,23.0828
2018-01-06 22:04:00,0.0,0.0,0.0,0.0,0.0,0.0,0.0,0.0,0.0,0,0.0,23.2674,0.0,23.2674
2018-01-06 22:05:00,0.0,0.0,0.0,0.0,0.0,0.0,0.0,0.0,0.0,0,0.0,23.451999999999998,0.0,23.451999999999998
2018-01-06 22:06:00,0.0,0.0,0.0,0.0,0.0,0.0,0.0,0.0,0.0,0,0.0,23.6366,0.0,23.6366
2018-01-06 22:07:00,0.0,0.0,0.0,0.0,0.0,0.0,0.0,0.0,0.0,0,0.0,23.8212,0.0,23.8212
2018-01-06 22:08:00,0.0,0.0,0.0,0.0,0.0,0.0,0.0,0.0,0.0,0,0.0,24.0058,0.0,24.0058
2018-01-06 22:09:00,0.0,0.0,0.0,0.0,0.0,0.0,0.0,0.0,0.0,0,0.0,24.1904,0.0,24.1904
2018-01-06 22:10:00,0.0,0.0,0.0,0.0,0.0,0.0,0.0,0.0,0.0,0,0.0,24.375,0.0,24.375
2018-01-06 22:11:00,0.0,0.0,0.0,0.0,0.0,0.0,0.0,0.0,0.0,0,0.0,24.2743,0.0,24.2743
2018-01-06 22:12:00,0.0,0.0,0.0,0.0,0.0,0.0,0.0,0.0,0.0,0,0.0,24.1736,0.0,24.1736
2018-01-06 22:13:00,0.0,0.0,0.0,0.0,0.0,0.0,0.0,0.0,0.0,0,0.0,24.0729,0.0,24.0729
2018-01-06 22:14:00,0.0,0.0,0.0,0.0,0.0,0.0,0.0,0.0,0.0,0,0.0,23.9722,0.0,23.9722
2018-01-06 22:15:00,0.0,0.0,0.0,0.0,0.0,0.0,0.0,0.0,0.0,0,0.0,23.871499999999997,0.0,23.871499999999997
2018-01-06 22:16:00,0.0,0.0,0.0,0.0,0.0,0.0,0.0,0.0,0.0,0,0.0,23.770799999999998,0.0,23.770799999999998
2018-01-06 22:17:00,0.0,0.0,0.0,0.0,0.0,0.0,0.0,0.0,0.0,0,0.0,23.670099999999998,0.0,23.670099999999998
2018-01-06 22:18:00,0.0,0.0,0.0,0.0,0.0,0.0,0.0,0.0,0.0,0,0.0,23.569399999999998,0.0,23.569399999999998
2018-01-06 22:19:00,0.0,0.0,0.0,0.0,0.0,0.0,0.0,0.0,0.0,0,0.0,23.4687,0.0,23.4687
2018-01-06 22:20:00,0.0,0.0,0.0,0.0,0.0,0.0,0.0,0.0,0.0,0,0.0,23.368,0.0,23.368
2018-01-06 22:21:00,0.0,0.0,0.0,0.0,0.0,0.0,0.0,0.0,0.0,0,0.0,23.271099999999997,0.0,23.271099999999997
2018-01-06 22:22:00,0.0,0.0,0.0,0.0,0.0,0.0,0.0,0.0,0.0,0,0.0,23.1742,0.0,23.1742
2018-01-06 22:23:00,0.0,0.0,0.0,0.0,0.0,0.0,0.0,0.0,0.0,0,0.0,23.0773,0.0,23.0773
2018-01-06 22:24:00,0.0,0.0,0.0,0.0,0.0,0.0,0.0,0.0,0.0,0,0.0,22.9804,0.0,22.9804
2018-01-06 22:25:00,0.0,0.0,0.0,0.0,0.0,0.0,0.0,0.0,0.0,0,0.0,22.883499999999998,0.0,22.883499999999998
2018-01-06 22:26:00,0.0,0.0,0.0,0.0,0.0,0.0,0.0,0.0,0.0,0,0.0,22.7866,0.0,22.7866
2018-01-06 22:27:00,0.0,0.0,0.0,0.0,0.0,0.0,0.0,0.0,0.0,0,0.0,22.689700000000002,0.0,22.689700000000002
2018-01-06 22:28:00,0.0,0.0,0.0,0.0,0.0,0.0,0.0,0.0,0.0,0,0.0,22.5928,0.0,22.5928
2018-01-06 22:29:00,0.0,0.0,0.0,0.0,0.0,0.0,0.0,0.0,0.0,0,0.0,22.4959,0.0,22.4959
2018-01-06 22:30:00,0.0,0.0,0.0,0.0,0.0,0.0,0.0,0.0,0.0,0,0.0,22.399,0.0,22.399
2018-01-06 22:31:00,0.0,0.0,0.0,0.0,0.0,0.0,0.0,0.0,0.0,0,0.0,22.6599,0.0,22.6599
2018-01-06 22:32:00,0.0,0.0,0.0,0.0,0.0,0.0,0.0,0.0,0.0,0,0.0,22.9208,0.0,22.9208
2018-01-06 22:33:00,0.0,0.0,0.0,0.0,0.0,0.0,0.0,0.0,0.0,0,0.0,23.1817,0.0,23.1817
2018-01-06 22:34:00,0.0,0.0,0.0,0.0,0.0,0.0,0.0,0.0,0.0,0,0.0,23.4426,0.0,23.4426
2018-01-06 22:35:00,0.0,0.0,0.0,0.0,0.0,0.0,0.0,0.0,0.0,0,0.0,23.7035,0.0,23.7035
2018-01-06 22:36:00,0.0,0.0,0.0,0.0,0.0,0.0,0.0,0.0,0.0,0,0.0,23.9644,0.0,23.9644
2018-01-06 22:37:00,0.0,0.0,0.0,0.0,0.0,0.0,0.0,0.0,0.0,0,0.0,24.2253,0.0,24.2253
2018-01-06 22:38:00,0.0,0.0,0.0,0.0,0.0,0.0,0.0,0.0,0.0,0,0.0,24.4862,0.0,24.4862
2018-01-06 22:39:00,0.0,0.0,0.0,0.0,0.0,0.0,0.0,0.0,0.0,0,0.0,24.7471,0.0,24.7471
2018-01-06 22:40:00,0.0,0.0,0.0,0.0,0.0,0.0,0.0,0.0,0.0,0,0.0,25.008,0.0,25.008
2018-01-06 22:41:00,0.0,0.0,0.0,0.0,0.0,0.0,0.0,0.0,0.0,0,0.0,24.6903,0.0,24.6903
2018-01-06 22:42:00,0.0,0.0,0.0,0.0,0.0,0.0,0.0,0.0,0.0,0,0.0,24.3726,0.0,24.3726
2018-01-06 22:43:00,0.0,0.0,0.0,0.0,0.0,0.0,0.0,0.0,0.0,0,0.0,24.0549,0.0,24.0549
2018-01-06 22:44:00,0.0,0.0,0.0,0.0,0.0,0.0,0.0,0.0,0.0,0,0.0,23.737199999999998,0.0,23.737199999999998
2018-01-06 22:45:00,0.0,0.0,0.0,0.0,0.0,0.0,0.0,0.0,0.0,0,0.0,23.4195,0.0,23.4195
2018-01-06 22:46:00,0.0,0.0,0.0,0.0,0.0,0.0,0.0,0.0,0.0,0,0.0,23.1018,0.0,23.1018
2018-01-06 22:47:00,0.0,0.0,0.0,0.0,0.0,0.0,0.0,0.0,0.0,0,0.0,22.7841,0.0,22.7841
2018-01-06 22:48:00,0.0,0.0,0.0,0.0,0.0,0.0,0.0,0.0,0.0,0,0.0,22.4664,0.0,22.4664
2018-01-06 22:49:00,0.0,0.0,0.0,0.0,0.0,0.0,0.0,0.0,0.0,0,0.0,22.148699999999998,0.0,22.148699999999998
2018-01-06 22:50:00,0.0,0.0,0.0,0.0,0.0,0.0,0.0,0.0,0.0,0,0.0,21.831,0.0,21.831
2018-01-06 22:51:00,0.0,0.0,0.0,0.0,0.0,0.0,0.0,0.0,0.0,0,0.0,21.9211,0.0,21.9211
2018-01-06 22:52:00,0.0,0.0,0.0,0.0,0.0,0.0,0.0,0.0,0.0,0,0.0,22.0112,0.0,22.0112
2018-01-06 22:53:00,0.0,0.0,0.0,0.0,0.0,0.0,0.0,0.0,0.0,0,0.0,22.1013,0.0,22.1013
2018-01-06 22:54:00,0.0,0.0,0.0,0.0,0.0,0.0,0.0,0.0,0.0,0,0.0,22.191399999999998,0.0,22.191399999999998
2018-01-06 22:55:00,0.0,0.0,0.0,0.0,0.0,0.0,0.0,0.0,0.0,0,0.0,22.2815,0.0,22.2815
2018-01-06 22:56:00,0.0,0.0,0.0,0.0,0.0,0.0,0.0,0.0,0.0,0,0.0,22.3716,0.0,22.3716
2018-01-06 22:57:00,0.0,0.0,0.0,0.0,0.0,0.0,0.0,0.0,0.0,0,0.0,22.4617,0.0,22.4617
2018-01-06 22:58:00,0.0,0.0,0.0,0.0,0.0,0.0,0.0,0.0,0.0,0,0.0,22.5518,0.0,22.5518
2018-01-06 22:59:00,0.0,0.0,0.0,0.0,0.0,0.0,0.0,0.0,0.0,0,0.0,22.6419,0.0,22.6419
2018-01-06 23:00:00,0.0,0.0,0.0,0.0,0.0,0.0,0.0,0.0,0.0,0,0.0,22.732,0.0,22.732
2018-01-06 23:01:00,0.0,0.0,0.0,0.0,0.0,0.0,0.0,0.0,0.0,0,0.0,22.866799999999998,0.0,22.866799999999998
2018-01-06 23:02:00,0.0,0.0,0.0,0.0,0.0,0.0,0.0,0.0,0.0,0,0.0,23.0016,0.0,23.0016
2018-01-06 23:03:00,0.0,0.0,0.0,0.0,0.0,0.0,0.0,0.0,0.0,0,0.0,23.1364,0.0,23.1364
2018-01-06 23:04:00,0.0,0.0,0.0,0.0,0.0,0.0,0.0,0.0,0.0,0,0.0,23.2712,0.0,23.2712
2018-01-06 23:05:00,0.0,0.0,0.0,0.0,0.0,0.0,0.0,0.0,0.0,0,0.0,23.406,0.0,23.406
2018-01-06 23:06:00,0.0,0.0,0.0,0.0,0.0,0.0,0.0,0.0,0.0,0,0.0,23.540799999999997,0.0,23.540799999999997
2018-01-06 23:07:00,0.0,0.0,0.0,0.0,0.0,0.0,0.0,0.0,0.0,0,0.0,23.6756,0.0,23.6756
2018-01-06 23:08:00,0.0,0.0,0.0,0.0,0.0,0.0,0.0,0.0,0.0,0,0.0,23.810399999999998,0.0,23.810399999999998
2018-01-06 23:09:00,0.0,0.0,0.0,0.0,0.0,0.0,0.0,0.0,0.0,0,0.0,23.9452,0.0,23.9452
2018-01-06 23:10:00,0.0,0.0,0.0,0.0,0.0,0.0,0.0,0.0,0.0,0,0.0,24.08,0.0,24.08
2018-01-06 23:11:00,0.0,0.0,0.0,0.0,0.0,0.0,0.0,0.0,0.0,0,0.0,24.064899999999998,0.0,24.064899999999998
2018-01-06 23:12:00,0.0,0.0,0.0,0.0,0.0,0.0,0.0,0.0,0.0,0,0.0,24.049799999999998,0.0,24.049799999999998
2018-01-06 23:13:00,0.0,0.0,0.0,0.0,0.0,0.0,0.0,0.0,0.0,0,0.0,24.034699999999997,0.0,24.034699999999997
2018-01-06 23:14:00,0.0,0.0,0.0,0.0,0.0,0.0,0.0,0.0,0.0,0,0.0,24.019599999999997,0.0,24.019599999999997
2018-01-06 23:15:00,0.0,0.0,0.0,0.0,0.0,0.0,0.0,0.0,0.0,0,0.0,24.0045,0.0,24.0045
2018-01-06 23:16:00,0.0,0.0,0.0,0.0,0.0,0.0,0.0,0.0,0.0,0,0.0,23.9894,0.0,23.9894
2018-01-06 23:17:00,0.0,0.0,0.0,0.0,0.0,0.0,0.0,0.0,0.0,0,0.0,23.9743,0.0,23.9743
2018-01-06 23:18:00,0.0,0.0,0.0,0.0,0.0,0.0,0.0,0.0,0.0,0,0.0,23.9592,0.0,23.9592
2018-01-06 23:19:00,0.0,0.0,0.0,0.0,0.0,0.0,0.0,0.0,0.0,0,0.0,23.9441,0.0,23.9441
2018-01-06 23:20:00,0.0,0.0,0.0,0.0,0.0,0.0,0.0,0.0,0.0,0,0.0,23.929,0.0,23.929
2018-01-06 23:21:00,0.0,0.0,0.0,0.0,0.0,0.0,0.0,0.0,0.0,0,0.0,23.8843,0.0,23.8843
2018-01-06 23:22:00,0.0,0.0,0.0,0.0,0.0,0.0,0.0,0.0,0.0,0,0.0,23.839599999999997,0.0,23.839599999999997
2018-01-06 23:23:00,0.0,0.0,0.0,0.0,0.0,0.0,0.0,0.0,0.0,0,0.0,23.7949,0.0,23.7949
2018-01-06 23:24:00,0.0,0.0,0.0,0.0,0.0,0.0,0.0,0.0,0.0,0,0.0,23.7502,0.0,23.7502
2018-01-06 23:25:00,0.0,0.0,0.0,0.0,0.0,0.0,0.0,0.0,0.0,0,0.0,23.7055,0.0,23.7055
2018-01-06 23:26:00,0.0,0.0,0.0,0.0,0.0,0.0,0.0,0.0,0.0,0,0.0,23.6608,0.0,23.6608
2018-01-06 23:27:00,0.0,0.0,0.0,0.0,0.0,0.0,0.0,0.0,0.0,0,0.0,23.6161,0.0,23.6161
2018-01-06 23:28:00,0.0,0.0,0.0,0.0,0.0,0.0,0.0,0.0,0.0,0,0.0,23.5714,0.0,23.5714
2018-01-06 23:29:00,0.0,0.0,0.0,0.0,0.0,0.0,0.0,0.0,0.0,0,0.0,23.526699999999998,0.0,23.526699999999998
2018-01-06 23:30:00,0.0,0.0,0.0,0.0,0.0,0.0,0.0,0.0,0.0,0,0.0,23.482,0.0,23.482
2018-01-06 23:31:00,0.0,0.0,0.0,0.0,0.0,0.0,0.0,0.0,0.0,0,0.0,23.4027,0.0,23.4027
2018-01-06 23:32:00,0.0,0.0,0.0,0.0,0.0,0.0,0.0,0.0,0.0,0,0.0,23.3234,0.0,23.3234
2018-01-06 23:33:00,0.0,0.0,0.0,0.0,0.0,0.0,0.0,0.0,0.0,0,0.0,23.2441,0.0,23.2441
2018-01-06 23:34:00,0.0,0.0,0.0,0.0,0.0,0.0,0.0,0.0,0.0,0,0.0,23.1648,0.0,23.1648
2018-01-06 23:35:00,0.0,0.0,0.0,0.0,0.0,0.0,0.0,0.0,0.0,0,0.0,23.0855,0.0,23.0855
2018-01-06 23:36:00,0.0,0.0,0.0,0.0,0.0,0.0,0.0,0.0,0.0,0,0.0,23.0062,0.0,23.0062
2018-01-06 23:37:00,0.0,0.0,0.0,0.0,0.0,0.0,0.0,0.0,0.0,0,0.0,22.9269,0.0,22.9269
2018-01-06 23:38:00,0.0,0.0,0.0,0.0,0.0,0.0,0.0,0.0,0.0,0,0.0,22.8476,0.0,22.8476
2018-01-06 23:39:00,0.0,0.0,0.0,0.0,0.0,0.0,0.0,0.0,0.0,0,0.0,22.7683,0.0,22.7683
2018-01-06 23:40:00,0.0,0.0,0.0,0.0,0.0,0.0,0.0,0.0,0.0,0,0.0,22.689,0.0,22.689
2018-01-06 23:41:00,0.0,0.0,0.0,0.0,0.0,0.0,0.0,0.0,0.0,0,0.0,22.5561,0.0,22.5561
2018-01-06 23:42:00,0.0,0.0,0.0,0.0,0.0,0.0,0.0,0.0,0.0,0,0.0,22.4232,0.0,22.4232
2018-01-06 23:43:00,0.0,0.0,0.0,0.0,0.0,0.0,0.0,0.0,0.0,0,0.0,22.2903,0.0,22.2903
2018-01-06 23:44:00,0.0,0.0,0.0,0.0,0.0,0.0,0.0,0.0,0.0,0,0.0,22.1574,0.0,22.1574
2018-01-06 23:45:00,0.0,0.0,0.0,0.0,0.0,0.0,0.0,0.0,0.0,0,0.0,22.0245,0.0,22.0245
2018-01-06 23:46:00,0.0,0.0,0.0,0.0,0.0,0.0,0.0,0.0,0.0,0,0.0,21.8916,0.0,21.8916
2018-01-06 23:47:00,0.0,0.0,0.0,0.0,0.0,0.0,0.0,0.0,0.0,0,0.0,21.7587,0.0,21.7587
2018-01-06 23:48:00,0.0,0.0,0.0,0.0,0.0,0.0,0.0,0.0,0.0,0,0.0,21.625799999999998,0.0,21.625799999999998
2018-01-06 23:49:00,0.0,0.0,0.0,0.0,0.0,0.0,0.0,0.0,0.0,0,0.0,21.4929,0.0,21.4929
2018-01-06 23:50:00,0.0,0.0,0.0,0.0,0.0,0.0,0.0,0.0,0.0,0,0.0,21.36,0.0,21.36
2018-01-06 23:51:00,0.0,0.0,0.0,0.0,0.0,0.0,0.0,0.0,0.0,0,0.0,21.1209,0.0,21.1209
2018-01-06 23:52:00,0.0,0.0,0.0,0.0,0.0,0.0,0.0,0.0,0.0,0,0.0,20.8818,0.0,20.8818
2018-01-06 23:53:00,0.0,0.0,0.0,0.0,0.0,0.0,0.0,0.0,0.0,0,0.0,20.6427,0.0,20.6427
2018-01-06 23:54:00,0.0,0.0,0.0,0.0,0.0,0.0,0.0,0.0,0.0,0,0.0,20.4036,0.0,20.4036
2018-01-06 23:55:00,0.0,0.0,0.0,0.0,0.0,0.0,0.0,0.0,0.0,0,0.0,20.1645,0.0,20.1645
2018-01-06 23:56:00,0.0,0.0,0.0,0.0,0.0,0.0,0.0,0.0,0.0,0,0.0,19.9254,0.0,19.9254
2018-01-06 23:57:00,0.0,0.0,0.0,0.0,0.0,0.0,0.0,0.0,0.0,0,0.0,19.6863,0.0,19.6863
2018-01-06 23:58:00,0.0,0.0,0.0,0.0,0.0,0.0,0.0,0.0,0.0,0,0.0,19.447200000000002,0.0,19.447200000000002
2018-01-06 23:59:00,0.0,0.0,0.0,0.0,0.0,0.0,0.0,0.0,0.0,0,0.0,19.2081,0.0,19.2081
2018-01-07 00:00:00,0.0,0.0,0.0,0.0,0.0,0.0,0.0,0.0,0.0,0,0.0,18.969,0.0,18.969
2018-01-07 00:01:00,0.0,0.0,0.0,0.0,0.0,0.0,0.0,0.0,0.0,0,0.0,19.2744,0.0,19.2744
2018-01-07 00:02:00,0.0,0.0,0.0,0.0,0.0,0.0,0.0,0.0,0.0,0,0.0,19.579800000000002,0.0,19.579800000000002
2018-01-07 00:03:00,0.0,0.0,0.0,0.0,0.0,0.0,0.0,0.0,0.0,0,0.0,19.8852,0.0,19.8852
2018-01-07 00:04:00,0.0,0.0,0.0,0.0,0.0,0.0,0.0,0.0,0.0,0,0.0,20.1906,0.0,20.1906
2018-01-07 00:05:00,0.0,0.0,0.0,0.0,0.0,0.0,0.0,0.0,0.0,0,0.0,20.496000000000002,0.0,20.496000000000002
2018-01-07 00:06:00,0.0,0.0,0.0,0.0,0.0,0.0,0.0,0.0,0.0,0,0.0,20.8014,0.0,20.8014
2018-01-07 00:07:00,0.0,0.0,0.0,0.0,0.0,0.0,0.0,0.0,0.0,0,0.0,21.1068,0.0,21.1068
2018-01-07 00:08:00,0.0,0.0,0.0,0.0,0.0,0.0,0.0,0.0,0.0,0,0.0,21.4122,0.0,21.4122
2018-01-07 00:09:00,0.0,0.0,0.0,0.0,0.0,0.0,0.0,0.0,0.0,0,0.0,21.7176,0.0,21.7176
2018-01-07 00:10:00,0.0,0.0,0.0,0.0,0.0,0.0,0.0,0.0,0.0,0,0.0,22.023,0.0,22.023
2018-01-07 00:11:00,0.0,0.0,0.0,0.0,0.0,0.0,0.0,0.0,0.0,0,0.0,22.0611,0.0,22.0611
2018-01-07 00:12:00,0.0,0.0,0.0,0.0,0.0,0.0,0.0,0.0,0.0,0,0.0,22.0992,0.0,22.0992
2018-01-07 00:13:00,0.0,0.0,0.0,0.0,0.0,0.0,0.0,0.0,0.0,0,0.0,22.1373,0.0,22.1373
2018-01-07 00:14:00,0.0,0.0,0.0,0.0,0.0,0.0,0.0,0.0,0.0,0,0.0,22.1754,0.0,22.1754
2018-01-07 00:15:00,0.0,0.0,0.0,0.0,0.0,0.0,0.0,0.0,0.0,0,0.0,22.2135,0.0,22.2135
2018-01-07 00:16:00,0.0,0.0,0.0,0.0,0.0,0.0,0.0,0.0,0.0,0,0.0,22.2516,0.0,22.2516
2018-01-07 00:17:00,0.0,0.0,0.0,0.0,0.0,0.0,0.0,0.0,0.0,0,0.0,22.2897,0.0,22.2897
2018-01-07 00:18:00,0.0,0.0,0.0,0.0,0.0,0.0,0.0,0.0,0.0,0,0.0,22.3278,0.0,22.3278
2018-01-07 00:19:00,0.0,0.0,0.0,0.0,0.0,0.0,0.0,0.0,0.0,0,0.0,22.3659,0.0,22.3659
2018-01-07 00:20:00,0.0,0.0,0.0,0.0,0.0,0.0,0.0,0.0,0.0,0,0.0,22.404,0.0,22.404
2018-01-07 00:21:00,0.0,0.0,0.0,0.0,0.0,0.0,0.0,0.0,0.0,0,0.0,22.3634,0.0,22.3634
2018-01-07 00:22:00,0.0,0.0,0.0,0.0,0.0,0.0,0.0,0.0,0.0,0,0.0,22.3228,0.0,22.3228
2018-01-07 00:23:00,0.0,0.0,0.0,0.0,0.0,0.0,0.0,0.0,0.0,0,0.0,22.2822,0.0,22.2822
2018-01-07 00:24:00,0.0,0.0,0.0,0.0,0.0,0.0,0.0,0.0,0.0,0,0.0,22.241600000000002,0.0,22.241600000000002
2018-01-07 00:25:00,0.0,0.0,0.0,0.0,0.0,0.0,0.0,0.0,0.0,0,0.0,22.201,0.0,22.201
2018-01-07 00:26:00,0.0,0.0,0.0,0.0,0.0,0.0,0.0,0.0,0.0,0,0.0,22.1604,0.0,22.1604
2018-01-07 00:27:00,0.0,0.0,0.0,0.0,0.0,0.0,0.0,0.0,0.0,0,0.0,22.1198,0.0,22.1198
2018-01-07 00:28:00,0.0,0.0,0.0,0.0,0.0,0.0,0.0,0.0,0.0,0,0.0,22.0792,0.0,22.0792
2018-01-07 00:29:00,0.0,0.0,0.0,0.0,0.0,0.0,0.0,0.0,0.0,0,0.0,22.038600000000002,0.0,22.038600000000002
2018-01-07 00:30:00,0.0,0.0,0.0,0.0,0.0,0.0,0.0,0.0,0.0,0,0.0,21.998,0.0,21.998
2018-01-07 00:31:00,0.0,0.0,0.0,0.0,0.0,0.0,0.0,0.0,0.0,0,0.0,21.5207,0.0,21.5207
2018-01-07 00:32:00,0.0,0.0,0.0,0.0,0.0,0.0,0.0,0.0,0.0,0,0.0,21.043400000000002,0.0,21.043400000000002
2018-01-07 00:33:00,0.0,0.0,0.0,0.0,0.0,0.0,0.0,0.0,0.0,0,0.0,20.566100000000002,0.0,20.566100000000002
2018-01-07 00:34:00,0.0,0.0,0.0,0.0,0.0,0.0,0.0,0.0,0.0,0,0.0,20.088800000000003,0.0,20.088800000000003
2018-01-07 00:35:00,0.0,0.0,0.0,0.0,0.0,0.0,0.0,0.0,0.0,0,0.0,19.6115,0.0,19.6115
2018-01-07 00:36:00,0.0,0.0,0.0,0.0,0.0,0.0,0.0,0.0,0.0,0,0.0,19.1342,0.0,19.1342
2018-01-07 00:37:00,0.0,0.0,0.0,0.0,0.0,0.0,0.0,0.0,0.0,0,0.0,18.6569,0.0,18.6569
2018-01-07 00:38:00,0.0,0.0,0.0,0.0,0.0,0.0,0.0,0.0,0.0,0,0.0,18.1796,0.0,18.1796
2018-01-07 00:39:00,0.0,0.0,0.0,0.0,0.0,0.0,0.0,0.0,0.0,0,0.0,17.7023,0.0,17.7023
2018-01-07 00:40:00,0.0,0.0,0.0,0.0,0.0,0.0,0.0,0.0,0.0,0,0.0,17.225,0.0,17.225
2018-01-07 00:41:00,0.0,0.0,0.0,0.0,0.0,0.0,0.0,0.0,0.0,0,0.0,17.293100000000003,0.0,17.293100000000003
2018-01-07 00:42:00,0.0,0.0,0.0,0.0,0.0,0.0,0.0,0.0,0.0,0,0.0,17.3612,0.0,17.3612
2018-01-07 00:43:00,0.0,0.0,0.0,0.0,0.0,0.0,0.0,0.0,0.0,0,0.0,17.4293,0.0,17.4293
2018-01-07 00:44:00,0.0,0.0,0.0,0.0,0.0,0.0,0.0,0.0,0.0,0,0.0,17.4974,0.0,17.4974
2018-01-07 00:45:00,0.0,0.0,0.0,0.0,0.0,0.0,0.0,0.0,0.0,0,0.0,17.5655,0.0,17.5655
2018-01-07 00:46:00,0.0,0.0,0.0,0.0,0.0,0.0,0.0,0.0,0.0,0,0.0,17.6336,0.0,17.6336
2018-01-07 00:47:00,0.0,0.0,0.0,0.0,0.0,0.0,0.0,0.0,0.0,0,0.0,17.7017,0.0,17.7017
2018-01-07 00:48:00,0.0,0.0,0.0,0.0,0.0,0.0,0.0,0.0,0.0,0,0.0,17.7698,0.0,17.7698
2018-01-07 00:49:00,0.0,0.0,0.0,0.0,0.0,0.0,0.0,0.0,0.0,0,0.0,17.837899999999998,0.0,17.837899999999998
2018-01-07 00:50:00,0.0,0.0,0.0,0.0,0.0,0.0,0.0,0.0,0.0,0,0.0,17.906,0.0,17.906
2018-01-07 00:51:00,0.0,0.0,0.0,0.0,0.0,0.0,0.0,0.0,0.0,0,0.0,17.8843,0.0,17.8843
2018-01-07 00:52:00,0.0,0.0,0.0,0.0,0.0,0.0,0.0,0.0,0.0,0,0.0,17.8626,0.0,17.8626
2018-01-07 00:53:00,0.0,0.0,0.0,0.0,0.0,0.0,0.0,0.0,0.0,0,0.0,17.840899999999998,0.0,17.840899999999998
2018-01-07 00:54:00,0.0,0.0,0.0,0.0,0.0,0.0,0.0,0.0,0.0,0,0.0,17.8192,0.0,17.8192
2018-01-07 00:55:00,0.0,0.0,0.0,0.0,0.0,0.0,0.0,0.0,0.0,0,0.0,17.7975,0.0,17.7975
2018-01-07 00:56:00,0.0,0.0,0.0,0.0,0.0,0.0,0.0,0.0,0.0,0,0.0,17.7758,0.0,17.7758
2018-01-07 00:57:00,0.0,0.0,0.0,0.0,0.0,0.0,0.0,0.0,0.0,0,0.0,17.7541,0.0,17.7541
2018-01-07 00:58:00,0.0,0.0,0.0,0.0,0.0,0.0,0.0,0.0,0.0,0,0.0,17.7324,0.0,17.7324
2018-01-07 00:59:00,0.0,0.0,0.0,0.0,0.0,0.0,0.0,0.0,0.0,0,0.0,17.7107,0.0,17.7107
2018-01-07 01:00:00,0.0,0.0,0.0,0.0,0.0,0.0,0.0,0.0,0.0,0,0.0,17.689,0.0,17.689
2018-01-07 01:01:00,0.0,0.0,0.0,0.0,0.0,0.0,0.0,0.0,0.0,0,0.0,17.6611,0.0,17.6611
2018-01-07 01:02:00,0.0,0.0,0.0,0.0,0.0,0.0,0.0,0.0,0.0,0,0.0,17.6332,0.0,17.6332
2018-01-07 01:03:00,0.0,0.0,0.0,0.0,0.0,0.0,0.0,0.0,0.0,0,0.0,17.6053,0.0,17.6053
2018-01-07 01:04:00,0.0,0.0,0.0,0.0,0.0,0.0,0.0,0.0,0.0,0,0.0,17.5774,0.0,17.5774
2018-01-07 01:05:00,0.0,0.0,0.0,0.0,0.0,0.0,0.0,0.0,0.0,0,0.0,17.549500000000002,0.0,17.549500000000002
2018-01-07 01:06:00,0.0,0.0,0.0,0.0,0.0,0.0,0.0,0.0,0.0,0,0.0,17.5216,0.0,17.5216
2018-01-07 01:07:00,0.0,0.0,0.0,0.0,0.0,0.0,0.0,0.0,0.0,0,0.0,17.4937,0.0,17.4937
2018-01-07 01:08:00,0.0,0.0,0.0,0.0,0.0,0.0,0.0,0.0,0.0,0,0.0,17.4658,0.0,17.4658
2018-01-07 01:09:00,0.0,0.0,0.0,0.0,0.0,0.0,0.0,0.0,0.0,0,0.0,17.4379,0.0,17.4379
2018-01-07 01:10:00,0.0,0.0,0.0,0.0,0.0,0.0,0.0,0.0,0.0,0,0.0,17.41,0.0,17.41
2018-01-07 01:11:00,0.0,0.0,0.0,0.0,0.0,0.0,0.0,0.0,0.0,0,0.0,17.5689,0.0,17.5689
2018-01-07 01:12:00,0.0,0.0,0.0,0.0,0.0,0.0,0.0,0.0,0.0,0,0.0,17.7278,0.0,17.7278
2018-01-07 01:13:00,0.0,0.0,0.0,0.0,0.0,0.0,0.0,0.0,0.0,0,0.0,17.8867,0.0,17.8867
2018-01-07 01:14:00,0.0,0.0,0.0,0.0,0.0,0.0,0.0,0.0,0.0,0,0.0,18.0456,0.0,18.0456
2018-01-07 01:15:00,0.0,0.0,0.0,0.0,0.0,0.0,0.0,0.0,0.0,0,0.0,18.2045,0.0,18.2045
2018-01-07 01:16:00,0.0,0.0,0.0,0.0,0.0,0.0,0.0,0.0,0.0,0,0.0,18.3634,0.0,18.3634
2018-01-07 01:17:00,0.0,0.0,0.0,0.0,0.0,0.0,0.0,0.0,0.0,0,0.0,18.522299999999998,0.0,18.522299999999998
2018-01-07 01:18:00,0.0,0.0,0.0,0.0,0.0,0.0,0.0,0.0,0.0,0,0.0,18.6812,0.0,18.6812
2018-01-07 01:19:00,0.0,0.0,0.0,0.0,0.0,0.0,0.0,0.0,0.0,0,0.0,18.8401,0.0,18.8401
2018-01-07 01:20:00,0.0,0.0,0.0,0.0,0.0,0.0,0.0,0.0,0.0,0,0.0,18.999,0.0,18.999
2018-01-07 01:21:00,0.0,0.0,0.0,0.0,0.0,0.0,0.0,0.0,0.0,0,0.0,18.8753,0.0,18.8753
2018-01-07 01:22:00,0.0,0.0,0.0,0.0,0.0,0.0,0.0,0.0,0.0,0,0.0,18.7516,0.0,18.7516
2018-01-07 01:23:00,0.0,0.0,0.0,0.0,0.0,0.0,0.0,0.0,0.0,0,0.0,18.6279,0.0,18.6279
2018-01-07 01:24:00,0.0,0.0,0.0,0.0,0.0,0.0,0.0,0.0,0.0,0,0.0,18.5042,0.0,18.5042
2018-01-07 01:25:00,0.0,0.0,0.0,0.0,0.0,0.0,0.0,0.0,0.0,0,0.0,18.380499999999998,0.0,18.380499999999998
2018-01-07 01:26:00,0.0,0.0,0.0,0.0,0.0,0.0,0.0,0.0,0.0,0,0.0,18.2568,0.0,18.2568
2018-01-07 01:27:00,0.0,0.0,0.0,0.0,0.0,0.0,0.0,0.0,0.0,0,0.0,18.1331,0.0,18.1331
2018-01-07 01:28:00,0.0,0.0,0.0,0.0,0.0,0.0,0.0,0.0,0.0,0,0.0,18.0094,0.0,18.0094
2018-01-07 01:29:00,0.0,0.0,0.0,0.0,0.0,0.0,0.0,0.0,0.0,0,0.0,17.8857,0.0,17.8857
2018-01-07 01:30:00,0.0,0.0,0.0,0.0,0.0,0.0,0.0,0.0,0.0,0,0.0,17.762,0.0,17.762
2018-01-07 01:31:00,0.0,0.0,0.0,0.0,0.0,0.0,0.0,0.0,0.0,0,0.0,17.763,0.0,17.763
2018-01-07 01:32:00,0.0,0.0,0.0,0.0,0.0,0.0,0.0,0.0,0.0,0,0.0,17.764,0.0,17.764
2018-01-07 01:33:00,0.0,0.0,0.0,0.0,0.0,0.0,0.0,0.0,0.0,0,0.0,17.765,0.0,17.765
2018-01-07 01:34:00,0.0,0.0,0.0,0.0,0.0,0.0,0.0,0.0,0.0,0,0.0,17.766,0.0,17.766
2018-01-07 01:35:00,0.0,0.0,0.0,0.0,0.0,0.0,0.0,0.0,0.0,0,0.0,17.767,0.0,17.767
2018-01-07 01:36:00,0.0,0.0,0.0,0.0,0.0,0.0,0.0,0.0,0.0,0,0.0,17.768,0.0,17.768
2018-01-07 01:37:00,0.0,0.0,0.0,0.0,0.0,0.0,0.0,0.0,0.0,0,0.0,17.769,0.0,17.769
2018-01-07 01:38:00,0.0,0.0,0.0,0.0,0.0,0.0,0.0,0.0,0.0,0,0.0,17.77,0.0,17.77
2018-01-07 01:39:00,0.0,0.0,0.0,0.0,0.0,0.0,0.0,0.0,0.0,0,0.0,17.770999999999997,0.0,17.770999999999997
2018-01-07 01:40:00,0.0,0.0,0.0,0.0,0.0,0.0,0.0,0.0,0.0,0,0.0,17.772,0.0,17.772
2018-01-07 01:41:00,0.0,0.0,0.0,0.0,0.0,0.0,0.0,0.0,0.0,0,0.0,17.9085,0.0,17.9085
2018-01-07 01:42:00,0.0,0.0,0.0,0.0,0.0,0.0,0.0,0.0,0.0,0,0.0,18.044999999999998,0.0,18.044999999999998
2018-01-07 01:43:00,0.0,0.0,0.0,0.0,0.0,0.0,0.0,0.0,0.0,0,0.0,18.1815,0.0,18.1815
2018-01-07 01:44:00,0.0,0.0,0.0,0.0,0.0,0.0,0.0,0.0,0.0,0,0.0,18.317999999999998,0.0,18.317999999999998
2018-01-07 01:45:00,0.0,0.0,0.0,0.0,0.0,0.0,0.0,0.0,0.0,0,0.0,18.4545,0.0,18.4545
2018-01-07 01:46:00,0.0,0.0,0.0,0.0,0.0,0.0,0.0,0.0,0.0,0,0.0,18.591,0.0,18.591
2018-01-07 01:47:00,0.0,0.0,0.0,0.0,0.0,0.0,0.0,0.0,0.0,0,0.0,18.7275,0.0,18.7275
2018-01-07 01:48:00,0.0,0.0,0.0,0.0,0.0,0.0,0.0,0.0,0.0,0,0.0,18.864,0.0,18.864
2018-01-07 01:49:00,0.0,0.0,0.0,0.0,0.0,0.0,0.0,0.0,0.0,0,0.0,19.0005,0.0,19.0005
2018-01-07 01:50:00,0.0,0.0,0.0,0.0,0.0,0.0,0.0,0.0,0.0,0,0.0,19.137,0.0,19.137
2018-01-07 01:51:00,0.0,0.0,0.0,0.0,0.0,0.0,0.0,0.0,0.0,0,0.0,19.1356,0.0,19.1356
2018-01-07 01:52:00,0.0,0.0,0.0,0.0,0.0,0.0,0.0,0.0,0.0,0,0.0,19.1342,0.0,19.1342
2018-01-07 01:53:00,0.0,0.0,0.0,0.0,0.0,0.0,0.0,0.0,0.0,0,0.0,19.1328,0.0,19.1328
2018-01-07 01:54:00,0.0,0.0,0.0,0.0,0.0,0.0,0.0,0.0,0.0,0,0.0,19.1314,0.0,19.1314
2018-01-07 01:55:00,0.0,0.0,0.0,0.0,0.0,0.0,0.0,0.0,0.0,0,0.0,19.130000000000003,0.0,19.130000000000003
2018-01-07 01:56:00,0.0,0.0,0.0,0.0,0.0,0.0,0.0,0.0,0.0,0,0.0,19.128600000000002,0.0,19.128600000000002
2018-01-07 01:57:00,0.0,0.0,0.0,0.0,0.0,0.0,0.0,0.0,0.0,0,0.0,19.127200000000002,0.0,19.127200000000002
2018-01-07 01:58:00,0.0,0.0,0.0,0.0,0.0,0.0,0.0,0.0,0.0,0,0.0,19.1258,0.0,19.1258
2018-01-07 01:59:00,0.0,0.0,0.0,0.0,0.0,0.0,0.0,0.0,0.0,0,0.0,19.1244,0.0,19.1244
2018-01-07 02:00:00,0.0,0.0,0.0,0.0,0.0,0.0,0.0,0.0,0.0,0,0.0,19.123,0.0,19.123
2018-01-07 02:01:00,0.0,0.0,0.0,0.0,0.0,0.0,0.0,0.0,0.0,0,0.0,19.0322,0.0,19.0322
2018-01-07 02:02:00,0.0,0.0,0.0,0.0,0.0,0.0,0.0,0.0,0.0,0,0.0,18.9414,0.0,18.9414
2018-01-07 02:03:00,0.0,0.0,0.0,0.0,0.0,0.0,0.0,0.0,0.0,0,0.0,18.8506,0.0,18.8506
2018-01-07 02:04:00,0.0,0.0,0.0,0.0,0.0,0.0,0.0,0.0,0.0,0,0.0,18.759800000000002,0.0,18.759800000000002
2018-01-07 02:05:00,0.0,0.0,0.0,0.0,0.0,0.0,0.0,0.0,0.0,0,0.0,18.669,0.0,18.669
2018-01-07 02:06:00,0.0,0.0,0.0,0.0,0.0,0.0,0.0,0.0,0.0,0,0.0,18.5782,0.0,18.5782
2018-01-07 02:07:00,0.0,0.0,0.0,0.0,0.0,0.0,0.0,0.0,0.0,0,0.0,18.4874,0.0,18.4874
2018-01-07 02:08:00,0.0,0.0,0.0,0.0,0.0,0.0,0.0,0.0,0.0,0,0.0,18.3966,0.0,18.3966
2018-01-07 02:09:00,0.0,0.0,0.0,0.0,0.0,0.0,0.0,0.0,0.0,0,0.0,18.3058,0.0,18.3058
2018-01-07 02:10:00,0.0,0.0,0.0,0.0,0.0,0.0,0.0,0.0,0.0,0,0.0,18.215,0.0,18.215
2018-01-07 02:11:00,0.0,0.0,0.0,0.0,0.0,0.0,0.0,0.0,0.0,0,0.0,18.1392,0.0,18.1392
2018-01-07 02:12:00,0.0,0.0,0.0,0.0,0.0,0.0,0.0,0.0,0.0,0,0.0,18.0634,0.0,18.0634
2018-01-07 02:13:00,0.0,0.0,0.0,0.0,0.0,0.0,0.0,0.0,0.0,0,0.0,17.9876,0.0,17.9876
2018-01-07 02:14:00,0.0,0.0,0.0,0.0,0.0,0.0,0.0,0.0,0.0,0,0.0,17.9118,0.0,17.9118
2018-01-07 02:15:00,0.0,0.0,0.0,0.0,0.0,0.0,0.0,0.0,0.0,0,0.0,17.836,0.0,17.836
2018-01-07 02:16:00,0.0,0.0,0.0,0.0,0.0,0.0,0.0,0.0,0.0,0,0.0,17.7602,0.0,17.7602
2018-01-07 02:17:00,0.0,0.0,0.0,0.0,0.0,0.0,0.0,0.0,0.0,0,0.0,17.6844,0.0,17.6844
2018-01-07 02:18:00,0.0,0.0,0.0,0.0,0.0,0.0,0.0,0.0,0.0,0,0.0,17.6086,0.0,17.6086
2018-01-07 02:19:00,0.0,0.0,0.0,0.0,0.0,0.0,0.0,0.0,0.0,0,0.0,17.5328,0.0,17.5328
2018-01-07 02:20:00,0.0,0.0,0.0,0.0,0.0,0.0,0.0,0.0,0.0,0,0.0,17.457,0.0,17.457
2018-01-07 02:21:00,0.0,0.0,0.0,0.0,0.0,0.0,0.0,0.0,0.0,0,0.0,17.3308,0.0,17.3308
2018-01-07 02:22:00,0.0,0.0,0.0,0.0,0.0,0.0,0.0,0.0,0.0,0,0.0,17.2046,0.0,17.2046
2018-01-07 02:23:00,0.0,0.0,0.0,0.0,0.0,0.0,0.0,0.0,0.0,0,0.0,17.078400000000002,0.0,17.078400000000002
2018-01-07 02:24:00,0.0,0.0,0.0,0.0,0.0,0.0,0.0,0.0,0.0,0,0.0,16.9522,0.0,16.9522
2018-01-07 02:25:00,0.0,0.0,0.0,0.0,0.0,0.0,0.0,0.0,0.0,0,0.0,16.826,0.0,16.826
2018-01-07 02:26:00,0.0,0.0,0.0,0.0,0.0,0.0,0.0,0.0,0.0,0,0.0,16.6998,0.0,16.6998
2018-01-07 02:27:00,0.0,0.0,0.0,0.0,0.0,0.0,0.0,0.0,0.0,0,0.0,16.5736,0.0,16.5736
2018-01-07 02:28:00,0.0,0.0,0.0,0.0,0.0,0.0,0.0,0.0,0.0,0,0.0,16.447400000000002,0.0,16.447400000000002
2018-01-07 02:29:00,0.0,0.0,0.0,0.0,0.0,0.0,0.0,0.0,0.0,0,0.0,16.3212,0.0,16.3212
2018-01-07 02:30:00,0.0,0.0,0.0,0.0,0.0,0.0,0.0,0.0,0.0,0,0.0,16.195,0.0,16.195
2018-01-07 02:31:00,0.0,0.0,0.0,0.0,0.0,0.0,0.0,0.0,0.0,0,0.0,16.149,0.0,16.149
2018-01-07 02:32:00,0.0,0.0,0.0,0.0,0.0,0.0,0.0,0.0,0.0,0,0.0,16.103,0.0,16.103
2018-01-07 02:33:00,0.0,0.0,0.0,0.0,0.0,0.0,0.0,0.0,0.0,0,0.0,16.057,0.0,16.057
2018-01-07 02:34:00,0.0,0.0,0.0,0.0,0.0,0.0,0.0,0.0,0.0,0,0.0,16.011,0.0,16.011
2018-01-07 02:35:00,0.0,0.0,0.0,0.0,0.0,0.0,0.0,0.0,0.0,0,0.0,15.965,0.0,15.965
2018-01-07 02:36:00,0.0,0.0,0.0,0.0,0.0,0.0,0.0,0.0,0.0,0,0.0,15.919,0.0,15.919
2018-01-07 02:37:00,0.0,0.0,0.0,0.0,0.0,0.0,0.0,0.0,0.0,0,0.0,15.873,0.0,15.873
2018-01-07 02:38:00,0.0,0.0,0.0,0.0,0.0,0.0,0.0,0.0,0.0,0,0.0,15.827,0.0,15.827
2018-01-07 02:39:00,0.0,0.0,0.0,0.0,0.0,0.0,0.0,0.0,0.0,0,0.0,15.780999999999999,0.0,15.780999999999999
2018-01-07 02:40:00,0.0,0.0,0.0,0.0,0.0,0.0,0.0,0.0,0.0,0,0.0,15.735,0.0,15.735
2018-01-07 02:41:00,0.0,0.0,0.0,0.0,0.0,0.0,0.0,0.0,0.0,0,0.0,15.9393,0.0,15.9393
2018-01-07 02:42:00,0.0,0.0,0.0,0.0,0.0,0.0,0.0,0.0,0.0,0,0.0,16.1436,0.0,16.1436
2018-01-07 02:43:00,0.0,0.0,0.0,0.0,0.0,0.0,0.0,0.0,0.0,0,0.0,16.3479,0.0,16.3479
2018-01-07 02:44:00,0.0,0.0,0.0,0.0,0.0,0.0,0.0,0.0,0.0,0,0.0,16.5522,0.0,16.5522
2018-01-07 02:45:00,0.0,0.0,0.0,0.0,0.0,0.0,0.0,0.0,0.0,0,0.0,16.7565,0.0,16.7565
2018-01-07 02:46:00,0.0,0.0,0.0,0.0,0.0,0.0,0.0,0.0,0.0,0,0.0,16.9608,0.0,16.9608
2018-01-07 02:47:00,0.0,0.0,0.0,0.0,0.0,0.0,0.0,0.0,0.0,0,0.0,17.1651,0.0,17.1651
2018-01-07 02:48:00,0.0,0.0,0.0,0.0,0.0,0.0,0.0,0.0,0.0,0,0.0,17.3694,0.0,17.3694
2018-01-07 02:49:00,0.0,0.0,0.0,0.0,0.0,0.0,0.0,0.0,0.0,0,0.0,17.5737,0.0,17.5737
2018-01-07 02:50:00,0.0,0.0,0.0,0.0,0.0,0.0,0.0,0.0,0.0,0,0.0,17.778,0.0,17.778
2018-01-07 02:51:00,0.0,0.0,0.0,0.0,0.0,0.0,0.0,0.0,0.0,0,0.0,17.6433,0.0,17.6433
2018-01-07 02:52:00,0.0,0.0,0.0,0.0,0.0,0.0,0.0,0.0,0.0,0,0.0,17.508599999999998,0.0,17.508599999999998
2018-01-07 02:53:00,0.0,0.0,0.0,0.0,0.0,0.0,0.0,0.0,0.0,0,0.0,17.3739,0.0,17.3739
2018-01-07 02:54:00,0.0,0.0,0.0,0.0,0.0,0.0,0.0,0.0,0.0,0,0.0,17.2392,0.0,17.2392
2018-01-07 02:55:00,0.0,0.0,0.0,0.0,0.0,0.0,0.0,0.0,0.0,0,0.0,17.1045,0.0,17.1045
2018-01-07 02:56:00,0.0,0.0,0.0,0.0,0.0,0.0,0.0,0.0,0.0,0,0.0,16.9698,0.0,16.9698
2018-01-07 02:57:00,0.0,0.0,0.0,0.0,0.0,0.0,0.0,0.0,0.0,0,0.0,16.8351,0.0,16.8351
2018-01-07 02:58:00,0.0,0.0,0.0,0.0,0.0,0.0,0.0,0.0,0.0,0,0.0,16.700400000000002,0.0,16.700400000000002
2018-01-07 02:59:00,0.0,0.0,0.0,0.0,0.0,0.0,0.0,0.0,0.0,0,0.0,16.5657,0.0,16.5657
2018-01-07 03:00:00,0.0,0.0,0.0,0.0,0.0,0.0,0.0,0.0,0.0,0,0.0,16.431,0.0,16.431
2018-01-07 03:01:00,0.0,0.0,0.0,0.0,0.0,0.0,0.0,0.0,0.0,0,0.0,16.2801,0.0,16.2801
2018-01-07 03:02:00,0.0,0.0,0.0,0.0,0.0,0.0,0.0,0.0,0.0,0,0.0,16.1292,0.0,16.1292
2018-01-07 03:03:00,0.0,0.0,0.0,0.0,0.0,0.0,0.0,0.0,0.0,0,0.0,15.9783,0.0,15.9783
2018-01-07 03:04:00,0.0,0.0,0.0,0.0,0.0,0.0,0.0,0.0,0.0,0,0.0,15.8274,0.0,15.8274
2018-01-07 03:05:00,0.0,0.0,0.0,0.0,0.0,0.0,0.0,0.0,0.0,0,0.0,15.6765,0.0,15.6765
2018-01-07 03:06:00,0.0,0.0,0.0,0.0,0.0,0.0,0.0,0.0,0.0,0,0.0,15.5256,0.0,15.5256
2018-01-07 03:07:00,0.0,0.0,0.0,0.0,0.0,0.0,0.0,0.0,0.0,0,0.0,15.3747,0.0,15.3747
2018-01-07 03:08:00,0.0,0.0,0.0,0.0,0.0,0.0,0.0,0.0,0.0,0,0.0,15.2238,0.0,15.2238
2018-01-07 03:09:00,0.0,0.0,0.0,0.0,0.0,0.0,0.0,0.0,0.0,0,0.0,15.0729,0.0,15.0729
2018-01-07 03:10:00,0.0,0.0,0.0,0.0,0.0,0.0,0.0,0.0,0.0,0,0.0,14.922,0.0,14.922
2018-01-07 03:11:00,0.0,0.0,0.0,0.0,0.0,0.0,0.0,0.0,0.0,0,0.0,15.003,0.0,15.003
2018-01-07 03:12:00,0.0,0.0,0.0,0.0,0.0,0.0,0.0,0.0,0.0,0,0.0,15.084,0.0,15.084
2018-01-07 03:13:00,0.0,0.0,0.0,0.0,0.0,0.0,0.0,0.0,0.0,0,0.0,15.165000000000001,0.0,15.165000000000001
2018-01-07 03:14:00,0.0,0.0,0.0,0.0,0.0,0.0,0.0,0.0,0.0,0,0.0,15.246,0.0,15.246
2018-01-07 03:15:00,0.0,0.0,0.0,0.0,0.0,0.0,0.0,0.0,0.0,0,0.0,15.327,0.0,15.327
2018-01-07 03:16:00,0.0,0.0,0.0,0.0,0.0,0.0,0.0,0.0,0.0,0,0.0,15.408,0.0,15.408
2018-01-07 03:17:00,0.0,0.0,0.0,0.0,0.0,0.0,0.0,0.0,0.0,0,0.0,15.488999999999999,0.0,15.488999999999999
2018-01-07 03:18:00,0.0,0.0,0.0,0.0,0.0,0.0,0.0,0.0,0.0,0,0.0,15.57,0.0,15.57
2018-01-07 03:19:00,0.0,0.0,0.0,0.0,0.0,0.0,0.0,0.0,0.0,0,0.0,15.651,0.0,15.651
2018-01-07 03:20:00,0.0,0.0,0.0,0.0,0.0,0.0,0.0,0.0,0.0,0,0.0,15.732,0.0,15.732
2018-01-07 03:21:00,0.0,0.0,0.0,0.0,0.0,0.0,0.0,0.0,0.0,0,0.0,15.8477,0.0,15.8477
2018-01-07 03:22:00,0.0,0.0,0.0,0.0,0.0,0.0,0.0,0.0,0.0,0,0.0,15.9634,0.0,15.9634
2018-01-07 03:23:00,0.0,0.0,0.0,0.0,0.0,0.0,0.0,0.0,0.0,0,0.0,16.0791,0.0,16.0791
2018-01-07 03:24:00,0.0,0.0,0.0,0.0,0.0,0.0,0.0,0.0,0.0,0,0.0,16.1948,0.0,16.1948
2018-01-07 03:25:00,0.0,0.0,0.0,0.0,0.0,0.0,0.0,0.0,0.0,0,0.0,16.310499999999998,0.0,16.310499999999998
2018-01-07 03:26:00,0.0,0.0,0.0,0.0,0.0,0.0,0.0,0.0,0.0,0,0.0,16.426199999999998,0.0,16.426199999999998
2018-01-07 03:27:00,0.0,0.0,0.0,0.0,0.0,0.0,0.0,0.0,0.0,0,0.0,16.5419,0.0,16.5419
2018-01-07 03:28:00,0.0,0.0,0.0,0.0,0.0,0.0,0.0,0.0,0.0,0,0.0,16.6576,0.0,16.6576
2018-01-07 03:29:00,0.0,0.0,0.0,0.0,0.0,0.0,0.0,0.0,0.0,0,0.0,16.7733,0.0,16.7733
2018-01-07 03:30:00,0.0,0.0,0.0,0.0,0.0,0.0,0.0,0.0,0.0,0,0.0,16.889,0.0,16.889
2018-01-07 03:31:00,0.0,0.0,0.0,0.0,0.0,0.0,0.0,0.0,0.0,0,0.0,17.1103,0.0,17.1103
2018-01-07 03:32:00,0.0,0.0,0.0,0.0,0.0,0.0,0.0,0.0,0.0,0,0.0,17.331599999999998,0.0,17.331599999999998
2018-01-07 03:33:00,0.0,0.0,0.0,0.0,0.0,0.0,0.0,0.0,0.0,0,0.0,17.5529,0.0,17.5529
2018-01-07 03:34:00,0.0,0.0,0.0,0.0,0.0,0.0,0.0,0.0,0.0,0,0.0,17.7742,0.0,17.7742
2018-01-07 03:35:00,0.0,0.0,0.0,0.0,0.0,0.0,0.0,0.0,0.0,0,0.0,17.9955,0.0,17.9955
2018-01-07 03:36:00,0.0,0.0,0.0,0.0,0.0,0.0,0.0,0.0,0.0,0,0.0,18.2168,0.0,18.2168
2018-01-07 03:37:00,0.0,0.0,0.0,0.0,0.0,0.0,0.0,0.0,0.0,0,0.0,18.4381,0.0,18.4381
2018-01-07 03:38:00,0.0,0.0,0.0,0.0,0.0,0.0,0.0,0.0,0.0,0,0.0,18.6594,0.0,18.6594
2018-01-07 03:39:00,0.0,0.0,0.0,0.0,0.0,0.0,0.0,0.0,0.0,0,0.0,18.8807,0.0,18.8807
2018-01-07 03:40:00,0.0,0.0,0.0,0.0,0.0,0.0,0.0,0.0,0.0,0,0.0,19.102,0.0,19.102
2018-01-07 03:41:00,0.0,0.0,0.0,0.0,0.0,0.0,0.0,0.0,0.0,0,0.0,18.9538,0.0,18.9538
2018-01-07 03:42:00,0.0,0.0,0.0,0.0,0.0,0.0,0.0,0.0,0.0,0,0.0,18.805600000000002,0.0,18.805600000000002
2018-01-07 03:43:00,0.0,0.0,0.0,0.0,0.0,0.0,0.0,0.0,0.0,0,0.0,18.6574,0.0,18.6574
2018-01-07 03:44:00,0.0,0.0,0.0,0.0,0.0,0.0,0.0,0.0,0.0,0,0.0,18.5092,0.0,18.5092
2018-01-07 03:45:00,0.0,0.0,0.0,0.0,0.0,0.0,0.0,0.0,0.0,0,0.0,18.361,0.0,18.361
2018-01-07 03:46:00,0.0,0.0,0.0,0.0,0.0,0.0,0.0,0.0,0.0,0,0.0,18.2128,0.0,18.2128
2018-01-07 03:47:00,0.0,0.0,0.0,0.0,0.0,0.0,0.0,0.0,0.0,0,0.0,18.064600000000002,0.0,18.064600000000002
2018-01-07 03:48:00,0.0,0.0,0.0,0.0,0.0,0.0,0.0,0.0,0.0,0,0.0,17.9164,0.0,17.9164
2018-01-07 03:49:00,0.0,0.0,0.0,0.0,0.0,0.0,0.0,0.0,0.0,0,0.0,17.7682,0.0,17.7682
2018-01-07 03:50:00,0.0,0.0,0.0,0.0,0.0,0.0,0.0,0.0,0.0,0,0.0,17.62,0.0,17.62
2018-01-07 03:51:00,0.0,0.0,0.0,0.0,0.0,0.0,0.0,0.0,0.0,0,0.0,17.526400000000002,0.0,17.526400000000002
2018-01-07 03:52:00,0.0,0.0,0.0,0.0,0.0,0.0,0.0,0.0,0.0,0,0.0,17.4328,0.0,17.4328
2018-01-07 03:53:00,0.0,0.0,0.0,0.0,0.0,0.0,0.0,0.0,0.0,0,0.0,17.3392,0.0,17.3392
2018-01-07 03:54:00,0.0,0.0,0.0,0.0,0.0,0.0,0.0,0.0,0.0,0,0.0,17.2456,0.0,17.2456
2018-01-07 03:55:00,0.0,0.0,0.0,0.0,0.0,0.0,0.0,0.0,0.0,0,0.0,17.152,0.0,17.152
2018-01-07 03:56:00,0.0,0.0,0.0,0.0,0.0,0.0,0.0,0.0,0.0,0,0.0,17.058400000000002,0.0,17.058400000000002
2018-01-07 03:57:00,0.0,0.0,0.0,0.0,0.0,0.0,0.0,0.0,0.0,0,0.0,16.9648,0.0,16.9648
2018-01-07 03:58:00,0.0,0.0,0.0,0.0,0.0,0.0,0.0,0.0,0.0,0,0.0,16.8712,0.0,16.8712
2018-01-07 03:59:00,0.0,0.0,0.0,0.0,0.0,0.0,0.0,0.0,0.0,0,0.0,16.7776,0.0,16.7776
2018-01-07 04:00:00,0.0,0.0,0.0,0.0,0.0,0.0,0.0,0.0,0.0,0,0.0,16.684,0.0,16.684
2018-01-07 04:01:00,0.0,0.0,0.0,0.0,0.0,0.0,0.0,0.0,0.0,0,0.0,16.7359,0.0,16.7359
2018-01-07 04:02:00,0.0,0.0,0.0,0.0,0.0,0.0,0.0,0.0,0.0,0,0.0,16.7878,0.0,16.7878
2018-01-07 04:03:00,0.0,0.0,0.0,0.0,0.0,0.0,0.0,0.0,0.0,0,0.0,16.8397,0.0,16.8397
2018-01-07 04:04:00,0.0,0.0,0.0,0.0,0.0,0.0,0.0,0.0,0.0,0,0.0,16.8916,0.0,16.8916
2018-01-07 04:05:00,0.0,0.0,0.0,0.0,0.0,0.0,0.0,0.0,0.0,0,0.0,16.9435,0.0,16.9435
2018-01-07 04:06:00,0.0,0.0,0.0,0.0,0.0,0.0,0.0,0.0,0.0,0,0.0,16.9954,0.0,16.9954
2018-01-07 04:07:00,0.0,0.0,0.0,0.0,0.0,0.0,0.0,0.0,0.0,0,0.0,17.0473,0.0,17.0473
2018-01-07 04:08:00,0.0,0.0,0.0,0.0,0.0,0.0,0.0,0.0,0.0,0,0.0,17.0992,0.0,17.0992
2018-01-07 04:09:00,0.0,0.0,0.0,0.0,0.0,0.0,0.0,0.0,0.0,0,0.0,17.1511,0.0,17.1511
2018-01-07 04:10:00,0.0,0.0,0.0,0.0,0.0,0.0,0.0,0.0,0.0,0,0.0,17.203,0.0,17.203
2018-01-07 04:11:00,0.0,0.0,0.0,0.0,0.0,0.0,0.0,0.0,0.0,0,0.0,17.2761,0.0,17.2761
2018-01-07 04:12:00,0.0,0.0,0.0,0.0,0.0,0.0,0.0,0.0,0.0,0,0.0,17.3492,0.0,17.3492
2018-01-07 04:13:00,0.0,0.0,0.0,0.0,0.0,0.0,0.0,0.0,0.0,0,0.0,17.4223,0.0,17.4223
2018-01-07 04:14:00,0.0,0.0,0.0,0.0,0.0,0.0,0.0,0.0,0.0,0,0.0,17.4954,0.0,17.4954
2018-01-07 04:15:00,0.0,0.0,0.0,0.0,0.0,0.0,0.0,0.0,0.0,0,0.0,17.5685,0.0,17.5685
2018-01-07 04:16:00,0.0,0.0,0.0,0.0,0.0,0.0,0.0,0.0,0.0,0,0.0,17.6416,0.0,17.6416
2018-01-07 04:17:00,0.0,0.0,0.0,0.0,0.0,0.0,0.0,0.0,0.0,0,0.0,17.7147,0.0,17.7147
2018-01-07 04:18:00,0.0,0.0,0.0,0.0,0.0,0.0,0.0,0.0,0.0,0,0.0,17.7878,0.0,17.7878
2018-01-07 04:19:00,0.0,0.0,0.0,0.0,0.0,0.0,0.0,0.0,0.0,0,0.0,17.8609,0.0,17.8609
2018-01-07 04:20:00,0.0,0.0,0.0,0.0,0.0,0.0,0.0,0.0,0.0,0,0.0,17.934,0.0,17.934
2018-01-07 04:21:00,0.0,0.0,0.0,0.0,0.0,0.0,0.0,0.0,0.0,0,0.0,17.772100000000002,0.0,17.772100000000002
2018-01-07 04:22:00,0.0,0.0,0.0,0.0,0.0,0.0,0.0,0.0,0.0,0,0.0,17.610200000000003,0.0,17.610200000000003
2018-01-07 04:23:00,0.0,0.0,0.0,0.0,0.0,0.0,0.0,0.0,0.0,0,0.0,17.4483,0.0,17.4483
2018-01-07 04:24:00,0.0,0.0,0.0,0.0,0.0,0.0,0.0,0.0,0.0,0,0.0,17.2864,0.0,17.2864
2018-01-07 04:25:00,0.0,0.0,0.0,0.0,0.0,0.0,0.0,0.0,0.0,0,0.0,17.1245,0.0,17.1245
2018-01-07 04:26:00,0.0,0.0,0.0,0.0,0.0,0.0,0.0,0.0,0.0,0,0.0,16.962600000000002,0.0,16.962600000000002
2018-01-07 04:27:00,0.0,0.0,0.0,0.0,0.0,0.0,0.0,0.0,0.0,0,0.0,16.800700000000003,0.0,16.800700000000003
2018-01-07 04:28:00,0.0,0.0,0.0,0.0,0.0,0.0,0.0,0.0,0.0,0,0.0,16.6388,0.0,16.6388
2018-01-07 04:29:00,0.0,0.0,0.0,0.0,0.0,0.0,0.0,0.0,0.0,0,0.0,16.4769,0.0,16.4769
2018-01-07 04:30:00,0.0,0.0,0.0,0.0,0.0,0.0,0.0,0.0,0.0,0,0.0,16.315,0.0,16.315
2018-01-07 04:31:00,0.0,0.0,0.0,0.0,0.0,0.0,0.0,0.0,0.0,0,0.0,16.250600000000002,0.0,16.250600000000002
2018-01-07 04:32:00,0.0,0.0,0.0,0.0,0.0,0.0,0.0,0.0,0.0,0,0.0,16.1862,0.0,16.1862
2018-01-07 04:33:00,0.0,0.0,0.0,0.0,0.0,0.0,0.0,0.0,0.0,0,0.0,16.1218,0.0,16.1218
2018-01-07 04:34:00,0.0,0.0,0.0,0.0,0.0,0.0,0.0,0.0,0.0,0,0.0,16.0574,0.0,16.0574
2018-01-07 04:35:00,0.0,0.0,0.0,0.0,0.0,0.0,0.0,0.0,0.0,0,0.0,15.993,0.0,15.993
2018-01-07 04:36:00,0.0,0.0,0.0,0.0,0.0,0.0,0.0,0.0,0.0,0,0.0,15.9286,0.0,15.9286
2018-01-07 04:37:00,0.0,0.0,0.0,0.0,0.0,0.0,0.0,0.0,0.0,0,0.0,15.8642,0.0,15.8642
2018-01-07 04:38:00,0.0,0.0,0.0,0.0,0.0,0.0,0.0,0.0,0.0,0,0.0,15.7998,0.0,15.7998
2018-01-07 04:39:00,0.0,0.0,0.0,0.0,0.0,0.0,0.0,0.0,0.0,0,0.0,15.7354,0.0,15.7354
2018-01-07 04:40:00,0.0,0.0,0.0,0.0,0.0,0.0,0.0,0.0,0.0,0,0.0,15.671,0.0,15.671
2018-01-07 04:41:00,0.0,0.0,0.0,0.0,0.0,0.0,0.0,0.0,0.0,0,0.0,15.665099999999999,0.0,15.665099999999999
2018-01-07 04:42:00,0.0,0.0,0.0,0.0,0.0,0.0,0.0,0.0,0.0,0,0.0,15.6592,0.0,15.6592
2018-01-07 04:43:00,0.0,0.0,0.0,0.0,0.0,0.0,0.0,0.0,0.0,0,0.0,15.6533,0.0,15.6533
2018-01-07 04:44:00,0.0,0.0,0.0,0.0,0.0,0.0,0.0,0.0,0.0,0,0.0,15.6474,0.0,15.6474
2018-01-07 04:45:00,0.0,0.0,0.0,0.0,0.0,0.0,0.0,0.0,0.0,0,0.0,15.6415,0.0,15.6415
2018-01-07 04:46:00,0.0,0.0,0.0,0.0,0.0,0.0,0.0,0.0,0.0,0,0.0,15.6356,0.0,15.6356
2018-01-07 04:47:00,0.0,0.0,0.0,0.0,0.0,0.0,0.0,0.0,0.0,0,0.0,15.6297,0.0,15.6297
2018-01-07 04:48:00,0.0,0.0,0.0,0.0,0.0,0.0,0.0,0.0,0.0,0,0.0,15.6238,0.0,15.6238
2018-01-07 04:49:00,0.0,0.0,0.0,0.0,0.0,0.0,0.0,0.0,0.0,0,0.0,15.6179,0.0,15.6179
2018-01-07 04:50:00,0.0,0.0,0.0,0.0,0.0,0.0,0.0,0.0,0.0,0,0.0,15.612,0.0,15.612
2018-01-07 04:51:00,0.0,0.0,0.0,0.0,0.0,0.0,0.0,0.0,0.0,0,0.0,15.6051,0.0,15.6051
2018-01-07 04:52:00,0.0,0.0,0.0,0.0,0.0,0.0,0.0,0.0,0.0,0,0.0,15.5982,0.0,15.5982
2018-01-07 04:53:00,0.0,0.0,0.0,0.0,0.0,0.0,0.0,0.0,0.0,0,0.0,15.5913,0.0,15.5913
2018-01-07 04:54:00,0.0,0.0,0.0,0.0,0.0,0.0,0.0,0.0,0.0,0,0.0,15.5844,0.0,15.5844
2018-01-07 04:55:00,0.0,0.0,0.0,0.0,0.0,0.0,0.0,0.0,0.0,0,0.0,15.5775,0.0,15.5775
2018-01-07 04:56:00,0.0,0.0,0.0,0.0,0.0,0.0,0.0,0.0,0.0,0,0.0,15.570599999999999,0.0,15.570599999999999
2018-01-07 04:57:00,0.0,0.0,0.0,0.0,0.0,0.0,0.0,0.0,0.0,0,0.0,15.563699999999999,0.0,15.563699999999999
2018-01-07 04:58:00,0.0,0.0,0.0,0.0,0.0,0.0,0.0,0.0,0.0,0,0.0,15.556799999999999,0.0,15.556799999999999
2018-01-07 04:59:00,0.0,0.0,0.0,0.0,0.0,0.0,0.0,0.0,0.0,0,0.0,15.5499,0.0,15.5499
2018-01-07 05:00:00,0.0,0.0,0.0,0.0,0.0,0.0,0.0,0.0,0.0,0,0.0,15.543,0.0,15.543
2018-01-07 05:01:00,0.0,0.0,0.0,0.0,0.0,0.0,0.0,0.0,0.0,0,0.0,15.562999999999999,0.0,15.562999999999999
2018-01-07 05:02:00,0.0,0.0,0.0,0.0,0.0,0.0,0.0,0.0,0.0,0,0.0,15.583,0.0,15.583
2018-01-07 05:03:00,0.0,0.0,0.0,0.0,0.0,0.0,0.0,0.0,0.0,0,0.0,15.603,0.0,15.603
2018-01-07 05:04:00,0.0,0.0,0.0,0.0,0.0,0.0,0.0,0.0,0.0,0,0.0,15.623,0.0,15.623
2018-01-07 05:05:00,0.0,0.0,0.0,0.0,0.0,0.0,0.0,0.0,0.0,0,0.0,15.643,0.0,15.643
2018-01-07 05:06:00,0.0,0.0,0.0,0.0,0.0,0.0,0.0,0.0,0.0,0,0.0,15.663,0.0,15.663
2018-01-07 05:07:00,0.0,0.0,0.0,0.0,0.0,0.0,0.0,0.0,0.0,0,0.0,15.683,0.0,15.683
2018-01-07 05:08:00,0.0,0.0,0.0,0.0,0.0,0.0,0.0,0.0,0.0,0,0.0,15.703,0.0,15.703
2018-01-07 05:09:00,0.0,0.0,0.0,0.0,0.0,0.0,0.0,0.0,0.0,0,0.0,15.723,0.0,15.723
2018-01-07 05:10:00,0.0,0.0,0.0,0.0,0.0,0.0,0.0,0.0,0.0,0,0.0,15.743,0.0,15.743
2018-01-07 05:11:00,0.0,0.0,0.0,0.0,0.0,0.0,0.0,0.0,0.0,0,0.0,15.5157,0.0,15.5157
2018-01-07 05:12:00,0.0,0.0,0.0,0.0,0.0,0.0,0.0,0.0,0.0,0,0.0,15.288400000000001,0.0,15.288400000000001
2018-01-07 05:13:00,0.0,0.0,0.0,0.0,0.0,0.0,0.0,0.0,0.0,0,0.0,15.0611,0.0,15.0611
2018-01-07 05:14:00,0.0,0.0,0.0,0.0,0.0,0.0,0.0,0.0,0.0,0,0.0,14.8338,0.0,14.8338
2018-01-07 05:15:00,0.0,0.0,0.0,0.0,0.0,0.0,0.0,0.0,0.0,0,0.0,14.6065,0.0,14.6065
2018-01-07 05:16:00,0.0,0.0,0.0,0.0,0.0,0.0,0.0,0.0,0.0,0,0.0,14.3792,0.0,14.3792
2018-01-07 05:17:00,0.0,0.0,0.0,0.0,0.0,0.0,0.0,0.0,0.0,0,0.0,14.151900000000001,0.0,14.151900000000001
2018-01-07 05:18:00,0.0,0.0,0.0,0.0,0.0,0.0,0.0,0.0,0.0,0,0.0,13.9246,0.0,13.9246
2018-01-07 05:19:00,0.0,0.0,0.0,0.0,0.0,0.0,0.0,0.0,0.0,0,0.0,13.6973,0.0,13.6973
2018-01-07 05:20:00,0.0,0.0,0.0,0.0,0.0,0.0,0.0,0.0,0.0,0,0.0,13.47,0.0,13.47
2018-01-07 05:21:00,0.0,0.0,0.0,0.0,0.0,0.0,0.0,0.0,0.0,0,0.0,13.519300000000001,0.0,13.519300000000001
2018-01-07 05:22:00,0.0,0.0,0.0,0.0,0.0,0.0,0.0,0.0,0.0,0,0.0,13.5686,0.0,13.5686
2018-01-07 05:23:00,0.0,0.0,0.0,0.0,0.0,0.0,0.0,0.0,0.0,0,0.0,13.6179,0.0,13.6179
2018-01-07 05:24:00,0.0,0.0,0.0,0.0,0.0,0.0,0.0,0.0,0.0,0,0.0,13.6672,0.0,13.6672
2018-01-07 05:25:00,0.0,0.0,0.0,0.0,0.0,0.0,0.0,0.0,0.0,0,0.0,13.7165,0.0,13.7165
2018-01-07 05:26:00,0.0,0.0,0.0,0.0,0.0,0.0,0.0,0.0,0.0,0,0.0,13.7658,0.0,13.7658
2018-01-07 05:27:00,0.0,0.0,0.0,0.0,0.0,0.0,0.0,0.0,0.0,0,0.0,13.8151,0.0,13.8151
2018-01-07 05:28:00,0.0,0.0,0.0,0.0,0.0,0.0,0.0,0.0,0.0,0,0.0,13.8644,0.0,13.8644
2018-01-07 05:29:00,0.0,0.0,0.0,0.0,0.0,0.0,0.0,0.0,0.0,0,0.0,13.913699999999999,0.0,13.913699999999999
2018-01-07 05:30:00,0.0,0.0,0.0,0.0,0.0,0.0,0.0,0.0,0.0,0,0.0,13.963,0.0,13.963
2018-01-07 05:31:00,0.0,0.0,0.0,0.0,0.0,0.0,0.0,0.0,0.0,0,0.0,14.0778,0.0,14.0778
2018-01-07 05:32:00,0.0,0.0,0.0,0.0,0.0,0.0,0.0,0.0,0.0,0,0.0,14.192599999999999,0.0,14.192599999999999
2018-01-07 05:33:00,0.0,0.0,0.0,0.0,0.0,0.0,0.0,0.0,0.0,0,0.0,14.3074,0.0,14.3074
2018-01-07 05:34:00,0.0,0.0,0.0,0.0,0.0,0.0,0.0,0.0,0.0,0,0.0,14.4222,0.0,14.4222
2018-01-07 05:35:00,0.0,0.0,0.0,0.0,0.0,0.0,0.0,0.0,0.0,0,0.0,14.536999999999999,0.0,14.536999999999999
2018-01-07 05:36:00,0.0,0.0,0.0,0.0,0.0,0.0,0.0,0.0,0.0,0,0.0,14.6518,0.0,14.6518
2018-01-07 05:37:00,0.0,0.0,0.0,0.0,0.0,0.0,0.0,0.0,0.0,0,0.0,14.7666,0.0,14.7666
2018-01-07 05:38:00,0.0,0.0,0.0,0.0,0.0,0.0,0.0,0.0,0.0,0,0.0,14.881400000000001,0.0,14.881400000000001
2018-01-07 05:39:00,0.0,0.0,0.0,0.0,0.0,0.0,0.0,0.0,0.0,0,0.0,14.9962,0.0,14.9962
2018-01-07 05:40:00,0.0,0.0,0.0,0.0,0.0,0.0,0.0,0.0,0.0,0,0.0,15.111,0.0,15.111
2018-01-07 05:41:00,0.0,0.0,0.0,0.0,0.0,0.0,0.0,0.0,0.0,0,0.0,15.0874,0.0,15.0874
2018-01-07 05:42:00,0.0,0.0,0.0,0.0,0.0,0.0,0.0,0.0,0.0,0,0.0,15.0638,0.0,15.0638
2018-01-07 05:43:00,0.0,0.0,0.0,0.0,0.0,0.0,0.0,0.0,0.0,0,0.0,15.0402,0.0,15.0402
2018-01-07 05:44:00,0.0,0.0,0.0,0.0,0.0,0.0,0.0,0.0,0.0,0,0.0,15.0166,0.0,15.0166
2018-01-07 05:45:00,0.0,0.0,0.0,0.0,0.0,0.0,0.0,0.0,0.0,0,0.0,14.993,0.0,14.993
2018-01-07 05:46:00,0.0,0.0,0.0,0.0,0.0,0.0,0.0,0.0,0.0,0,0.0,14.9694,0.0,14.9694
2018-01-07 05:47:00,0.0,0.0,0.0,0.0,0.0,0.0,0.0,0.0,0.0,0,0.0,14.9458,0.0,14.9458
2018-01-07 05:48:00,0.0,0.0,0.0,0.0,0.0,0.0,0.0,0.0,0.0,0,0.0,14.9222,0.0,14.9222
2018-01-07 05:49:00,0.0,0.0,0.0,0.0,0.0,0.0,0.0,0.0,0.0,0,0.0,14.8986,0.0,14.8986
2018-01-07 05:50:00,0.0,0.0,0.0,0.0,0.0,0.0,0.0,0.0,0.0,0,0.0,14.875,0.0,14.875
2018-01-07 05:51:00,0.0,0.0,0.0,0.0,0.0,0.0,0.0,0.0,0.0,0,0.0,14.7485,0.0,14.7485
2018-01-07 05:52:00,0.0,0.0,0.0,0.0,0.0,0.0,0.0,0.0,0.0,0,0.0,14.622,0.0,14.622
2018-01-07 05:53:00,0.0,0.0,0.0,0.0,0.0,0.0,0.0,0.0,0.0,0,0.0,14.4955,0.0,14.4955
2018-01-07 05:54:00,0.0,0.0,0.0,0.0,0.0,0.0,0.0,0.0,0.0,0,0.0,14.369,0.0,14.369
2018-01-07 05:55:00,0.0,0.0,0.0,0.0,0.0,0.0,0.0,0.0,0.0,0,0.0,14.2425,0.0,14.2425
2018-01-07 05:56:00,0.0,0.0,0.0,0.0,0.0,0.0,0.0,0.0,0.0,0,0.0,14.116,0.0,14.116
2018-01-07 05:57:00,0.0,0.0,0.0,0.0,0.0,0.0,0.0,0.0,0.0,0,0.0,13.9895,0.0,13.9895
2018-01-07 05:58:00,0.0,0.0,0.0,0.0,0.0,0.0,0.0,0.0,0.0,0,0.0,13.863,0.0,13.863
2018-01-07 05:59:00,0.0,0.0,0.0,0.0,0.0,0.0,0.0,0.0,0.0,0,0.0,13.7365,0.0,13.7365
2018-01-07 06:00:00,0.0,0.0,0.0,0.0,0.0,0.0,0.0,0.0,0.0,0,0.0,13.61,0.0,13.61
2018-01-07 06:01:00,0.0,0.0,0.0,0.0,0.0,0.0,0.0,0.0,0.0,0,0.0,13.762599999999999,0.0,13.762599999999999
2018-01-07 06:02:00,0.0,0.0,0.0,0.0,0.0,0.0,0.0,0.0,0.0,0,0.0,13.915199999999999,0.0,13.915199999999999
2018-01-07 06:03:00,0.0,0.0,0.0,0.0,0.0,0.0,0.0,0.0,0.0,0,0.0,14.0678,0.0,14.0678
2018-01-07 06:04:00,0.0,0.0,0.0,0.0,0.0,0.0,0.0,0.0,0.0,0,0.0,14.2204,0.0,14.2204
2018-01-07 06:05:00,0.0,0.0,0.0,0.0,0.0,0.0,0.0,0.0,0.0,0,0.0,14.373,0.0,14.373
2018-01-07 06:06:00,0.0,0.0,0.0,0.0,0.0,0.0,0.0,0.0,0.0,0,0.0,14.525599999999999,0.0,14.525599999999999
2018-01-07 06:07:00,0.0,0.0,0.0,0.0,0.0,0.0,0.0,0.0,0.0,0,0.0,14.678199999999999,0.0,14.678199999999999
2018-01-07 06:08:00,0.0,0.0,0.0,0.0,0.0,0.0,0.0,0.0,0.0,0,0.0,14.8308,0.0,14.8308
2018-01-07 06:09:00,0.0,0.0,0.0,0.0,0.0,0.0,0.0,0.0,0.0,0,0.0,14.9834,0.0,14.9834
2018-01-07 06:10:00,0.0,0.0,0.0,0.0,0.0,0.0,0.0,0.0,0.0,0,0.0,15.136,0.0,15.136
2018-01-07 06:11:00,0.0,0.0,0.0,0.0,0.0,0.0,0.0,0.0,0.0,0,0.0,15.255899999999999,0.0,15.255899999999999
2018-01-07 06:12:00,0.0,0.0,0.0,0.0,0.0,0.0,0.0,0.0,0.0,0,0.0,15.3758,0.0,15.3758
2018-01-07 06:13:00,0.0,0.0,0.0,0.0,0.0,0.0,0.0,0.0,0.0,0,0.0,15.4957,0.0,15.4957
2018-01-07 06:14:00,0.0,0.0,0.0,0.0,0.0,0.0,0.0,0.0,0.0,0,0.0,15.6156,0.0,15.6156
2018-01-07 06:15:00,0.0,0.0,0.0,0.0,0.0,0.0,0.0,0.0,0.0,0,0.0,15.7355,0.0,15.7355
2018-01-07 06:16:00,0.0,0.0,0.0,0.0,0.0,0.0,0.0,0.0,0.0,0,0.0,15.8554,0.0,15.8554
2018-01-07 06:17:00,0.0,0.0,0.0,0.0,0.0,0.0,0.0,0.0,0.0,0,0.0,15.9753,0.0,15.9753
2018-01-07 06:18:00,0.0,0.0,0.0,0.0,0.0,0.0,0.0,0.0,0.0,0,0.0,16.095200000000002,0.0,16.095200000000002
2018-01-07 06:19:00,0.0,0.0,0.0,0.0,0.0,0.0,0.0,0.0,0.0,0,0.0,16.2151,0.0,16.2151
2018-01-07 06:20:00,0.0,0.0,0.0,0.0,0.0,0.0,0.0,0.0,0.0,0,0.0,16.335,0.0,16.335
2018-01-07 06:21:00,0.0,0.0,0.0,0.0,0.0,0.0,0.0,0.0,0.0,0,0.0,16.3413,0.0,16.3413
2018-01-07 06:22:00,0.0,0.0,0.0,0.0,0.0,0.0,0.0,0.0,0.0,0,0.0,16.3476,0.0,16.3476
2018-01-07 06:23:00,0.0,0.0,0.0,0.0,0.0,0.0,0.0,0.0,0.0,0,0.0,16.3539,0.0,16.3539
2018-01-07 06:24:00,0.0,0.0,0.0,0.0,0.0,0.0,0.0,0.0,0.0,0,0.0,16.3602,0.0,16.3602
2018-01-07 06:25:00,0.0,0.0,0.0,0.0,0.0,0.0,0.0,0.0,0.0,0,0.0,16.366500000000002,0.0,16.366500000000002
2018-01-07 06:26:00,0.0,0.0,0.0,0.0,0.0,0.0,0.0,0.0,0.0,0,0.0,16.3728,0.0,16.3728
2018-01-07 06:27:00,0.0,0.0,0.0,0.0,0.0,0.0,0.0,0.0,0.0,0,0.0,16.3791,0.0,16.3791
2018-01-07 06:28:00,0.0,0.0,0.0,0.0,0.0,0.0,0.0,0.0,0.0,0,0.0,16.3854,0.0,16.3854
2018-01-07 06:29:00,0.0,0.0,0.0,0.0,0.0,0.0,0.0,0.0,0.0,0,0.0,16.3917,0.0,16.3917
2018-01-07 06:30:00,0.0,0.0,0.0,0.0,0.0,0.0,0.0,0.0,0.0,0,0.0,16.398,0.0,16.398
2018-01-07 06:31:00,0.0,0.0,0.0,0.0,0.0,0.0,0.0,0.0,0.0,0,0.0,16.4489,0.0,16.4489
2018-01-07 06:32:00,0.0,0.0,0.0,0.0,0.0,0.0,0.0,0.0,0.0,0,0.0,16.4998,0.0,16.4998
2018-01-07 06:33:00,0.0,0.0,0.0,0.0,0.0,0.0,0.0,0.0,0.0,0,0.0,16.5507,0.0,16.5507
2018-01-07 06:34:00,0.0,0.0,0.0,0.0,0.0,0.0,0.0,0.0,0.0,0,0.0,16.6016,0.0,16.6016
2018-01-07 06:35:00,0.0,0.0,0.0,0.0,0.0,0.0,0.0,0.0,0.0,0,0.0,16.6525,0.0,16.6525
2018-01-07 06:36:00,0.0,0.0,0.0,0.0,0.0,0.0,0.0,0.0,0.0,0,0.0,16.7034,0.0,16.7034
2018-01-07 06:37:00,0.0,0.0,0.0,0.0,0.0,0.0,0.0,0.0,0.0,0,0.0,16.7543,0.0,16.7543
2018-01-07 06:38:00,0.0,0.0,0.0,0.0,0.0,0.0,0.0,0.0,0.0,0,0.0,16.8052,0.0,16.8052
2018-01-07 06:39:00,0.0,0.0,0.0,0.0,0.0,0.0,0.0,0.0,0.0,0,0.0,16.8561,0.0,16.8561
2018-01-07 06:40:00,0.0,0.0,0.0,0.0,0.0,0.0,0.0,0.0,0.0,0,0.0,16.907,0.0,16.907
2018-01-07 06:41:00,0.0,0.0,0.0,0.0,0.0,0.0,0.0,0.0,0.0,0,0.0,16.686,0.0,16.686
2018-01-07 06:42:00,0.0,0.0,0.0,0.0,0.0,0.0,0.0,0.0,0.0,0,0.0,16.465,0.0,16.465
2018-01-07 06:43:00,0.0,0.0,0.0,0.0,0.0,0.0,0.0,0.0,0.0,0,0.0,16.244,0.0,16.244
2018-01-07 06:44:00,0.0,0.0,0.0,0.0,0.0,0.0,0.0,0.0,0.0,0,0.0,16.023,0.0,16.023
2018-01-07 06:45:00,0.0,0.0,0.0,0.0,0.0,0.0,0.0,0.0,0.0,0,0.0,15.802,0.0,15.802
2018-01-07 06:46:00,0.0,0.0,0.0,0.0,0.0,0.0,0.0,0.0,0.0,0,0.0,15.581,0.0,15.581
2018-01-07 06:47:00,0.0,0.0,0.0,0.0,0.0,0.0,0.0,0.0,0.0,0,0.0,15.36,0.0,15.36
2018-01-07 06:48:00,0.0,0.0,0.0,0.0,0.0,0.0,0.0,0.0,0.0,0,0.0,15.139,0.0,15.139
2018-01-07 06:49:00,0.0,0.0,0.0,0.0,0.0,0.0,0.0,0.0,0.0,0,0.0,14.918,0.0,14.918
2018-01-07 06:50:00,0.0,0.0,0.0,0.0,0.0,0.0,0.0,0.0,0.0,0,0.0,14.697,0.0,14.697
2018-01-07 06:51:00,0.0,0.0,0.0,0.0,0.0,0.0,0.0,0.0,0.0,0,0.0,14.8631,0.0,14.8631
2018-01-07 06:52:00,0.0,0.0,0.0,0.0,0.0,0.0,0.0,0.0,0.0,0,0.0,15.0292,0.0,15.0292
2018-01-07 06:53:00,0.0,0.0,0.0,0.0,0.0,0.0,0.0,0.0,0.0,0,0.0,15.1953,0.0,15.1953
2018-01-07 06:54:00,0.0,0.0,0.0,0.0,0.0,0.0,0.0,0.0,0.0,0,0.0,15.3614,0.0,15.3614
2018-01-07 06:55:00,0.0,0.0,0.0,0.0,0.0,0.0,0.0,0.0,0.0,0,0.0,15.5275,0.0,15.5275
2018-01-07 06:56:00,0.0,0.0,0.0,0.0,0.0,0.0,0.0,0.0,0.0,0,0.0,15.6936,0.0,15.6936
2018-01-07 06:57:00,0.0,0.0,0.0,0.0,0.0,0.0,0.0,0.0,0.0,0,0.0,15.8597,0.0,15.8597
2018-01-07 06:58:00,0.0,0.0,0.0,0.0,0.0,0.0,0.0,0.0,0.0,0,0.0,16.0258,0.0,16.0258
2018-01-07 06:59:00,0.0,0.0,0.0,0.0,0.0,0.0,0.0,0.0,0.0,0,0.0,16.1919,0.0,16.1919
2018-01-07 07:00:00,0.0,0.0,0.0,0.0,0.0,0.0,0.0,0.0,0.0,0,0.0,16.358,0.0,16.358
2018-01-07 07:01:00,50.0,50.0,0.0,0.0,0.0,0.0,0.0,0.0,0.0,0,100.0,16.608,2.0,116.608
2018-01-07 07:02:00,50.0,50.0,0.0,0.0,0.0,0.0,0.0,0.0,0.0,0,100.0,16.858,2.0,116.858
2018-01-07 07:03:00,50.0,50.0,0.0,0.0,0.0,0.0,0.0,0.0,0.0,0,100.0,17.108,2.0,117.108
2018-01-07 07:04:00,50.0,50.0,0.0,0.0,0.0,0.0,0.0,0.0,0.0,0,100.0,17.358,2.0,117.358
2018-01-07 07:05:00,50.0,50.0,0.0,0.0,0.0,0.0,0.0,0.0,0.0,0,100.0,17.608,2.0,117.608
2018-01-07 07:06:00,50.0,50.0,0.0,0.0,0.0,0.0,0.0,0.0,0.0,0,100.0,17.858,2.0,117.858
2018-01-07 07:07:00,50.0,50.0,0.0,0.0,0.0,0.0,0.0,0.0,0.0,0,100.0,18.108,2.0,118.108
2018-01-07 07:08:00,50.0,50.0,0.0,0.0,0.0,0.0,0.0,0.0,0.0,0,100.0,18.358,2.0,118.358
2018-01-07 07:09:00,50.0,50.0,0.0,0.0,0.0,0.0,0.0,0.0,0.0,0,100.0,18.608,2.0,118.608
2018-01-07 07:10:00,50.0,50.0,0.0,0.0,0.0,0.0,0.0,0.0,0.0,0,100.0,18.858,2.0,118.858
2018-01-07 07:11:00,50.0,50.0,0.0,0.0,0.0,0.0,0.0,0.0,0.0,0,100.0,18.866,2.0,118.866
2018-01-07 07:12:00,50.0,50.0,0.0,0.0,0.0,0.0,0.0,0.0,0.0,0,100.0,18.874,2.0,118.874
2018-01-07 07:13:00,50.0,50.0,0.0,0.0,0.0,0.0,0.0,0.0,0.0,0,100.0,18.882,2.0,118.882
2018-01-07 07:14:00,50.0,50.0,0.0,0.0,0.0,0.0,0.0,0.0,0.0,0,100.0,18.89,2.0,118.89
2018-01-07 07:15:00,50.0,50.0,0.0,0.0,0.0,0.0,0.0,0.0,0.0,0,100.0,18.898,2.0,118.898
2018-01-07 07:16:00,50.0,50.0,0.0,0.0,0.0,0.0,0.0,0.0,0.0,0,100.0,18.906,2.0,118.906
2018-01-07 07:17:00,50.0,50.0,0.0,0.0,0.0,0.0,0.0,0.0,0.0,0,100.0,18.913999999999998,2.0,118.914
2018-01-07 07:18:00,50.0,50.0,0.0,0.0,0.0,0.0,0.0,0.0,0.0,0,100.0,18.922,2.0,118.922
2018-01-07 07:19:00,50.0,50.0,0.0,0.0,0.0,0.0,0.0,0.0,0.0,0,100.0,18.93,2.0,118.93
2018-01-07 07:20:00,50.0,50.0,0.0,0.0,0.0,0.0,0.0,0.0,0.0,0,100.0,18.938,2.0,118.938
2018-01-07 07:21:00,50.0,50.0,0.0,0.0,0.0,0.0,0.0,0.0,0.0,0,100.0,18.8933,2.0,118.8933
2018-01-07 07:22:00,50.0,50.0,0.0,0.0,0.0,0.0,0.0,0.0,0.0,0,100.0,18.848599999999998,2.0,118.8486
2018-01-07 07:23:00,50.0,50.0,0.0,0.0,0.0,0.0,0.0,0.0,0.0,0,100.0,18.8039,2.0,118.8039
2018-01-07 07:24:00,50.0,50.0,0.0,0.0,0.0,0.0,0.0,0.0,0.0,0,100.0,18.7592,2.0,118.75919999999999
2018-01-07 07:25:00,50.0,50.0,0.0,0.0,0.0,0.0,0.0,0.0,0.0,0,100.0,18.7145,2.0,118.7145
2018-01-07 07:26:00,50.0,50.0,0.0,0.0,0.0,0.0,0.0,0.0,0.0,0,100.0,18.6698,2.0,118.6698
2018-01-07 07:27:00,50.0,50.0,0.0,0.0,0.0,0.0,0.0,0.0,0.0,0,100.0,18.6251,2.0,118.6251
2018-01-07 07:28:00,50.0,50.0,0.0,0.0,0.0,0.0,0.0,0.0,0.0,0,100.0,18.5804,2.0,118.5804
2018-01-07 07:29:00,50.0,50.0,0.0,0.0,0.0,0.0,0.0,0.0,0.0,0,100.0,18.5357,2.0,118.53569999999999
2018-01-07 07:30:00,50.0,50.0,0.0,0.0,0.0,0.0,0.0,0.0,0.0,0,100.0,18.491,2.0,118.491
2018-01-07 07:31:00,50.0,50.0,0.0,0.0,0.0,0.0,0.0,0.0,0.0,0,100.0,18.425,2.0,118.425
2018-01-07 07:32:00,50.0,50.0,0.0,0.0,0.0,0.0,0.0,0.0,0.0,0,100.0,18.358999999999998,2.0,118.359
2018-01-07 07:33:00,50.0,50.0,0.0,0.0,0.0,0.0,0.0,0.0,0.0,0,100.0,18.293,2.0,118.293
2018-01-07 07:34:00,0.0,0.0,0.0,0.0,0.0,0.0,0.0,0.0,0.0,0,0.0,18.227,0.0,18.227
2018-01-07 07:35:00,0.0,0.0,0.0,0.0,0.0,0.0,0.0,0.0,0.0,0,0.0,18.161,0.0,18.161
2018-01-07 07:36:00,0.0,0.0,0.0,0.0,0.0,0.0,0.0,0.0,0.0,0,0.0,18.095,0.0,18.095
2018-01-07 07:37:00,0.0,0.0,0.0,0.0,0.0,0.0,0.0,0.0,0.0,0,0.0,18.029,0.0,18.029
2018-01-07 07:38:00,0.0,0.0,0.0,0.0,0.0,0.0,0.0,0.0,0.0,0,0.0,17.963,0.0,17.963
2018-01-07 07:39:00,0.0,0.0,0.0,0.0,0.0,0.0,0.0,0.0,0.0,0,0.0,17.897,0.0,17.897
2018-01-07 07:40:00,0.0,0.0,0.0,0.0,0.0,0.0,0.0,0.0,0.0,0,0.0,17.831,0.0,17.831
2018-01-07 07:41:00,0.0,0.0,0.0,0.0,0.0,0.0,0.0,0.0,0.0,0,0.0,17.9464,0.0,17.9464
2018-01-07 07:42:00,0.0,0.0,0.0,0.0,0.0,0.0,0.0,0.0,0.0,0,0.0,18.061799999999998,0.0,18.061799999999998
2018-01-07 07:43:00,0.0,0.0,0.0,0.0,0.0,0.0,0.0,0.0,0.0,0,0.0,18.1772,0.0,18.1772
2018-01-07 07:44:00,0.0,0.0,0.0,0.0,0.0,0.0,0.0,0.0,0.0,0,0.0,18.2926,0.0,18.2926
2018-01-07 07:45:00,0.0,0.0,0.0,0.0,0.0,0.0,0.0,0.0,0.0,0,0.0,18.408,0.0,18.408
2018-01-07 07:46:00,0.0,0.0,0.0,0.0,0.0,0.0,0.0,0.0,0.0,0,0.0,18.5234,0.0,18.5234
2018-01-07 07:47:00,0.0,0.0,0.0,0.0,0.0,0.0,0.0,0.0,0.0,0,0.0,18.6388,0.0,18.6388
2018-01-07 07:48:00,0.0,0.0,0.0,0.0,0.0,0.0,0.0,0.0,0.0,0,0.0,18.7542,0.0,18.7542
2018-01-07 07:49:00,0.0,0.0,0.0,0.0,0.0,0.0,0.0,0.0,0.0,0,0.0,18.8696,0.0,18.8696
2018-01-07 07:50:00,0.0,0.0,0.0,0.0,0.0,0.0,0.0,0.0,0.0,0,0.0,18.985,0.0,18.985
2018-01-07 07:51:00,0.0,0.0,0.0,0.0,0.0,0.0,0.0,0.0,0.0,0,0.0,18.7992,0.0,18.7992
2018-01-07 07:52:00,0.0,0.0,0.0,0.0,0.0,0.0,0.0,0.0,0.0,0,0.0,18.6134,0.0,18.6134
2018-01-07 07:53:00,0.0,0.0,0.0,0.0,0.0,0.0,0.0,0.0,0.0,0,0.0,18.427599999999998,0.0,18.427599999999998
2018-01-07 07:54:00,0.0,0.0,0.0,0.0,0.0,0.0,0.0,0.0,0.0,0,0.0,18.241799999999998,0.0,18.241799999999998
2018-01-07 07:55:00,0.0,0.0,0.0,0.0,0.0,0.0,0.0,0.0,0.0,0,0.0,18.055999999999997,0.0,18.055999999999997
2018-01-07 07:56:00,0.0,0.0,0.0,0.0,0.0,0.0,0.0,0.0,0.0,0,0.0,17.8702,0.0,17.8702
2018-01-07 07:57:00,0.0,0.0,0.0,0.0,0.0,0.0,0.0,0.0,0.0,0,0.0,17.6844,0.0,17.6844
2018-01-07 07:58:00,0.0,0.0,0.0,0.0,0.0,0.0,0.0,0.0,0.0,0,0.0,17.4986,0.0,17.4986
2018-01-07 07:59:00,0.0,0.0,0.0,0.0,0.0,0.0,0.0,0.0,0.0,0,0.0,17.3128,0.0,17.3128
2018-01-07 08:00:00,0.0,0.0,0.0,0.0,0.0,0.0,0.0,0.0,0.0,0,0.0,17.127,0.0,17.127
2018-01-07 08:01:00,0.0,0.0,0.0,0.0,0.0,0.0,0.0,0.0,0.0,0,0.0,17.0761,0.0,17.0761
2018-01-07 08:02:00,0.0,0.0,0.0,0.0,0.0,0.0,0.0,0.0,0.0,0,0.0,17.025199999999998,0.0,17.025199999999998
2018-01-07 08:03:00,0.0,0.0,0.0,0.0,0.0,0.0,0.0,0.0,0.0,0,0.0,16.9743,0.0,16.9743
2018-01-07 08:04:00,0.0,0.0,0.0,0.0,0.0,0.0,0.0,0.0,0.0,0,0.0,16.923399999999997,0.0,16.923399999999997
2018-01-07 08:05:00,0.0,0.0,0.0,0.0,0.0,0.0,0.0,0.0,0.0,0,0.0,16.8725,0.0,16.8725
2018-01-07 08:06:00,0.0,0.0,0.0,0.0,0.0,0.0,0.0,0.0,0.0,0,0.0,16.8216,0.0,16.8216
2018-01-07 08:07:00,0.0,0.0,0.0,0.0,0.0,0.0,0.0,0.0,0.0,0,0.0,16.770699999999998,0.0,16.770699999999998
2018-01-07 08:08:00,0.0,0.0,0.0,0.0,0.0,0.0,0.0,0.0,0.0,0,0.0,16.7198,0.0,16.7198
2018-01-07 08:09:00,0.0,0.0,0.0,0.0,0.0,0.0,0.0,0.0,0.0,0,0.0,16.668899999999997,0.0,16.668899999999997
2018-01-07 08:10:00,0.0,0.0,0.0,0.0,0.0,0.0,0.0,0.0,0.0,0,0.0,16.618,0.0,16.618
2018-01-07 08:11:00,0.0,0.0,0.0,0.0,0.0,0.0,0.0,0.0,0.0,0,0.0,16.4959,0.0,16.4959
2018-01-07 08:12:00,0.0,0.0,0.0,0.0,0.0,0.0,0.0,0.0,0.0,0,0.0,16.3738,0.0,16.3738
2018-01-07 08:13:00,0.0,0.0,0.0,0.0,0.0,0.0,0.0,0.0,0.0,0,0.0,16.2517,0.0,16.2517
2018-01-07 08:14:00,0.0,0.0,0.0,0.0,0.0,0.0,0.0,0.0,0.0,0,0.0,16.1296,0.0,16.1296
2018-01-07 08:15:00,0.0,0.0,0.0,0.0,0.0,0.0,0.0,0.0,0.0,0,0.0,16.0075,0.0,16.0075
2018-01-07 08:16:00,0.0,0.0,0.0,0.0,0.0,0.0,0.0,0.0,0.0,0,0.0,15.885399999999999,0.0,15.885399999999999
2018-01-07 08:17:00,0.0,0.0,0.0,0.0,0.0,0.0,0.0,0.0,0.0,0,0.0,15.7633,0.0,15.7633
2018-01-07 08:18:00,0.0,0.0,0.0,0.0,0.0,0.0,0.0,0.0,0.0,0,0.0,15.6412,0.0,15.6412
2018-01-07 08:19:00,0.0,0.0,0.0,0.0,0.0,0.0,0.0,0.0,0.0,0,0.0,15.5191,0.0,15.5191
2018-01-07 08:20:00,0.0,0.0,0.0,0.0,0.0,0.0,0.0,0.0,0.0,0,0.0,15.397,0.0,15.397
2018-01-07 08:21:00,0.0,0.0,0.0,0.0,0.0,0.0,0.0,0.0,0.0,0,0.0,15.5837,0.0,15.5837
2018-01-07 08:22:00,0.0,0.0,0.0,0.0,0.0,0.0,0.0,0.0,0.0,0,0.0,15.7704,0.0,15.7704
2018-01-07 08:23:00,0.0,0.0,0.0,0.0,0.0,0.0,0.0,0.0,0.0,0,0.0,15.9571,0.0,15.9571
2018-01-07 08:24:00,0.0,0.0,0.0,0.0,0.0,0.0,0.0,0.0,0.0,0,0.0,16.1438,0.0,16.1438
2018-01-07 08:25:00,0.0,0.0,0.0,0.0,0.0,0.0,0.0,0.0,0.0,0,0.0,16.3305,0.0,16.3305
2018-01-07 08:26:00,0.0,0.0,0.0,0.0,0.0,0.0,0.0,0.0,0.0,0,0.0,16.5172,0.0,16.5172
2018-01-07 08:27:00,0.0,0.0,0.0,0.0,0.0,0.0,0.0,0.0,0.0,0,0.0,16.7039,0.0,16.7039
2018-01-07 08:28:00,0.0,0.0,0.0,0.0,0.0,0.0,0.0,0.0,0.0,0,0.0,16.8906,0.0,16.8906
2018-01-07 08:29:00,0.0,0.0,0.0,0.0,0.0,0.0,0.0,0.0,0.0,0,0.0,17.0773,0.0,17.0773
2018-01-07 08:30:00,0.0,0.0,0.0,0.0,0.0,0.0,0.0,0.0,0.0,0,0.0,17.264,0.0,17.264
2018-01-07 08:31:00,0.0,0.0,0.0,0.0,0.0,0.0,0.0,0.0,0.0,0,0.0,17.5925,0.0,17.5925
2018-01-07 08:32:00,0.0,0.0,0.0,0.0,0.0,0.0,0.0,0.0,0.0,0,0.0,17.921,0.0,17.921
2018-01-07 08:33:00,0.0,0.0,0.0,0.0,0.0,0.0,0.0,0.0,0.0,0,0.0,18.249499999999998,0.0,18.249499999999998
2018-01-07 08:34:00,0.0,0.0,0.0,0.0,0.0,0.0,0.0,0.0,0.0,0,0.0,18.578,0.0,18.578
2018-01-07 08:35:00,0.0,0.0,0.0,0.0,0.0,0.0,0.0,0.0,0.0,0,0.0,18.9065,0.0,18.9065
2018-01-07 08:36:00,0.0,0.0,0.0,0.0,0.0,0.0,0.0,0.0,0.0,0,0.0,19.235,0.0,19.235
2018-01-07 08:37:00,0.0,0.0,0.0,0.0,0.0,0.0,0.0,0.0,0.0,0,0.0,19.563499999999998,0.0,19.563499999999998
2018-01-07 08:38:00,0.0,0.0,0.0,0.0,0.0,0.0,0.0,0.0,0.0,0,0.0,19.892,0.0,19.892
2018-01-07 08:39:00,0.0,0.0,0.0,0.0,0.0,0.0,0.0,0.0,0.0,0,0.0,20.2205,0.0,20.2205
2018-01-07 08:40:00,0.0,0.0,0.0,0.0,0.0,0.0,0.0,0.0,0.0,0,0.0,20.549,0.0,20.549
2018-01-07 08:41:00,0.0,0.0,0.0,0.0,0.0,0.0,0.0,0.0,0.0,0,0.0,20.552799999999998,0.0,20.552799999999998
2018-01-07 08:42:00,0.0,0.0,0.0,0.0,0.0,0.0,0.0,0.0,0.0,0,0.0,20.5566,0.0,20.5566
2018-01-07 08:43:00,0.0,0.0,0.0,0.0,0.0,0.0,0.0,0.0,0.0,0,0.0,20.5604,0.0,20.5604
2018-01-07 08:44:00,0.0,0.0,0.0,0.0,0.0,0.0,0.0,0.0,0.0,0,0.0,20.5642,0.0,20.5642
2018-01-07 08:45:00,0.0,0.0,0.0,0.0,0.0,0.0,0.0,0.0,0.0,0,0.0,20.567999999999998,0.0,20.567999999999998
2018-01-07 08:46:00,0.0,0.0,0.0,0.0,0.0,0.0,0.0,0.0,0.0,0,0.0,20.5718,0.0,20.5718
2018-01-07 08:47:00,0.0,0.0,0.0,0.0,0.0,0.0,0.0,0.0,0.0,0,0.0,20.5756,0.0,20.5756
2018-01-07 08:48:00,0.0,0.0,0.0,0.0,0.0,0.0,0.0,0.0,0.0,0,0.0,20.5794,0.0,20.5794
2018-01-07 08:49:00,0.0,0.0,0.0,0.0,0.0,0.0,0.0,0.0,0.0,0,0.0,20.583199999999998,0.0,20.583199999999998
2018-01-07 08:50:00,0.0,0.0,0.0,0.0,0.0,0.0,0.0,0.0,0.0,0,0.0,20.587,0.0,20.587
2018-01-07 08:51:00,0.0,0.0,0.0,0.0,0.0,0.0,0.0,0.0,0.0,0,0.0,20.424,0.0,20.424
2018-01-07 08:52:00,0.0,0.0,0.0,0.0,0.0,0.0,0.0,0.0,0.0,0,0.0,20.261,0.0,20.261
2018-01-07 08:53:00,0.0,0.0,0.0,0.0,0.0,0.0,0.0,0.0,0.0,0,0.0,20.098,0.0,20.098
2018-01-07 08:54:00,0.0,0.0,0.0,0.0,0.0,0.0,0.0,0.0,0.0,0,0.0,19.935,0.0,19.935
2018-01-07 08:55:00,0.0,0.0,0.0,0.0,0.0,0.0,0.0,0.0,0.0,0,0.0,19.772,0.0,19.772
2018-01-07 08:56:00,0.0,0.0,0.0,0.0,0.0,0.0,0.0,0.0,0.0,0,0.0,19.609,0.0,19.609
2018-01-07 08:57:00,0.0,0.0,0.0,0.0,0.0,0.0,0.0,0.0,0.0,0,0.0,19.446,0.0,19.446
2018-01-07 08:58:00,0.0,0.0,0.0,0.0,0.0,0.0,0.0,0.0,0.0,0,0.0,19.283,0.0,19.283
2018-01-07 08:59:00,0.0,0.0,0.0,0.0,0.0,0.0,0.0,0.0,0.0,0,0.0,19.12,0.0,19.12
2018-01-07 09:00:00,0.0,0.0,0.0,0.0,0.0,0.0,0.0,0.0,0.0,0,0.0,18.957,0.0,18.957
2018-01-07 09:01:00,0.0,0.0,0.0,0.0,0.0,0.0,0.0,0.0,0.0,0,0.0,18.9337,0.0,18.9337
2018-01-07 09:02:00,0.0,0.0,0.0,0.0,0.0,0.0,0.0,0.0,0.0,0,0.0,18.9104,0.0,18.9104
2018-01-07 09:03:00,0.0,0.0,0.0,0.0,0.0,0.0,0.0,0.0,0.0,0,0.0,18.8871,0.0,18.8871
2018-01-07 09:04:00,0.0,0.0,0.0,0.0,0.0,0.0,0.0,0.0,0.0,0,0.0,18.8638,0.0,18.8638
2018-01-07 09:05:00,0.0,0.0,0.0,0.0,0.0,0.0,0.0,0.0,0.0,0,0.0,18.8405,0.0,18.8405
2018-01-07 09:06:00,0.0,0.0,0.0,0.0,0.0,0.0,0.0,0.0,0.0,0,0.0,18.8172,0.0,18.8172
2018-01-07 09:07:00,0.0,0.0,0.0,0.0,0.0,0.0,0.0,0.0,0.0,0,0.0,18.7939,0.0,18.7939
2018-01-07 09:08:00,0.0,0.0,0.0,0.0,0.0,0.0,0.0,0.0,0.0,0,0.0,18.7706,0.0,18.7706
2018-01-07 09:09:00,0.0,0.0,0.0,0.0,0.0,0.0,0.0,0.0,0.0,0,0.0,18.7473,0.0,18.7473
2018-01-07 09:10:00,0.0,0.0,0.0,0.0,0.0,0.0,0.0,0.0,0.0,0,0.0,18.724,0.0,18.724
2018-01-07 09:11:00,0.0,0.0,0.0,0.0,0.0,0.0,0.0,0.0,0.0,0,0.0,18.759,0.0,18.759
2018-01-07 09:12:00,0.0,0.0,0.0,0.0,0.0,0.0,0.0,0.0,0.0,0,0.0,18.794,0.0,18.794
2018-01-07 09:13:00,0.0,0.0,0.0,0.0,0.0,0.0,0.0,0.0,0.0,0,0.0,18.829,0.0,18.829
2018-01-07 09:14:00,0.0,0.0,0.0,0.0,0.0,0.0,0.0,0.0,0.0,0,0.0,18.864,0.0,18.864
2018-01-07 09:15:00,0.0,0.0,0.0,0.0,0.0,0.0,0.0,0.0,0.0,0,0.0,18.899,0.0,18.899
2018-01-07 09:16:00,0.0,0.0,0.0,0.0,0.0,0.0,0.0,0.0,0.0,0,0.0,18.934,0.0,18.934
2018-01-07 09:17:00,0.0,0.0,0.0,0.0,0.0,0.0,0.0,0.0,0.0,0,0.0,18.969,0.0,18.969
2018-01-07 09:18:00,0.0,0.0,0.0,0.0,0.0,0.0,0.0,0.0,0.0,0,0.0,19.004,0.0,19.004
2018-01-07 09:19:00,0.0,0.0,0.0,0.0,0.0,0.0,0.0,0.0,0.0,0,0.0,19.039,0.0,19.039
2018-01-07 09:20:00,0.0,0.0,0.0,0.0,0.0,0.0,0.0,0.0,0.0,0,0.0,19.074,0.0,19.074
2018-01-07 09:21:00,0.0,0.0,0.0,0.0,0.0,0.0,0.0,0.0,0.0,0,0.0,19.1327,0.0,19.1327
2018-01-07 09:22:00,0.0,0.0,0.0,0.0,0.0,0.0,0.0,0.0,0.0,0,0.0,19.1914,0.0,19.1914
2018-01-07 09:23:00,0.0,0.0,0.0,0.0,0.0,0.0,0.0,0.0,0.0,0,0.0,19.250100000000003,0.0,19.250100000000003
2018-01-07 09:24:00,0.0,0.0,0.0,0.0,0.0,0.0,0.0,0.0,0.0,0,0.0,19.3088,0.0,19.3088
2018-01-07 09:25:00,0.0,0.0,0.0,0.0,0.0,0.0,0.0,0.0,0.0,0,0.0,19.3675,0.0,19.3675
2018-01-07 09:26:00,0.0,0.0,0.0,0.0,0.0,0.0,0.0,0.0,0.0,0,0.0,19.4262,0.0,19.4262
2018-01-07 09:27:00,0.0,0.0,0.0,0.0,0.0,0.0,0.0,0.0,0.0,0,0.0,19.484900000000003,0.0,19.484900000000003
2018-01-07 09:28:00,0.0,0.0,0.0,0.0,0.0,0.0,0.0,0.0,0.0,0,0.0,19.5436,0.0,19.5436
2018-01-07 09:29:00,0.0,0.0,0.0,0.0,0.0,0.0,0.0,0.0,0.0,0,0.0,19.6023,0.0,19.6023
2018-01-07 09:30:00,0.0,0.0,0.0,0.0,0.0,0.0,0.0,0.0,0.0,0,0.0,19.661,0.0,19.661
2018-01-07 09:31:00,0.0,0.0,0.0,0.0,0.0,0.0,0.0,0.0,0.0,0,0.0,19.4985,0.0,19.4985
2018-01-07 09:32:00,0.0,0.0,0.0,0.0,0.0,0.0,0.0,0.0,0.0,0,0.0,19.336000000000002,0.0,19.336000000000002
2018-01-07 09:33:00,0.0,0.0,0.0,0.0,0.0,0.0,0.0,0.0,0.0,0,0.0,19.1735,0.0,19.1735
2018-01-07 09:34:00,0.0,0.0,0.0,0.0,0.0,0.0,0.0,0.0,0.0,0,0.0,19.011000000000003,0.0,19.011000000000003
2018-01-07 09:35:00,0.0,0.0,0.0,0.0,0.0,0.0,0.0,0.0,0.0,0,0.0,18.8485,0.0,18.8485
2018-01-07 09:36:00,0.0,0.0,0.0,0.0,0.0,0.0,0.0,0.0,0.0,0,0.0,18.686,0.0,18.686
2018-01-07 09:37:00,0.0,0.0,0.0,0.0,0.0,0.0,0.0,0.0,0.0,0,0.0,18.523500000000002,0.0,18.523500000000002
2018-01-07 09:38:00,0.0,0.0,0.0,0.0,0.0,0.0,0.0,0.0,0.0,0,0.0,18.361,0.0,18.361
2018-01-07 09:39:00,0.0,0.0,0.0,0.0,0.0,0.0,0.0,0.0,0.0,0,0.0,18.198500000000003,0.0,18.198500000000003
2018-01-07 09:40:00,0.0,0.0,0.0,0.0,0.0,0.0,0.0,0.0,0.0,0,0.0,18.036,0.0,18.036
2018-01-07 09:41:00,0.0,0.0,0.0,0.0,0.0,0.0,0.0,0.0,0.0,0,0.0,18.018,0.0,18.018
2018-01-07 09:42:00,0.0,0.0,0.0,0.0,0.0,0.0,0.0,0.0,0.0,0,0.0,18.0,0.0,18.0
2018-01-07 09:43:00,0.0,0.0,0.0,0.0,0.0,0.0,0.0,0.0,0.0,0,0.0,17.982000000000003,0.0,17.982000000000003
2018-01-07 09:44:00,0.0,0.0,0.0,0.0,0.0,0.0,0.0,0.0,0.0,0,0.0,17.964000000000002,0.0,17.964000000000002
2018-01-07 09:45:00,0.0,0.0,0.0,0.0,0.0,0.0,0.0,0.0,0.0,0,0.0,17.946,0.0,17.946
2018-01-07 09:46:00,0.0,0.0,0.0,0.0,0.0,0.0,0.0,0.0,0.0,0,0.0,17.928,0.0,17.928
2018-01-07 09:47:00,0.0,0.0,0.0,0.0,0.0,0.0,0.0,0.0,0.0,0,0.0,17.91,0.0,17.91
2018-01-07 09:48:00,0.0,0.0,0.0,0.0,0.0,0.0,0.0,0.0,0.0,0,0.0,17.892000000000003,0.0,17.892000000000003
2018-01-07 09:49:00,0.0,0.0,0.0,0.0,0.0,0.0,0.0,0.0,0.0,0,0.0,17.874000000000002,0.0,17.874000000000002
2018-01-07 09:50:00,0.0,0.0,0.0,0.0,0.0,0.0,0.0,0.0,0.0,0,0.0,17.856,0.0,17.856
2018-01-07 09:51:00,0.0,0.0,0.0,0.0,0.0,0.0,0.0,0.0,0.0,0,0.0,17.722900000000003,0.0,17.722900000000003
2018-01-07 09:52:00,0.0,0.0,0.0,0.0,0.0,0.0,0.0,0.0,0.0,0,0.0,17.5898,0.0,17.5898
2018-01-07 09:53:00,0.0,0.0,0.0,0.0,0.0,0.0,0.0,0.0,0.0,0,0.0,17.4567,0.0,17.4567
2018-01-07 09:54:00,0.0,0.0,0.0,0.0,0.0,0.0,0.0,0.0,0.0,0,0.0,17.3236,0.0,17.3236
2018-01-07 09:55:00,0.0,0.0,0.0,0.0,0.0,0.0,0.0,0.0,0.0,0,0.0,17.1905,0.0,17.1905
2018-01-07 09:56:00,0.0,0.0,0.0,0.0,0.0,0.0,0.0,0.0,0.0,0,0.0,17.0574,0.0,17.0574
2018-01-07 09:57:00,0.0,0.0,0.0,0.0,0.0,0.0,0.0,0.0,0.0,0,0.0,16.9243,0.0,16.9243
2018-01-07 09:58:00,0.0,0.0,0.0,0.0,0.0,0.0,0.0,0.0,0.0,0,0.0,16.7912,0.0,16.7912
2018-01-07 09:59:00,0.0,0.0,0.0,0.0,0.0,0.0,0.0,0.0,0.0,0,0.0,16.658099999999997,0.0,16.658099999999997
2018-01-07 10:00:00,0.0,0.0,0.0,0.0,0.0,0.0,0.0,0.0,0.0,0,0.0,16.525,0.0,16.525
2018-01-07 10:01:00,0.0,0.0,0.0,0.0,0.0,0.0,0.0,0.0,0.0,0,0.0,16.7899,0.0,16.7899
2018-01-07 10:02:00,0.0,0.0,0.0,0.0,0.0,0.0,0.0,0.0,0.0,0,0.0,17.0548,0.0,17.0548
2018-01-07 10:03:00,0.0,0.0,0.0,0.0,0.0,0.0,0.0,0.0,0.0,0,0.0,17.319699999999997,0.0,17.319699999999997
2018-01-07 10:04:00,0.0,0.0,0.0,0.0,0.0,0.0,0.0,0.0,0.0,0,0.0,17.5846,0.0,17.5846
2018-01-07 10:05:00,0.0,0.0,0.0,0.0,0.0,0.0,0.0,0.0,0.0,0,0.0,17.8495,0.0,17.8495
2018-01-07 10:06:00,0.0,0.0,0.0,0.0,0.0,0.0,0.0,0.0,0.0,0,0.0,18.1144,0.0,18.1144
2018-01-07 10:07:00,0.0,0.0,0.0,0.0,0.0,0.0,0.0,0.0,0.0,0,0.0,18.3793,0.0,18.3793
2018-01-07 10:08:00,0.0,0.0,0.0,0.0,0.0,0.0,0.0,0.0,0.0,0,0.0,18.644199999999998,0.0,18.644199999999998
2018-01-07 10:09:00,0.0,0.0,0.0,0.0,0.0,0.0,0.0,0.0,0.0,0,0.0,18.9091,0.0,18.9091
2018-01-07 10:10:00,0.0,0.0,0.0,0.0,0.0,0.0,0.0,0.0,0.0,0,0.0,19.174,0.0,19.174
2018-01-07 10:11:00,0.0,0.0,0.0,0.0,0.0,0.0,0.0,0.0,0.0,0,0.0,19.2451,0.0,19.2451
2018-01-07 10:12:00,0.0,0.0,0.0,0.0,0.0,0.0,0.0,0.0,0.0,0,0.0,19.3162,0.0,19.3162
2018-01-07 10:13:00,0.0,0.0,0.0,0.0,0.0,0.0,0.0,0.0,0.0,0,0.0,19.3873,0.0,19.3873
2018-01-07 10:14:00,0.0,0.0,0.0,0.0,0.0,0.0,0.0,0.0,0.0,0,0.0,19.4584,0.0,19.4584
2018-01-07 10:15:00,0.0,0.0,0.0,0.0,0.0,0.0,0.0,0.0,0.0,0,0.0,19.5295,0.0,19.5295
2018-01-07 10:16:00,0.0,0.0,0.0,0.0,0.0,0.0,0.0,0.0,0.0,0,0.0,19.6006,0.0,19.6006
2018-01-07 10:17:00,0.0,0.0,0.0,0.0,0.0,0.0,0.0,0.0,0.0,0,0.0,19.6717,0.0,19.6717
2018-01-07 10:18:00,0.0,0.0,0.0,0.0,0.0,0.0,0.0,0.0,0.0,0,0.0,19.742800000000003,0.0,19.742800000000003
2018-01-07 10:19:00,0.0,0.0,0.0,0.0,0.0,0.0,0.0,0.0,0.0,0,0.0,19.8139,0.0,19.8139
2018-01-07 10:20:00,0.0,0.0,0.0,0.0,0.0,0.0,0.0,0.0,0.0,0,0.0,19.885,0.0,19.885
2018-01-07 10:21:00,0.0,0.0,0.0,0.0,0.0,0.0,0.0,0.0,0.0,0,0.0,19.668400000000002,0.0,19.668400000000002
2018-01-07 10:22:00,0.0,0.0,0.0,0.0,0.0,0.0,0.0,0.0,0.0,0,0.0,19.451800000000002,0.0,19.451800000000002
2018-01-07 10:23:00,0.0,0.0,0.0,0.0,0.0,0.0,0.0,0.0,0.0,0,0.0,19.235200000000003,0.0,19.235200000000003
2018-01-07 10:24:00,0.0,0.0,0.0,0.0,0.0,0.0,0.0,0.0,0.0,0,0.0,19.018600000000003,0.0,19.018600000000003
2018-01-07 10:25:00,0.0,0.0,0.0,0.0,0.0,0.0,0.0,0.0,0.0,0,0.0,18.802,0.0,18.802
2018-01-07 10:26:00,0.0,0.0,0.0,0.0,0.0,0.0,0.0,0.0,0.0,0,0.0,18.5854,0.0,18.5854
2018-01-07 10:27:00,0.0,0.0,0.0,0.0,0.0,0.0,0.0,0.0,0.0,0,0.0,18.3688,0.0,18.3688
2018-01-07 10:28:00,0.0,0.0,0.0,0.0,0.0,0.0,0.0,0.0,0.0,0,0.0,18.1522,0.0,18.1522
2018-01-07 10:29:00,0.0,0.0,0.0,0.0,0.0,0.0,0.0,0.0,0.0,0,0.0,17.9356,0.0,17.9356
2018-01-07 10:30:00,0.0,0.0,0.0,0.0,0.0,0.0,0.0,0.0,0.0,0,0.0,17.719,0.0,17.719
2018-01-07 10:31:00,0.0,0.0,0.0,0.0,0.0,0.0,0.0,0.0,0.0,0,0.0,17.7364,0.0,17.7364
2018-01-07 10:32:00,0.0,0.0,0.0,0.0,0.0,0.0,0.0,0.0,0.0,0,0.0,17.753800000000002,0.0,17.753800000000002
2018-01-07 10:33:00,0.0,0.0,0.0,0.0,0.0,0.0,0.0,0.0,0.0,0,0.0,17.7712,0.0,17.7712
2018-01-07 10:34:00,0.0,0.0,0.0,0.0,0.0,0.0,0.0,0.0,0.0,0,0.0,17.788600000000002,0.0,17.788600000000002
2018-01-07 10:35:00,0.0,0.0,0.0,0.0,0.0,0.0,0.0,0.0,0.0,0,0.0,17.806,0.0,17.806
2018-01-07 10:36:00,0.0,0.0,0.0,0.0,0.0,0.0,0.0,0.0,0.0,0,0.0,17.8234,0.0,17.8234
2018-01-07 10:37:00,0.0,0.0,0.0,0.0,0.0,0.0,0.0,0.0,0.0,0,0.0,17.8408,0.0,17.8408
2018-01-07 10:38:00,0.0,0.0,0.0,0.0,0.0,0.0,0.0,0.0,0.0,0,0.0,17.8582,0.0,17.8582
2018-01-07 10:39:00,0.0,0.0,0.0,0.0,0.0,0.0,0.0,0.0,0.0,0,0.0,17.875600000000002,0.0,17.875600000000002
2018-01-07 10:40:00,0.0,0.0,0.0,0.0,0.0,0.0,0.0,0.0,0.0,0,0.0,17.893,0.0,17.893
2018-01-07 10:41:00,0.0,0.0,0.0,0.0,0.0,0.0,0.0,0.0,0.0,0,0.0,17.8312,0.0,17.8312
2018-01-07 10:42:00,0.0,0.0,0.0,0.0,0.0,0.0,0.0,0.0,0.0,0,0.0,17.7694,0.0,17.7694
2018-01-07 10:43:00,0.0,0.0,0.0,0.0,0.0,0.0,0.0,0.0,0.0,0,0.0,17.7076,0.0,17.7076
2018-01-07 10:44:00,0.0,0.0,0.0,0.0,0.0,0.0,0.0,0.0,0.0,0,0.0,17.6458,0.0,17.6458
2018-01-07 10:45:00,0.0,0.0,0.0,0.0,0.0,0.0,0.0,0.0,0.0,0,0.0,17.584,0.0,17.584
2018-01-07 10:46:00,0.0,0.0,0.0,0.0,0.0,0.0,0.0,0.0,0.0,0,0.0,17.522199999999998,0.0,17.522199999999998
2018-01-07 10:47:00,0.0,0.0,0.0,0.0,0.0,0.0,0.0,0.0,0.0,0,0.0,17.4604,0.0,17.4604
2018-01-07 10:48:00,0.0,0.0,0.0,0.0,0.0,0.0,0.0,0.0,0.0,0,0.0,17.3986,0.0,17.3986
2018-01-07 10:49:00,0.0,0.0,0.0,0.0,0.0,0.0,0.0,0.0,0.0,0,0.0,17.3368,0.0,17.3368
2018-01-07 10:50:00,0.0,0.0,0.0,0.0,0.0,0.0,0.0,0.0,0.0,0,0.0,17.275,0.0,17.275
2018-01-07 10:51:00,0.0,0.0,0.0,0.0,0.0,0.0,0.0,0.0,0.0,0,0.0,17.7412,0.0,17.7412
2018-01-07 10:52:00,0.0,0.0,0.0,0.0,0.0,0.0,0.0,0.0,0.0,0,0.0,18.2074,0.0,18.2074
2018-01-07 10:53:00,0.0,0.0,0.0,0.0,0.0,0.0,0.0,0.0,0.0,0,0.0,18.6736,0.0,18.6736
2018-01-07 10:54:00,0.0,0.0,0.0,0.0,0.0,0.0,0.0,0.0,0.0,0,0.0,19.1398,0.0,19.1398
2018-01-07 10:55:00,0.0,0.0,0.0,0.0,0.0,0.0,0.0,0.0,0.0,0,0.0,19.606,0.0,19.606
2018-01-07 10:56:00,0.0,0.0,0.0,0.0,0.0,0.0,0.0,0.0,0.0,0,0.0,20.072200000000002,0.0,20.072200000000002
2018-01-07 10:57:00,0.0,0.0,0.0,0.0,0.0,0.0,0.0,0.0,0.0,0,0.0,20.5384,0.0,20.5384
2018-01-07 10:58:00,0.0,0.0,0.0,0.0,0.0,0.0,0.0,0.0,0.0,0,0.0,21.0046,0.0,21.0046
2018-01-07 10:59:00,0.0,0.0,0.0,0.0,0.0,0.0,0.0,0.0,0.0,0,0.0,21.4708,0.0,21.4708
2018-01-07 11:00:00,0.0,0.0,0.0,0.0,0.0,0.0,0.0,0.0,0.0,0,0.0,21.937,0.0,21.937
2018-01-07 11:01:00,0.0,0.0,0.0,0.0,0.0,0.0,0.0,0.0,0.0,0,0.0,21.899700000000003,0.0,21.899700000000003
2018-01-07 11:02:00,0.0,0.0,0.0,0.0,0.0,0.0,0.0,0.0,0.0,0,0.0,21.8624,0.0,21.8624
2018-01-07 11:03:00,0.0,0.0,0.0,0.0,0.0,0.0,0.0,0.0,0.0,0,0.0,21.8251,0.0,21.8251
2018-01-07 11:04:00,0.0,0.0,0.0,0.0,0.0,0.0,0.0,0.0,0.0,0,0.0,21.7878,0.0,21.7878
2018-01-07 11:05:00,0.0,0.0,0.0,0.0,0.0,0.0,0.0,0.0,0.0,0,0.0,21.750500000000002,0.0,21.750500000000002
2018-01-07 11:06:00,0.0,0.0,0.0,0.0,0.0,0.0,0.0,0.0,0.0,0,0.0,21.7132,0.0,21.7132
2018-01-07 11:07:00,0.0,0.0,0.0,0.0,0.0,0.0,0.0,0.0,0.0,0,0.0,21.6759,0.0,21.6759
2018-01-07 11:08:00,0.0,0.0,0.0,0.0,0.0,0.0,0.0,0.0,0.0,0,0.0,21.6386,0.0,21.6386
2018-01-07 11:09:00,0.0,0.0,0.0,0.0,0.0,0.0,0.0,0.0,0.0,0,0.0,21.601300000000002,0.0,21.601300000000002
2018-01-07 11:10:00,0.0,0.0,0.0,0.0,0.0,0.0,0.0,0.0,0.0,0,0.0,21.564,0.0,21.564
2018-01-07 11:11:00,0.0,0.0,0.0,0.0,0.0,0.0,0.0,0.0,0.0,0,0.0,21.3222,0.0,21.3222
2018-01-07 11:12:00,0.0,0.0,0.0,0.0,0.0,0.0,0.0,0.0,0.0,0,0.0,21.0804,0.0,21.0804
2018-01-07 11:13:00,0.0,0.0,0.0,0.0,0.0,0.0,0.0,0.0,0.0,0,0.0,20.8386,0.0,20.8386
2018-01-07 11:14:00,0.0,0.0,0.0,0.0,0.0,0.0,0.0,0.0,0.0,0,0.0,20.5968,0.0,20.5968
2018-01-07 11:15:00,0.0,0.0,0.0,0.0,0.0,0.0,0.0,0.0,0.0,0,0.0,20.355,0.0,20.355
2018-01-07 11:16:00,0.0,0.0,0.0,0.0,0.0,0.0,0.0,0.0,0.0,0,0.0,20.1132,0.0,20.1132
2018-01-07 11:17:00,0.0,0.0,0.0,0.0,0.0,0.0,0.0,0.0,0.0,0,0.0,19.8714,0.0,19.8714
2018-01-07 11:18:00,0.0,0.0,0.0,0.0,0.0,0.0,0.0,0.0,0.0,0,0.0,19.6296,0.0,19.6296
2018-01-07 11:19:00,0.0,0.0,0.0,0.0,0.0,0.0,0.0,0.0,0.0,0,0.0,19.387800000000002,0.0,19.387800000000002
2018-01-07 11:20:00,0.0,0.0,0.0,0.0,0.0,0.0,0.0,0.0,0.0,0,0.0,19.146,0.0,19.146
2018-01-07 11:21:00,0.0,0.0,0.0,0.0,0.0,0.0,0.0,0.0,0.0,0,0.0,19.0878,0.0,19.0878
2018-01-07 11:22:00,0.0,0.0,0.0,0.0,0.0,0.0,0.0,0.0,0.0,0,0.0,19.029600000000002,0.0,19.029600000000002
2018-01-07 11:23:00,0.0,0.0,0.0,0.0,0.0,0.0,0.0,0.0,0.0,0,0.0,18.9714,0.0,18.9714
2018-01-07 11:24:00,0.0,0.0,0.0,0.0,0.0,0.0,0.0,0.0,0.0,0,0.0,18.9132,0.0,18.9132
2018-01-07 11:25:00,0.0,0.0,0.0,0.0,0.0,0.0,0.0,0.0,0.0,0,0.0,18.855,0.0,18.855
2018-01-07 11:26:00,0.0,0.0,0.0,0.0,0.0,0.0,0.0,0.0,0.0,0,0.0,18.7968,0.0,18.7968
2018-01-07 11:27:00,0.0,0.0,0.0,0.0,0.0,0.0,0.0,0.0,0.0,0,0.0,18.7386,0.0,18.7386
2018-01-07 11:28:00,0.0,0.0,0.0,0.0,0.0,0.0,0.0,0.0,0.0,0,0.0,18.6804,0.0,18.6804
2018-01-07 11:29:00,0.0,0.0,0.0,0.0,0.0,0.0,0.0,0.0,0.0,0,0.0,18.6222,0.0,18.6222
2018-01-07 11:30:00,0.0,0.0,0.0,0.0,0.0,0.0,0.0,0.0,0.0,0,0.0,18.564,0.0,18.564
2018-01-07 11:31:00,0.0,0.0,0.0,0.0,0.0,0.0,0.0,0.0,0.0,0,0.0,18.5528,0.0,18.5528
2018-01-07 11:32:00,0.0,0.0,0.0,0.0,0.0,0.0,0.0,0.0,0.0,0,0.0,18.5416,0.0,18.5416
2018-01-07 11:33:00,0.0,0.0,0.0,0.0,0.0,0.0,0.0,0.0,0.0,0,0.0,18.5304,0.0,18.5304
2018-01-07 11:34:00,0.0,0.0,0.0,0.0,0.0,0.0,0.0,0.0,0.0,0,0.0,18.5192,0.0,18.5192
2018-01-07 11:35:00,0.0,0.0,0.0,0.0,0.0,0.0,0.0,0.0,0.0,0,0.0,18.508000000000003,0.0,18.508000000000003
2018-01-07 11:36:00,0.0,0.0,0.0,0.0,0.0,0.0,0.0,0.0,0.0,0,0.0,18.4968,0.0,18.4968
2018-01-07 11:37:00,0.0,0.0,0.0,0.0,0.0,0.0,0.0,0.0,0.0,0,0.0,18.4856,0.0,18.4856
2018-01-07 11:38:00,0.0,0.0,0.0,0.0,0.0,0.0,0.0,0.0,0.0,0,0.0,18.474400000000003,0.0,18.474400000000003
2018-01-07 11:39:00,0.0,0.0,0.0,0.0,0.0,0.0,0.0,0.0,0.0,0,0.0,18.4632,0.0,18.4632
2018-01-07 11:40:00,0.0,0.0,0.0,0.0,0.0,0.0,0.0,0.0,0.0,0,0.0,18.452,0.0,18.452
2018-01-07 11:41:00,0.0,0.0,0.0,0.0,0.0,0.0,0.0,0.0,0.0,0,0.0,18.4422,0.0,18.4422
2018-01-07 11:42:00,0.0,0.0,0.0,0.0,0.0,0.0,0.0,0.0,0.0,0,0.0,18.4324,0.0,18.4324
2018-01-07 11:43:00,0.0,0.0,0.0,0.0,0.0,0.0,0.0,0.0,0.0,0,0.0,18.422600000000003,0.0,18.422600000000003
2018-01-07 11:44:00,0.0,0.0,0.0,0.0,0.0,0.0,0.0,0.0,0.0,0,0.0,18.4128,0.0,18.4128
2018-01-07 11:45:00,0.0,0.0,0.0,0.0,0.0,0.0,0.0,0.0,0.0,0,0.0,18.403,0.0,18.403
2018-01-07 11:46:00,0.0,0.0,0.0,0.0,0.0,0.0,0.0,0.0,0.0,0,0.0,18.3932,0.0,18.3932
2018-01-07 11:47:00,0.0,0.0,0.0,0.0,0.0,0.0,0.0,0.0,0.0,0,0.0,18.3834,0.0,18.3834
2018-01-07 11:48:00,0.0,0.0,0.0,0.0,0.0,0.0,0.0,0.0,0.0,0,0.0,18.3736,0.0,18.3736
2018-01-07 11:49:00,0.0,0.0,0.0,0.0,0.0,0.0,0.0,0.0,0.0,0,0.0,18.363799999999998,0.0,18.363799999999998
2018-01-07 11:50:00,0.0,0.0,0.0,0.0,0.0,0.0,0.0,0.0,0.0,0,0.0,18.354,0.0,18.354
2018-01-07 11:51:00,0.0,0.0,0.0,0.0,0.0,0.0,0.0,0.0,0.0,0,0.0,18.7289,0.0,18.7289
2018-01-07 11:52:00,0.0,0.0,0.0,0.0,0.0,0.0,0.0,0.0,0.0,0,0.0,19.1038,0.0,19.1038
2018-01-07 11:53:00,0.0,0.0,0.0,0.0,0.0,0.0,0.0,0.0,0.0,0,0.0,19.4787,0.0,19.4787
2018-01-07 11:54:00,0.0,0.0,0.0,0.0,0.0,0.0,0.0,0.0,0.0,0,0.0,19.8536,0.0,19.8536
2018-01-07 11:55:00,0.0,0.0,0.0,0.0,0.0,0.0,0.0,0.0,0.0,0,0.0,20.2285,0.0,20.2285
2018-01-07 11:56:00,0.0,0.0,0.0,0.0,0.0,0.0,0.0,0.0,0.0,0,0.0,20.6034,0.0,20.6034
2018-01-07 11:57:00,0.0,0.0,0.0,0.0,0.0,0.0,0.0,0.0,0.0,0,0.0,20.9783,0.0,20.9783
2018-01-07 11:58:00,0.0,0.0,0.0,0.0,0.0,0.0,0.0,0.0,0.0,0,0.0,21.3532,0.0,21.3532
2018-01-07 11:59:00,0.0,0.0,0.0,0.0,0.0,0.0,0.0,0.0,0.0,0,0.0,21.7281,0.0,21.7281
2018-01-07 12:00:00,0.0,0.0,0.0,0.0,0.0,0.0,0.0,0.0,0.0,0,0.0,22.103,0.0,22.103
2018-01-07 12:01:00,0.0,0.0,0.0,0.0,0.0,0.0,0.0,0.0,0.0,0,0.0,21.704500000000003,0.0,21.704500000000003
2018-01-07 12:02:00,0.0,0.0,0.0,0.0,0.0,0.0,0.0,0.0,0.0,0,0.0,21.306,0.0,21.306
2018-01-07 12:03:00,0.0,0.0,0.0,0.0,0.0,0.0,0.0,0.0,0.0,0,0.0,20.9075,0.0,20.9075
2018-01-07 12:04:00,0.0,0.0,0.0,0.0,0.0,0.0,0.0,0.0,0.0,0,0.0,20.509,0.0,20.509
2018-01-07 12:05:00,0.0,0.0,0.0,0.0,0.0,0.0,0.0,0.0,0.0,0,0.0,20.110500000000002,0.0,20.110500000000002
2018-01-07 12:06:00,0.0,0.0,0.0,0.0,0.0,0.0,0.0,0.0,0.0,0,0.0,19.712,0.0,19.712
2018-01-07 12:07:00,0.0,0.0,0.0,0.0,0.0,0.0,0.0,0.0,0.0,0,0.0,19.313499999999998,0.0,19.313499999999998
2018-01-07 12:08:00,0.0,0.0,0.0,0.0,0.0,0.0,0.0,0.0,0.0,0,0.0,18.915,0.0,18.915
2018-01-07 12:09:00,0.0,0.0,0.0,0.0,0.0,0.0,0.0,0.0,0.0,0,0.0,18.5165,0.0,18.5165
2018-01-07 12:10:00,0.0,0.0,0.0,0.0,0.0,0.0,0.0,0.0,0.0,0,0.0,18.118,0.0,18.118
2018-01-07 12:11:00,0.0,0.0,0.0,0.0,0.0,0.0,0.0,0.0,0.0,0,0.0,17.9666,0.0,17.9666
2018-01-07 12:12:00,0.0,0.0,0.0,0.0,0.0,0.0,0.0,0.0,0.0,0,0.0,17.815199999999997,0.0,17.815199999999997
2018-01-07 12:13:00,0.0,0.0,0.0,0.0,0.0,0.0,0.0,0.0,0.0,0,0.0,17.6638,0.0,17.6638
2018-01-07 12:14:00,0.0,0.0,0.0,0.0,0.0,0.0,0.0,0.0,0.0,0,0.0,17.5124,0.0,17.5124
2018-01-07 12:15:00,0.0,0.0,0.0,0.0,0.0,0.0,0.0,0.0,0.0,0,0.0,17.360999999999997,0.0,17.360999999999997
2018-01-07 12:16:00,0.0,0.0,0.0,0.0,0.0,0.0,0.0,0.0,0.0,0,0.0,17.2096,0.0,17.2096
2018-01-07 12:17:00,0.0,0.0,0.0,0.0,0.0,0.0,0.0,0.0,0.0,0,0.0,17.0582,0.0,17.0582
2018-01-07 12:18:00,0.0,0.0,0.0,0.0,0.0,0.0,0.0,0.0,0.0,0,0.0,16.9068,0.0,16.9068
2018-01-07 12:19:00,0.0,0.0,0.0,0.0,0.0,0.0,0.0,0.0,0.0,0,0.0,16.755399999999998,0.0,16.755399999999998
2018-01-07 12:20:00,0.0,0.0,0.0,0.0,0.0,0.0,0.0,0.0,0.0,0,0.0,16.604,0.0,16.604
2018-01-07 12:21:00,0.0,0.0,0.0,0.0,0.0,0.0,0.0,0.0,0.0,0,0.0,16.7772,0.0,16.7772
2018-01-07 12:22:00,0.0,0.0,0.0,0.0,0.0,0.0,0.0,0.0,0.0,0,0.0,16.9504,0.0,16.9504
2018-01-07 12:23:00,0.0,0.0,0.0,0.0,0.0,0.0,0.0,0.0,0.0,0,0.0,17.1236,0.0,17.1236
2018-01-07 12:24:00,0.0,0.0,0.0,0.0,0.0,0.0,0.0,0.0,0.0,0,0.0,17.296799999999998,0.0,17.296799999999998
2018-01-07 12:25:00,0.0,0.0,0.0,0.0,0.0,0.0,0.0,0.0,0.0,0,0.0,17.47,0.0,17.47
2018-01-07 12:26:00,0.0,0.0,0.0,0.0,0.0,0.0,0.0,0.0,0.0,0,0.0,17.6432,0.0,17.6432
2018-01-07 12:27:00,0.0,0.0,0.0,0.0,0.0,0.0,0.0,0.0,0.0,0,0.0,17.816399999999998,0.0,17.816399999999998
2018-01-07 12:28:00,0.0,0.0,0.0,0.0,0.0,0.0,0.0,0.0,0.0,0,0.0,17.9896,0.0,17.9896
2018-01-07 12:29:00,0.0,0.0,0.0,0.0,0.0,0.0,0.0,0.0,0.0,0,0.0,18.162799999999997,0.0,18.162799999999997
2018-01-07 12:30:00,0.0,0.0,0.0,0.0,0.0,0.0,0.0,0.0,0.0,0,0.0,18.336,0.0,18.336
2018-01-07 12:31:00,0.0,0.0,0.0,0.0,0.0,0.0,0.0,0.0,0.0,0,0.0,18.171699999999998,0.0,18.171699999999998
2018-01-07 12:32:00,0.0,0.0,0.0,0.0,0.0,0.0,0.0,0.0,0.0,0,0.0,18.0074,0.0,18.0074
2018-01-07 12:33:00,0.0,0.0,0.0,0.0,0.0,0.0,0.0,0.0,0.0,0,0.0,17.8431,0.0,17.8431
2018-01-07 12:34:00,0.0,0.0,0.0,0.0,0.0,0.0,0.0,0.0,0.0,0,0.0,17.6788,0.0,17.6788
2018-01-07 12:35:00,0.0,0.0,0.0,0.0,0.0,0.0,0.0,0.0,0.0,0,0.0,17.514499999999998,0.0,17.514499999999998
2018-01-07 12:36:00,0.0,0.0,0.0,0.0,0.0,0.0,0.0,0.0,0.0,0,0.0,17.3502,0.0,17.3502
2018-01-07 12:37:00,0.0,0.0,0.0,0.0,0.0,0.0,0.0,0.0,0.0,0,0.0,17.1859,0.0,17.1859
2018-01-07 12:38:00,0.0,0.0,0.0,0.0,0.0,0.0,0.0,0.0,0.0,0,0.0,17.0216,0.0,17.0216
2018-01-07 12:39:00,0.0,0.0,0.0,0.0,0.0,0.0,0.0,0.0,0.0,0,0.0,16.857300000000002,0.0,16.857300000000002
2018-01-07 12:40:00,0.0,0.0,0.0,0.0,0.0,0.0,0.0,0.0,0.0,0,0.0,16.693,0.0,16.693
2018-01-07 12:41:00,0.0,0.0,0.0,0.0,0.0,0.0,0.0,0.0,0.0,0,0.0,16.6778,0.0,16.6778
2018-01-07 12:42:00,0.0,0.0,0.0,0.0,0.0,0.0,0.0,0.0,0.0,0,0.0,16.6626,0.0,16.6626
2018-01-07 12:43:00,0.0,0.0,0.0,0.0,0.0,0.0,0.0,0.0,0.0,0,0.0,16.6474,0.0,16.6474
2018-01-07 12:44:00,0.0,0.0,0.0,0.0,0.0,0.0,0.0,0.0,0.0,0,0.0,16.6322,0.0,16.6322
2018-01-07 12:45:00,0.0,0.0,0.0,0.0,0.0,0.0,0.0,0.0,0.0,0,0.0,16.617,0.0,16.617
2018-01-07 12:46:00,0.0,0.0,0.0,0.0,0.0,0.0,0.0,0.0,0.0,0,0.0,16.6018,0.0,16.6018
2018-01-07 12:47:00,0.0,0.0,0.0,0.0,0.0,0.0,0.0,0.0,0.0,0,0.0,16.5866,0.0,16.5866
2018-01-07 12:48:00,0.0,0.0,0.0,0.0,0.0,0.0,0.0,0.0,0.0,0,0.0,16.5714,0.0,16.5714
2018-01-07 12:49:00,0.0,0.0,0.0,0.0,0.0,0.0,0.0,0.0,0.0,0,0.0,16.5562,0.0,16.5562
2018-01-07 12:50:00,0.0,0.0,0.0,0.0,0.0,0.0,0.0,0.0,0.0,0,0.0,16.541,0.0,16.541
2018-01-07 12:51:00,0.0,0.0,0.0,0.0,0.0,0.0,0.0,0.0,0.0,0,0.0,16.755200000000002,0.0,16.755200000000002
2018-01-07 12:52:00,0.0,0.0,0.0,0.0,0.0,0.0,0.0,0.0,0.0,0,0.0,16.9694,0.0,16.9694
2018-01-07 12:53:00,0.0,0.0,0.0,0.0,0.0,0.0,0.0,0.0,0.0,0,0.0,17.1836,0.0,17.1836
2018-01-07 12:54:00,0.0,0.0,0.0,0.0,0.0,0.0,0.0,0.0,0.0,0,0.0,17.3978,0.0,17.3978
2018-01-07 12:55:00,0.0,0.0,0.0,0.0,0.0,0.0,0.0,0.0,0.0,0,0.0,17.612000000000002,0.0,17.612000000000002
2018-01-07 12:56:00,0.0,0.0,0.0,0.0,0.0,0.0,0.0,0.0,0.0,0,0.0,17.8262,0.0,17.8262
2018-01-07 12:57:00,0.0,0.0,0.0,0.0,0.0,0.0,0.0,0.0,0.0,0,0.0,18.040399999999998,0.0,18.040399999999998
2018-01-07 12:58:00,0.0,0.0,0.0,0.0,0.0,0.0,0.0,0.0,0.0,0,0.0,18.2546,0.0,18.2546
2018-01-07 12:59:00,0.0,0.0,0.0,0.0,0.0,0.0,0.0,0.0,0.0,0,0.0,18.4688,0.0,18.4688
2018-01-07 13:00:00,0.0,0.0,0.0,0.0,0.0,0.0,0.0,0.0,0.0,0,0.0,18.683,0.0,18.683
2018-01-07 13:01:00,0.0,0.0,0.0,0.0,0.0,0.0,0.0,0.0,0.0,0,0.0,18.5543,0.0,18.5543
2018-01-07 13:02:00,0.0,0.0,0.0,0.0,0.0,0.0,0.0,0.0,0.0,0,0.0,18.4256,0.0,18.4256
2018-01-07 13:03:00,0.0,0.0,0.0,0.0,0.0,0.0,0.0,0.0,0.0,0,0.0,18.2969,0.0,18.2969
2018-01-07 13:04:00,0.0,0.0,0.0,0.0,0.0,0.0,0.0,0.0,0.0,0,0.0,18.1682,0.0,18.1682
2018-01-07 13:05:00,0.0,0.0,0.0,0.0,0.0,0.0,0.0,0.0,0.0,0,0.0,18.0395,0.0,18.0395
2018-01-07 13:06:00,0.0,0.0,0.0,0.0,0.0,0.0,0.0,0.0,0.0,0,0.0,17.910800000000002,0.0,17.910800000000002
2018-01-07 13:07:00,0.0,0.0,0.0,0.0,0.0,0.0,0.0,0.0,0.0,0,0.0,17.7821,0.0,17.7821
2018-01-07 13:08:00,0.0,0.0,0.0,0.0,0.0,0.0,0.0,0.0,0.0,0,0.0,17.6534,0.0,17.6534
2018-01-07 13:09:00,0.0,0.0,0.0,0.0,0.0,0.0,0.0,0.0,0.0,0,0.0,17.5247,0.0,17.5247
2018-01-07 13:10:00,0.0,0.0,0.0,0.0,0.0,0.0,0.0,0.0,0.0,0,0.0,17.396,0.0,17.396
2018-01-07 13:11:00,0.0,0.0,0.0,0.0,0.0,0.0,0.0,0.0,0.0,0,0.0,17.503,0.0,17.503
2018-01-07 13:12:00,0.0,0.0,0.0,0.0,0.0,0.0,0.0,0.0,0.0,0,0.0,17.61,0.0,17.61
2018-01-07 13:13:00,0.0,0.0,0.0,0.0,0.0,0.0,0.0,0.0,0.0,0,0.0,17.717000000000002,0.0,17.717000000000002
2018-01-07 13:14:00,0.0,0.0,0.0,0.0,0.0,0.0,0.0,0.0,0.0,0,0.0,17.824,0.0,17.824
2018-01-07 13:15:00,0.0,0.0,0.0,0.0,0.0,0.0,0.0,0.0,0.0,0,0.0,17.931,0.0,17.931
2018-01-07 13:16:00,0.0,0.0,0.0,0.0,0.0,0.0,0.0,0.0,0.0,0,0.0,18.038,0.0,18.038
2018-01-07 13:17:00,0.0,0.0,0.0,0.0,0.0,0.0,0.0,0.0,0.0,0,0.0,18.145,0.0,18.145
2018-01-07 13:18:00,0.0,0.0,0.0,0.0,0.0,0.0,0.0,0.0,0.0,0,0.0,18.252000000000002,0.0,18.252000000000002
2018-01-07 13:19:00,0.0,0.0,0.0,0.0,0.0,0.0,0.0,0.0,0.0,0,0.0,18.359,0.0,18.359
2018-01-07 13:20:00,0.0,0.0,0.0,0.0,0.0,0.0,0.0,0.0,0.0,0,0.0,18.466,0.0,18.466
2018-01-07 13:21:00,0.0,0.0,0.0,0.0,0.0,0.0,0.0,0.0,0.0,0,0.0,18.5588,0.0,18.5588
2018-01-07 13:22:00,0.0,0.0,0.0,0.0,0.0,0.0,0.0,0.0,0.0,0,0.0,18.651600000000002,0.0,18.651600000000002
2018-01-07 13:23:00,0.0,0.0,0.0,0.0,0.0,0.0,0.0,0.0,0.0,0,0.0,18.7444,0.0,18.7444
2018-01-07 13:24:00,0.0,0.0,0.0,0.0,0.0,0.0,0.0,0.0,0.0,0,0.0,18.8372,0.0,18.8372
2018-01-07 13:25:00,0.0,0.0,0.0,0.0,0.0,0.0,0.0,0.0,0.0,0,0.0,18.93,0.0,18.93
2018-01-07 13:26:00,0.0,0.0,0.0,0.0,0.0,0.0,0.0,0.0,0.0,0,0.0,19.0228,0.0,19.0228
2018-01-07 13:27:00,0.0,0.0,0.0,0.0,0.0,0.0,0.0,0.0,0.0,0,0.0,19.1156,0.0,19.1156
2018-01-07 13:28:00,0.0,0.0,0.0,0.0,0.0,0.0,0.0,0.0,0.0,0,0.0,19.208399999999997,0.0,19.208399999999997
2018-01-07 13:29:00,0.0,0.0,0.0,0.0,0.0,0.0,0.0,0.0,0.0,0,0.0,19.301199999999998,0.0,19.301199999999998
2018-01-07 13:30:00,0.0,0.0,0.0,0.0,0.0,0.0,0.0,0.0,0.0,0,0.0,19.394,0.0,19.394
2018-01-07 13:31:00,0.0,0.0,0.0,0.0,0.0,0.0,0.0,0.0,0.0,0,0.0,19.569899999999997,0.0,19.569899999999997
2018-01-07 13:32:00,0.0,0.0,0.0,0.0,0.0,0.0,0.0,0.0,0.0,0,0.0,19.7458,0.0,19.7458
2018-01-07 13:33:00,0.0,0.0,0.0,0.0,0.0,0.0,0.0,0.0,0.0,0,0.0,19.921699999999998,0.0,19.921699999999998
2018-01-07 13:34:00,0.0,0.0,0.0,0.0,0.0,0.0,0.0,0.0,0.0,0,0.0,20.0976,0.0,20.0976
2018-01-07 13:35:00,0.0,0.0,0.0,0.0,0.0,0.0,0.0,0.0,0.0,0,0.0,20.2735,0.0,20.2735
2018-01-07 13:36:00,0.0,0.0,0.0,0.0,0.0,0.0,0.0,0.0,0.0,0,0.0,20.449399999999997,0.0,20.449399999999997
2018-01-07 13:37:00,0.0,0.0,0.0,0.0,0.0,0.0,0.0,0.0,0.0,0,0.0,20.6253,0.0,20.6253
2018-01-07 13:38:00,0.0,0.0,0.0,0.0,0.0,0.0,0.0,0.0,0.0,0,0.0,20.801199999999998,0.0,20.801199999999998
2018-01-07 13:39:00,0.0,0.0,0.0,0.0,0.0,0.0,0.0,0.0,0.0,0,0.0,20.9771,0.0,20.9771
2018-01-07 13:40:00,0.0,0.0,0.0,0.0,0.0,0.0,0.0,0.0,0.0,0,0.0,21.153,0.0,21.153
2018-01-07 13:41:00,0.0,0.0,0.0,0.0,0.0,0.0,0.0,0.0,0.0,0,0.0,20.983999999999998,0.0,20.983999999999998
2018-01-07 13:42:00,0.0,0.0,0.0,0.0,0.0,0.0,0.0,0.0,0.0,0,0.0,20.814999999999998,0.0,20.814999999999998
2018-01-07 13:43:00,0.0,0.0,0.0,0.0,0.0,0.0,0.0,0.0,0.0,0,0.0,20.646,0.0,20.646
2018-01-07 13:44:00,0.0,0.0,0.0,0.0,0.0,0.0,0.0,0.0,0.0,0,0.0,20.477,0.0,20.477
2018-01-07 13:45:00,0.0,0.0,0.0,0.0,0.0,0.0,0.0,0.0,0.0,0,0.0,20.308,0.0,20.308
2018-01-07 13:46:00,0.0,0.0,0.0,0.0,0.0,0.0,0.0,0.0,0.0,0,0.0,20.139,0.0,20.139
2018-01-07 13:47:00,0.0,0.0,0.0,0.0,0.0,0.0,0.0,0.0,0.0,0,0.0,19.97,0.0,19.97
2018-01-07 13:48:00,0.0,0.0,0.0,0.0,0.0,0.0,0.0,0.0,0.0,0,0.0,19.801000000000002,0.0,19.801000000000002
2018-01-07 13:49:00,0.0,0.0,0.0,0.0,0.0,0.0,0.0,0.0,0.0,0,0.0,19.632,0.0,19.632
2018-01-07 13:50:00,0.0,0.0,0.0,0.0,0.0,0.0,0.0,0.0,0.0,0,0.0,19.463,0.0,19.463
2018-01-07 13:51:00,0.0,0.0,0.0,0.0,0.0,0.0,0.0,0.0,0.0,0,0.0,19.483600000000003,0.0,19.483600000000003
2018-01-07 13:52:00,0.0,0.0,0.0,0.0,0.0,0.0,0.0,0.0,0.0,0,0.0,19.5042,0.0,19.5042
2018-01-07 13:53:00,0.0,0.0,0.0,0.0,0.0,0.0,0.0,0.0,0.0,0,0.0,19.5248,0.0,19.5248
2018-01-07 13:54:00,0.0,0.0,0.0,0.0,0.0,0.0,0.0,0.0,0.0,0,0.0,19.5454,0.0,19.5454
2018-01-07 13:55:00,0.0,0.0,0.0,0.0,0.0,0.0,0.0,0.0,0.0,0,0.0,19.566000000000003,0.0,19.566000000000003
2018-01-07 13:56:00,0.0,0.0,0.0,0.0,0.0,0.0,0.0,0.0,0.0,0,0.0,19.5866,0.0,19.5866
2018-01-07 13:57:00,0.0,0.0,0.0,0.0,0.0,0.0,0.0,0.0,0.0,0,0.0,19.6072,0.0,19.6072
2018-01-07 13:58:00,0.0,0.0,0.0,0.0,0.0,0.0,0.0,0.0,0.0,0,0.0,19.6278,0.0,19.6278
2018-01-07 13:59:00,0.0,0.0,0.0,0.0,0.0,0.0,0.0,0.0,0.0,0,0.0,19.648400000000002,0.0,19.648400000000002
2018-01-07 14:00:00,0.0,0.0,0.0,0.0,0.0,0.0,0.0,0.0,0.0,0,0.0,19.669,0.0,19.669
2018-01-07 14:01:00,0.0,0.0,0.0,0.0,0.0,0.0,0.0,0.0,0.0,0,0.0,19.6108,0.0,19.6108
2018-01-07 14:02:00,0.0,0.0,0.0,0.0,0.0,0.0,0.0,0.0,0.0,0,0.0,19.5526,0.0,19.5526
2018-01-07 14:03:00,0.0,0.0,0.0,0.0,0.0,0.0,0.0,0.0,0.0,0,0.0,19.4944,0.0,19.4944
2018-01-07 14:04:00,0.0,0.0,0.0,0.0,0.0,0.0,0.0,0.0,0.0,0,0.0,19.4362,0.0,19.4362
2018-01-07 14:05:00,0.0,0.0,0.0,0.0,0.0,0.0,0.0,0.0,0.0,0,0.0,19.378,0.0,19.378
2018-01-07 14:06:00,0.0,0.0,0.0,0.0,0.0,0.0,0.0,0.0,0.0,0,0.0,19.3198,0.0,19.3198
2018-01-07 14:07:00,0.0,0.0,0.0,0.0,0.0,0.0,0.0,0.0,0.0,0,0.0,19.2616,0.0,19.2616
2018-01-07 14:08:00,0.0,0.0,0.0,0.0,0.0,0.0,0.0,0.0,0.0,0,0.0,19.2034,0.0,19.2034
2018-01-07 14:09:00,0.0,0.0,0.0,0.0,0.0,0.0,0.0,0.0,0.0,0,0.0,19.1452,0.0,19.1452
2018-01-07 14:10:00,0.0,0.0,0.0,0.0,0.0,0.0,0.0,0.0,0.0,0,0.0,19.087,0.0,19.087
2018-01-07 14:11:00,0.0,0.0,0.0,0.0,0.0,0.0,0.0,0.0,0.0,0,0.0,19.1435,0.0,19.1435
2018-01-07 14:12:00,0.0,0.0,0.0,0.0,0.0,0.0,0.0,0.0,0.0,0,0.0,19.2,0.0,19.2
2018-01-07 14:13:00,0.0,0.0,0.0,0.0,0.0,0.0,0.0,0.0,0.0,0,0.0,19.2565,0.0,19.2565
2018-01-07 14:14:00,0.0,0.0,0.0,0.0,0.0,0.0,0.0,0.0,0.0,0,0.0,19.313,0.0,19.313
2018-01-07 14:15:00,0.0,0.0,0.0,0.0,0.0,0.0,0.0,0.0,0.0,0,0.0,19.369500000000002,0.0,19.369500000000002
2018-01-07 14:16:00,0.0,0.0,0.0,0.0,0.0,0.0,0.0,0.0,0.0,0,0.0,19.426000000000002,0.0,19.426000000000002
2018-01-07 14:17:00,0.0,0.0,0.0,0.0,0.0,0.0,0.0,0.0,0.0,0,0.0,19.4825,0.0,19.4825
2018-01-07 14:18:00,0.0,0.0,0.0,0.0,0.0,0.0,0.0,0.0,0.0,0,0.0,19.539,0.0,19.539
2018-01-07 14:19:00,0.0,0.0,0.0,0.0,0.0,0.0,0.0,0.0,0.0,0,0.0,19.5955,0.0,19.5955
2018-01-07 14:20:00,0.0,0.0,0.0,0.0,0.0,0.0,0.0,0.0,0.0,0,0.0,19.652,0.0,19.652
2018-01-07 14:21:00,0.0,0.0,0.0,0.0,0.0,0.0,0.0,0.0,0.0,0,0.0,19.5231,0.0,19.5231
2018-01-07 14:22:00,0.0,0.0,0.0,0.0,0.0,0.0,0.0,0.0,0.0,0,0.0,19.3942,0.0,19.3942
2018-01-07 14:23:00,0.0,0.0,0.0,0.0,0.0,0.0,0.0,0.0,0.0,0,0.0,19.2653,0.0,19.2653
2018-01-07 14:24:00,0.0,0.0,0.0,0.0,0.0,0.0,0.0,0.0,0.0,0,0.0,19.136400000000002,0.0,19.136400000000002
2018-01-07 14:25:00,0.0,0.0,0.0,0.0,0.0,0.0,0.0,0.0,0.0,0,0.0,19.0075,0.0,19.0075
2018-01-07 14:26:00,0.0,0.0,0.0,0.0,0.0,0.0,0.0,0.0,0.0,0,0.0,18.8786,0.0,18.8786
2018-01-07 14:27:00,0.0,0.0,0.0,0.0,0.0,0.0,0.0,0.0,0.0,0,0.0,18.7497,0.0,18.7497
2018-01-07 14:28:00,0.0,0.0,0.0,0.0,0.0,0.0,0.0,0.0,0.0,0,0.0,18.6208,0.0,18.6208
2018-01-07 14:29:00,0.0,0.0,0.0,0.0,0.0,0.0,0.0,0.0,0.0,0,0.0,18.4919,0.0,18.4919
2018-01-07 14:30:00,0.0,0.0,0.0,0.0,0.0,0.0,0.0,0.0,0.0,0,0.0,18.363,0.0,18.363
2018-01-07 14:31:00,0.0,0.0,0.0,0.0,0.0,0.0,0.0,0.0,0.0,0,0.0,18.4188,0.0,18.4188
2018-01-07 14:32:00,0.0,0.0,0.0,0.0,0.0,0.0,0.0,0.0,0.0,0,0.0,18.4746,0.0,18.4746
2018-01-07 14:33:00,0.0,0.0,0.0,0.0,0.0,0.0,0.0,0.0,0.0,0,0.0,18.5304,0.0,18.5304
2018-01-07 14:34:00,0.0,0.0,0.0,0.0,0.0,0.0,0.0,0.0,0.0,0,0.0,18.586199999999998,0.0,18.586199999999998
2018-01-07 14:35:00,0.0,0.0,0.0,0.0,0.0,0.0,0.0,0.0,0.0,0,0.0,18.642,0.0,18.642
2018-01-07 14:36:00,0.0,0.0,0.0,0.0,0.0,0.0,0.0,0.0,0.0,0,0.0,18.6978,0.0,18.6978
2018-01-07 14:37:00,0.0,0.0,0.0,0.0,0.0,0.0,0.0,0.0,0.0,0,0.0,18.7536,0.0,18.7536
2018-01-07 14:38:00,0.0,0.0,0.0,0.0,0.0,0.0,0.0,0.0,0.0,0,0.0,18.8094,0.0,18.8094
2018-01-07 14:39:00,0.0,0.0,0.0,0.0,0.0,0.0,0.0,0.0,0.0,0,0.0,18.865199999999998,0.0,18.865199999999998
2018-01-07 14:40:00,0.0,0.0,0.0,0.0,0.0,0.0,0.0,0.0,0.0,0,0.0,18.921,0.0,18.921
2018-01-07 14:41:00,0.0,0.0,0.0,0.0,0.0,0.0,0.0,0.0,0.0,0,0.0,18.7678,0.0,18.7678
2018-01-07 14:42:00,0.0,0.0,0.0,0.0,0.0,0.0,0.0,0.0,0.0,0,0.0,18.6146,0.0,18.6146
2018-01-07 14:43:00,0.0,0.0,0.0,0.0,0.0,0.0,0.0,0.0,0.0,0,0.0,18.461399999999998,0.0,18.461399999999998
2018-01-07 14:44:00,0.0,0.0,0.0,0.0,0.0,0.0,0.0,0.0,0.0,0,0.0,18.3082,0.0,18.3082
2018-01-07 14:45:00,0.0,0.0,0.0,0.0,0.0,0.0,0.0,0.0,0.0,0,0.0,18.155,0.0,18.155
2018-01-07 14:46:00,0.0,0.0,0.0,0.0,0.0,0.0,0.0,0.0,0.0,0,0.0,18.0018,0.0,18.0018
2018-01-07 14:47:00,0.0,0.0,0.0,0.0,0.0,0.0,0.0,0.0,0.0,0,0.0,17.848599999999998,0.0,17.848599999999998
2018-01-07 14:48:00,0.0,0.0,0.0,0.0,0.0,0.0,0.0,0.0,0.0,0,0.0,17.6954,0.0,17.6954
2018-01-07 14:49:00,0.0,0.0,0.0,0.0,0.0,0.0,0.0,0.0,0.0,0,0.0,17.5422,0.0,17.5422
2018-01-07 14:50:00,0.0,0.0,0.0,0.0,0.0,0.0,0.0,0.0,0.0,0,0.0,17.389,0.0,17.389
2018-01-07 14:51:00,0.0,0.0,0.0,0.0,0.0,0.0,0.0,0.0,0.0,0,0.0,17.448999999999998,0.0,17.448999999999998
2018-01-07 14:52:00,0.0,0.0,0.0,0.0,0.0,0.0,0.0,0.0,0.0,0,0.0,17.509,0.0,17.509
2018-01-07 14:53:00,0.0,0.0,0.0,0.0,0.0,0.0,0.0,0.0,0.0,0,0.0,17.569,0.0,17.569
2018-01-07 14:54:00,0.0,0.0,0.0,0.0,0.0,0.0,0.0,0.0,0.0,0,0.0,17.629,0.0,17.629
2018-01-07 14:55:00,0.0,0.0,0.0,0.0,0.0,0.0,0.0,0.0,0.0,0,0.0,17.689,0.0,17.689
2018-01-07 14:56:00,0.0,0.0,0.0,0.0,0.0,0.0,0.0,0.0,0.0,0,0.0,17.749,0.0,17.749
2018-01-07 14:57:00,0.0,0.0,0.0,0.0,0.0,0.0,0.0,0.0,0.0,0,0.0,17.809,0.0,17.809
2018-01-07 14:58:00,0.0,0.0,0.0,0.0,0.0,0.0,0.0,0.0,0.0,0,0.0,17.869,0.0,17.869
2018-01-07 14:59:00,0.0,0.0,0.0,0.0,0.0,0.0,0.0,0.0,0.0,0,0.0,17.929000000000002,0.0,17.929000000000002
2018-01-07 15:00:00,0.0,0.0,0.0,0.0,0.0,0.0,0.0,0.0,0.0,0,0.0,17.989,0.0,17.989
2018-01-07 15:01:00,0.0,0.0,0.0,0.0,0.0,0.0,0.0,0.0,0.0,0,0.0,17.9171,0.0,17.9171
2018-01-07 15:02:00,0.0,0.0,0.0,0.0,0.0,0.0,0.0,0.0,0.0,0,0.0,17.845200000000002,0.0,17.845200000000002
2018-01-07 15:03:00,0.0,0.0,0.0,0.0,0.0,0.0,0.0,0.0,0.0,0,0.0,17.7733,0.0,17.7733
2018-01-07 15:04:00,0.0,0.0,0.0,0.0,0.0,0.0,0.0,0.0,0.0,0,0.0,17.7014,0.0,17.7014
2018-01-07 15:05:00,0.0,0.0,0.0,0.0,0.0,0.0,0.0,0.0,0.0,0,0.0,17.6295,0.0,17.6295
2018-01-07 15:06:00,0.0,0.0,0.0,0.0,0.0,0.0,0.0,0.0,0.0,0,0.0,17.5576,0.0,17.5576
2018-01-07 15:07:00,0.0,0.0,0.0,0.0,0.0,0.0,0.0,0.0,0.0,0,0.0,17.4857,0.0,17.4857
2018-01-07 15:08:00,0.0,0.0,0.0,0.0,0.0,0.0,0.0,0.0,0.0,0,0.0,17.4138,0.0,17.4138
2018-01-07 15:09:00,0.0,0.0,0.0,0.0,0.0,0.0,0.0,0.0,0.0,0,0.0,17.3419,0.0,17.3419
2018-01-07 15:10:00,0.0,0.0,0.0,0.0,0.0,0.0,0.0,0.0,0.0,0,0.0,17.27,0.0,17.27
2018-01-07 15:11:00,0.0,0.0,0.0,0.0,0.0,0.0,0.0,0.0,0.0,0,0.0,17.2721,0.0,17.2721
2018-01-07 15:12:00,0.0,0.0,0.0,0.0,0.0,0.0,0.0,0.0,0.0,0,0.0,17.2742,0.0,17.2742
2018-01-07 15:13:00,0.0,0.0,0.0,0.0,0.0,0.0,0.0,0.0,0.0,0,0.0,17.2763,0.0,17.2763
2018-01-07 15:14:00,0.0,0.0,0.0,0.0,0.0,0.0,0.0,0.0,0.0,0,0.0,17.2784,0.0,17.2784
2018-01-07 15:15:00,0.0,0.0,0.0,0.0,0.0,0.0,0.0,0.0,0.0,0,0.0,17.2805,0.0,17.2805
2018-01-07 15:16:00,0.0,0.0,0.0,0.0,0.0,0.0,0.0,0.0,0.0,0,0.0,17.2826,0.0,17.2826
2018-01-07 15:17:00,0.0,0.0,0.0,0.0,0.0,0.0,0.0,0.0,0.0,0,0.0,17.2847,0.0,17.2847
2018-01-07 15:18:00,0.0,0.0,0.0,0.0,0.0,0.0,0.0,0.0,0.0,0,0.0,17.2868,0.0,17.2868
2018-01-07 15:19:00,0.0,0.0,0.0,0.0,0.0,0.0,0.0,0.0,0.0,0,0.0,17.2889,0.0,17.2889
2018-01-07 15:20:00,0.0,0.0,0.0,0.0,0.0,0.0,0.0,0.0,0.0,0,0.0,17.291,0.0,17.291
2018-01-07 15:21:00,0.0,0.0,0.0,0.0,0.0,0.0,0.0,0.0,0.0,0,0.0,17.3936,0.0,17.3936
2018-01-07 15:22:00,0.0,0.0,0.0,0.0,0.0,0.0,0.0,0.0,0.0,0,0.0,17.4962,0.0,17.4962
2018-01-07 15:23:00,0.0,0.0,0.0,0.0,0.0,0.0,0.0,0.0,0.0,0,0.0,17.5988,0.0,17.5988
2018-01-07 15:24:00,0.0,0.0,0.0,0.0,0.0,0.0,0.0,0.0,0.0,0,0.0,17.7014,0.0,17.7014
2018-01-07 15:25:00,0.0,0.0,0.0,0.0,0.0,0.0,0.0,0.0,0.0,0,0.0,17.804000000000002,0.0,17.804000000000002
2018-01-07 15:26:00,0.0,0.0,0.0,0.0,0.0,0.0,0.0,0.0,0.0,0,0.0,17.9066,0.0,17.9066
2018-01-07 15:27:00,0.0,0.0,0.0,0.0,0.0,0.0,0.0,0.0,0.0,0,0.0,18.0092,0.0,18.0092
2018-01-07 15:28:00,0.0,0.0,0.0,0.0,0.0,0.0,0.0,0.0,0.0,0,0.0,18.1118,0.0,18.1118
2018-01-07 15:29:00,0.0,0.0,0.0,0.0,0.0,0.0,0.0,0.0,0.0,0,0.0,18.2144,0.0,18.2144
2018-01-07 15:30:00,0.0,0.0,0.0,0.0,0.0,0.0,0.0,0.0,0.0,0,0.0,18.317,0.0,18.317
2018-01-07 15:31:00,0.0,0.0,0.0,0.0,0.0,0.0,0.0,0.0,0.0,0,0.0,18.5,0.0,18.5
2018-01-07 15:32:00,0.0,0.0,0.0,0.0,0.0,0.0,0.0,0.0,0.0,0,0.0,18.683,0.0,18.683
2018-01-07 15:33:00,0.0,0.0,0.0,0.0,0.0,0.0,0.0,0.0,0.0,0,0.0,18.866,0.0,18.866
2018-01-07 15:34:00,0.0,0.0,0.0,0.0,0.0,0.0,0.0,0.0,0.0,0,0.0,19.049,0.0,19.049
2018-01-07 15:35:00,0.0,0.0,0.0,0.0,0.0,0.0,0.0,0.0,0.0,0,0.0,19.232,0.0,19.232
2018-01-07 15:36:00,0.0,0.0,0.0,0.0,0.0,0.0,0.0,0.0,0.0,0,0.0,19.415,0.0,19.415
2018-01-07 15:37:00,0.0,0.0,0.0,0.0,0.0,0.0,0.0,0.0,0.0,0,0.0,19.598,0.0,19.598
2018-01-07 15:38:00,0.0,0.0,0.0,0.0,0.0,0.0,0.0,0.0,0.0,0,0.0,19.781,0.0,19.781
2018-01-07 15:39:00,0.0,0.0,0.0,0.0,0.0,0.0,0.0,0.0,0.0,0,0.0,19.964,0.0,19.964
2018-01-07 15:40:00,0.0,0.0,0.0,0.0,0.0,0.0,0.0,0.0,0.0,0,0.0,20.147,0.0,20.147
2018-01-07 15:41:00,0.0,0.0,0.0,0.0,0.0,0.0,0.0,0.0,0.0,0,0.0,20.2882,0.0,20.2882
2018-01-07 15:42:00,0.0,0.0,0.0,0.0,0.0,0.0,0.0,0.0,0.0,0,0.0,20.429399999999998,0.0,20.429399999999998
2018-01-07 15:43:00,0.0,0.0,0.0,0.0,0.0,0.0,0.0,0.0,0.0,0,0.0,20.5706,0.0,20.5706
2018-01-07 15:44:00,0.0,0.0,0.0,0.0,0.0,0.0,0.0,0.0,0.0,0,0.0,20.7118,0.0,20.7118
2018-01-07 15:45:00,0.0,0.0,0.0,0.0,0.0,0.0,0.0,0.0,0.0,0,0.0,20.853,0.0,20.853
2018-01-07 15:46:00,0.0,0.0,0.0,0.0,0.0,0.0,0.0,0.0,0.0,0,0.0,20.9942,0.0,20.9942
2018-01-07 15:47:00,0.0,0.0,0.0,0.0,0.0,0.0,0.0,0.0,0.0,0,0.0,21.1354,0.0,21.1354
2018-01-07 15:48:00,0.0,0.0,0.0,0.0,0.0,0.0,0.0,0.0,0.0,0,0.0,21.276600000000002,0.0,21.276600000000002
2018-01-07 15:49:00,0.0,0.0,0.0,0.0,0.0,0.0,0.0,0.0,0.0,0,0.0,21.4178,0.0,21.4178
2018-01-07 15:50:00,0.0,0.0,0.0,0.0,0.0,0.0,0.0,0.0,0.0,0,0.0,21.559,0.0,21.559
2018-01-07 15:51:00,0.0,0.0,0.0,0.0,0.0,0.0,0.0,0.0,0.0,0,0.0,21.474,0.0,21.474
2018-01-07 15:52:00,0.0,0.0,0.0,0.0,0.0,0.0,0.0,0.0,0.0,0,0.0,21.389,0.0,21.389
2018-01-07 15:53:00,0.0,0.0,0.0,0.0,0.0,0.0,0.0,0.0,0.0,0,0.0,21.304000000000002,0.0,21.304000000000002
2018-01-07 15:54:00,0.0,0.0,0.0,0.0,0.0,0.0,0.0,0.0,0.0,0,0.0,21.219,0.0,21.219
2018-01-07 15:55:00,0.0,0.0,0.0,0.0,0.0,0.0,0.0,0.0,0.0,0,0.0,21.134,0.0,21.134
2018-01-07 15:56:00,0.0,0.0,0.0,0.0,0.0,0.0,0.0,0.0,0.0,0,0.0,21.049,0.0,21.049
2018-01-07 15:57:00,0.0,0.0,0.0,0.0,0.0,0.0,0.0,0.0,0.0,0,0.0,20.964,0.0,20.964
2018-01-07 15:58:00,0.0,0.0,0.0,0.0,0.0,0.0,0.0,0.0,0.0,0,0.0,20.879,0.0,20.879
2018-01-07 15:59:00,0.0,0.0,0.0,0.0,0.0,0.0,0.0,0.0,0.0,0,0.0,20.794,0.0,20.794
2018-01-07 16:00:00,0.0,0.0,0.0,0.0,0.0,0.0,0.0,0.0,0.0,0,0.0,20.709,0.0,20.709
2018-01-07 16:01:00,0.0,0.0,0.0,0.0,0.0,0.0,0.0,0.0,0.0,0,0.0,20.9667,0.0,20.9667
2018-01-07 16:02:00,0.0,0.0,0.0,0.0,0.0,0.0,0.0,0.0,0.0,0,0.0,21.2244,0.0,21.2244
2018-01-07 16:03:00,0.0,0.0,0.0,0.0,0.0,0.0,0.0,0.0,0.0,0,0.0,21.4821,0.0,21.4821
2018-01-07 16:04:00,0.0,0.0,0.0,0.0,0.0,0.0,0.0,0.0,0.0,0,0.0,21.7398,0.0,21.7398
2018-01-07 16:05:00,0.0,0.0,0.0,0.0,0.0,0.0,0.0,0.0,0.0,0,0.0,21.997500000000002,0.0,21.997500000000002
2018-01-07 16:06:00,0.0,0.0,0.0,0.0,0.0,0.0,0.0,0.0,0.0,0,0.0,22.255200000000002,0.0,22.255200000000002
2018-01-07 16:07:00,0.0,0.0,0.0,0.0,0.0,0.0,0.0,0.0,0.0,0,0.0,22.512900000000002,0.0,22.512900000000002
2018-01-07 16:08:00,0.0,0.0,0.0,0.0,0.0,0.0,0.0,0.0,0.0,0,0.0,22.7706,0.0,22.7706
2018-01-07 16:09:00,0.0,0.0,0.0,0.0,0.0,0.0,0.0,0.0,0.0,0,0.0,23.0283,0.0,23.0283
2018-01-07 16:10:00,0.0,0.0,0.0,0.0,0.0,0.0,0.0,0.0,0.0,0,0.0,23.286,0.0,23.286
2018-01-07 16:11:00,0.0,0.0,0.0,0.0,0.0,0.0,0.0,0.0,0.0,0,0.0,23.061,0.0,23.061
2018-01-07 16:12:00,0.0,0.0,0.0,0.0,0.0,0.0,0.0,0.0,0.0,0,0.0,22.836000000000002,0.0,22.836000000000002
2018-01-07 16:13:00,0.0,0.0,0.0,0.0,0.0,0.0,0.0,0.0,0.0,0,0.0,22.611,0.0,22.611
2018-01-07 16:14:00,0.0,0.0,0.0,0.0,0.0,0.0,0.0,0.0,0.0,0,0.0,22.386000000000003,0.0,22.386000000000003
2018-01-07 16:15:00,0.0,0.0,0.0,0.0,0.0,0.0,0.0,0.0,0.0,0,0.0,22.161,0.0,22.161
2018-01-07 16:16:00,0.0,0.0,0.0,0.0,0.0,0.0,0.0,0.0,0.0,0,0.0,21.936,0.0,21.936
2018-01-07 16:17:00,0.0,0.0,0.0,0.0,0.0,0.0,0.0,0.0,0.0,0,0.0,21.711000000000002,0.0,21.711000000000002
2018-01-07 16:18:00,0.0,0.0,0.0,0.0,0.0,0.0,0.0,0.0,0.0,0,0.0,21.486,0.0,21.486
2018-01-07 16:19:00,0.0,0.0,0.0,0.0,0.0,0.0,0.0,0.0,0.0,0,0.0,21.261000000000003,0.0,21.261000000000003
2018-01-07 16:20:00,0.0,0.0,0.0,0.0,0.0,0.0,0.0,0.0,0.0,0,0.0,21.036,0.0,21.036
2018-01-07 16:21:00,0.0,0.0,0.0,0.0,0.0,0.0,0.0,0.0,0.0,0,0.0,20.8782,0.0,20.8782
2018-01-07 16:22:00,0.0,0.0,0.0,0.0,0.0,0.0,0.0,0.0,0.0,0,0.0,20.7204,0.0,20.7204
2018-01-07 16:23:00,0.0,0.0,0.0,0.0,0.0,0.0,0.0,0.0,0.0,0,0.0,20.5626,0.0,20.5626
2018-01-07 16:24:00,0.0,0.0,0.0,0.0,0.0,0.0,0.0,0.0,0.0,0,0.0,20.4048,0.0,20.4048
2018-01-07 16:25:00,0.0,0.0,0.0,0.0,0.0,0.0,0.0,0.0,0.0,0,0.0,20.247,0.0,20.247
2018-01-07 16:26:00,0.0,0.0,0.0,0.0,0.0,0.0,0.0,0.0,0.0,0,0.0,20.089199999999998,0.0,20.089199999999998
2018-01-07 16:27:00,0.0,0.0,0.0,0.0,0.0,0.0,0.0,0.0,0.0,0,0.0,19.9314,0.0,19.9314
2018-01-07 16:28:00,0.0,0.0,0.0,0.0,0.0,0.0,0.0,0.0,0.0,0,0.0,19.7736,0.0,19.7736
2018-01-07 16:29:00,0.0,0.0,0.0,0.0,0.0,0.0,0.0,0.0,0.0,0,0.0,19.6158,0.0,19.6158
2018-01-07 16:30:00,0.0,0.0,0.0,0.0,0.0,0.0,0.0,0.0,0.0,0,0.0,19.458,0.0,19.458
2018-01-07 16:31:00,0.0,0.0,0.0,0.0,0.0,0.0,0.0,0.0,0.0,0,0.0,19.464499999999997,0.0,19.464499999999997
2018-01-07 16:32:00,0.0,0.0,0.0,0.0,0.0,0.0,0.0,0.0,0.0,0,0.0,19.471,0.0,19.471
2018-01-07 16:33:00,0.0,0.0,0.0,0.0,0.0,0.0,0.0,0.0,0.0,0,0.0,19.4775,0.0,19.4775
2018-01-07 16:34:00,0.0,0.0,0.0,0.0,0.0,0.0,0.0,0.0,0.0,0,0.0,19.483999999999998,0.0,19.483999999999998
2018-01-07 16:35:00,0.0,0.0,0.0,0.0,0.0,0.0,0.0,0.0,0.0,0,0.0,19.490499999999997,0.0,19.490499999999997
2018-01-07 16:36:00,0.0,0.0,0.0,0.0,0.0,0.0,0.0,0.0,0.0,0,0.0,19.497,0.0,19.497
2018-01-07 16:37:00,0.0,0.0,0.0,0.0,0.0,0.0,0.0,0.0,0.0,0,0.0,19.5035,0.0,19.5035
2018-01-07 16:38:00,0.0,0.0,0.0,0.0,0.0,0.0,0.0,0.0,0.0,0,0.0,19.509999999999998,0.0,19.509999999999998
2018-01-07 16:39:00,0.0,0.0,0.0,0.0,0.0,0.0,0.0,0.0,0.0,0,0.0,19.5165,0.0,19.5165
2018-01-07 16:40:00,0.0,0.0,0.0,0.0,0.0,0.0,0.0,0.0,0.0,0,0.0,19.523,0.0,19.523
2018-01-07 16:41:00,0.0,0.0,0.0,0.0,0.0,0.0,0.0,0.0,0.0,0,0.0,19.4837,0.0,19.4837
2018-01-07 16:42:00,0.0,0.0,0.0,0.0,0.0,0.0,0.0,0.0,0.0,0,0.0,19.444399999999998,0.0,19.444399999999998
2018-01-07 16:43:00,0.0,0.0,0.0,0.0,0.0,0.0,0.0,0.0,0.0,0,0.0,19.4051,0.0,19.4051
2018-01-07 16:44:00,0.0,0.0,0.0,0.0,0.0,0.0,0.0,0.0,0.0,0,0.0,19.3658,0.0,19.3658
2018-01-07 16:45:00,0.0,0.0,0.0,0.0,0.0,0.0,0.0,0.0,0.0,0,0.0,19.3265,0.0,19.3265
2018-01-07 16:46:00,0.0,0.0,0.0,0.0,0.0,0.0,0.0,0.0,0.0,0,0.0,19.2872,0.0,19.2872
2018-01-07 16:47:00,0.0,0.0,0.0,0.0,0.0,0.0,0.0,0.0,0.0,0,0.0,19.247899999999998,0.0,19.247899999999998
2018-01-07 16:48:00,0.0,0.0,0.0,0.0,0.0,0.0,0.0,0.0,0.0,0,0.0,19.2086,0.0,19.2086
2018-01-07 16:49:00,0.0,0.0,0.0,0.0,0.0,0.0,0.0,0.0,0.0,0,0.0,19.1693,0.0,19.1693
2018-01-07 16:50:00,0.0,0.0,0.0,0.0,0.0,0.0,0.0,0.0,0.0,0,0.0,19.13,0.0,19.13
2018-01-07 16:51:00,0.0,0.0,0.0,0.0,0.0,0.0,0.0,0.0,0.0,0,0.0,18.9862,0.0,18.9862
2018-01-07 16:52:00,0.0,0.0,0.0,0.0,0.0,0.0,0.0,0.0,0.0,0,0.0,18.842399999999998,0.0,18.842399999999998
2018-01-07 16:53:00,0.0,0.0,0.0,0.0,0.0,0.0,0.0,0.0,0.0,0,0.0,18.6986,0.0,18.6986
2018-01-07 16:54:00,0.0,0.0,0.0,0.0,0.0,0.0,0.0,0.0,0.0,0,0.0,18.5548,0.0,18.5548
2018-01-07 16:55:00,0.0,0.0,0.0,0.0,0.0,0.0,0.0,0.0,0.0,0,0.0,18.411,0.0,18.411
2018-01-07 16:56:00,0.0,0.0,0.0,0.0,0.0,0.0,0.0,0.0,0.0,0,0.0,18.2672,0.0,18.2672
2018-01-07 16:57:00,0.0,0.0,0.0,0.0,0.0,0.0,0.0,0.0,0.0,0,0.0,18.1234,0.0,18.1234
2018-01-07 16:58:00,0.0,0.0,0.0,0.0,0.0,0.0,0.0,0.0,0.0,0,0.0,17.9796,0.0,17.9796
2018-01-07 16:59:00,0.0,0.0,0.0,0.0,0.0,0.0,0.0,0.0,0.0,0,0.0,17.8358,0.0,17.8358
2018-01-07 17:00:00,0.0,0.0,0.0,0.0,0.0,0.0,0.0,0.0,0.0,0,0.0,17.692,0.0,17.692
2018-01-07 17:01:00,0.0,0.0,0.0,0.0,0.0,0.0,0.0,0.0,0.0,0,0.0,17.8988,0.0,17.8988
2018-01-07 17:02:00,0.0,0.0,0.0,0.0,0.0,0.0,0.0,0.0,0.0,0,0.0,18.1056,0.0,18.1056
2018-01-07 17:03:00,0.0,0.0,0.0,0.0,0.0,0.0,0.0,0.0,0.0,0,0.0,18.3124,0.0,18.3124
2018-01-07 17:04:00,0.0,0.0,0.0,0.0,0.0,0.0,0.0,0.0,0.0,0,0.0,18.5192,0.0,18.5192
2018-01-07 17:05:00,0.0,0.0,0.0,0.0,0.0,0.0,0.0,0.0,0.0,0,0.0,18.726,0.0,18.726
2018-01-07 17:06:00,0.0,0.0,0.0,0.0,0.0,0.0,0.0,0.0,0.0,0,0.0,18.9328,0.0,18.9328
2018-01-07 17:07:00,0.0,0.0,0.0,0.0,0.0,0.0,0.0,0.0,0.0,0,0.0,19.1396,0.0,19.1396
2018-01-07 17:08:00,0.0,0.0,0.0,0.0,0.0,0.0,0.0,0.0,0.0,0,0.0,19.346400000000003,0.0,19.346400000000003
2018-01-07 17:09:00,0.0,0.0,0.0,0.0,0.0,0.0,0.0,0.0,0.0,0,0.0,19.5532,0.0,19.5532
2018-01-07 17:10:00,0.0,0.0,0.0,0.0,0.0,0.0,0.0,0.0,0.0,0,0.0,19.76,0.0,19.76
2018-01-07 17:11:00,0.0,0.0,0.0,0.0,0.0,0.0,0.0,0.0,0.0,0,0.0,19.6289,0.0,19.6289
2018-01-07 17:12:00,0.0,0.0,0.0,0.0,0.0,0.0,0.0,0.0,0.0,0,0.0,19.4978,0.0,19.4978
2018-01-07 17:13:00,0.0,0.0,0.0,0.0,0.0,0.0,0.0,0.0,0.0,0,0.0,19.3667,0.0,19.3667
2018-01-07 17:14:00,0.0,0.0,0.0,0.0,0.0,0.0,0.0,0.0,0.0,0,0.0,19.2356,0.0,19.2356
2018-01-07 17:15:00,0.0,0.0,0.0,0.0,0.0,0.0,0.0,0.0,0.0,0,0.0,19.1045,0.0,19.1045
2018-01-07 17:16:00,0.0,0.0,0.0,0.0,0.0,0.0,0.0,0.0,0.0,0,0.0,18.9734,0.0,18.9734
2018-01-07 17:17:00,0.0,0.0,0.0,0.0,0.0,0.0,0.0,0.0,0.0,0,0.0,18.8423,0.0,18.8423
2018-01-07 17:18:00,0.0,0.0,0.0,0.0,0.0,0.0,0.0,0.0,0.0,0,0.0,18.7112,0.0,18.7112
2018-01-07 17:19:00,0.0,0.0,0.0,0.0,0.0,0.0,0.0,0.0,0.0,0,0.0,18.5801,0.0,18.5801
2018-01-07 17:20:00,0.0,0.0,0.0,0.0,0.0,0.0,0.0,0.0,0.0,0,0.0,18.449,0.0,18.449
2018-01-07 17:21:00,0.0,0.0,0.0,0.0,0.0,0.0,0.0,0.0,0.0,0,0.0,18.201400000000003,0.0,18.201400000000003
2018-01-07 17:22:00,0.0,0.0,0.0,0.0,0.0,0.0,0.0,0.0,0.0,0,0.0,17.9538,0.0,17.9538
2018-01-07 17:23:00,0.0,0.0,0.0,0.0,0.0,0.0,0.0,0.0,0.0,0,0.0,17.706200000000003,0.0,17.706200000000003
2018-01-07 17:24:00,0.0,0.0,0.0,0.0,0.0,0.0,0.0,0.0,0.0,0,0.0,17.4586,0.0,17.4586
2018-01-07 17:25:00,0.0,0.0,0.0,0.0,0.0,0.0,0.0,0.0,0.0,0,0.0,17.211000000000002,0.0,17.211000000000002
2018-01-07 17:26:00,0.0,0.0,0.0,0.0,0.0,0.0,0.0,0.0,0.0,0,0.0,16.9634,0.0,16.9634
2018-01-07 17:27:00,0.0,0.0,0.0,0.0,0.0,0.0,0.0,0.0,0.0,0,0.0,16.7158,0.0,16.7158
2018-01-07 17:28:00,0.0,0.0,0.0,0.0,0.0,0.0,0.0,0.0,0.0,0,0.0,16.4682,0.0,16.4682
2018-01-07 17:29:00,0.0,0.0,0.0,0.0,0.0,0.0,0.0,0.0,0.0,0,0.0,16.2206,0.0,16.2206
2018-01-07 17:30:00,0.0,0.0,0.0,0.0,0.0,0.0,0.0,0.0,0.0,0,0.0,15.973,0.0,15.973
2018-01-07 17:31:00,0.0,0.0,0.0,0.0,0.0,0.0,0.0,0.0,0.0,0,0.0,16.1777,0.0,16.1777
2018-01-07 17:32:00,0.0,0.0,0.0,0.0,0.0,0.0,0.0,0.0,0.0,0,0.0,16.3824,0.0,16.3824
2018-01-07 17:33:00,0.0,0.0,0.0,0.0,0.0,0.0,0.0,0.0,0.0,0,0.0,16.5871,0.0,16.5871
2018-01-07 17:34:00,0.0,0.0,0.0,0.0,0.0,0.0,0.0,0.0,0.0,0,0.0,16.791800000000002,0.0,16.791800000000002
2018-01-07 17:35:00,0.0,0.0,0.0,0.0,0.0,0.0,0.0,0.0,0.0,0,0.0,16.9965,0.0,16.9965
2018-01-07 17:36:00,0.0,0.0,0.0,0.0,0.0,0.0,0.0,0.0,0.0,0,0.0,17.2012,0.0,17.2012
2018-01-07 17:37:00,0.0,0.0,0.0,0.0,0.0,0.0,0.0,0.0,0.0,0,0.0,17.4059,0.0,17.4059
2018-01-07 17:38:00,0.0,0.0,0.0,0.0,0.0,0.0,0.0,0.0,0.0,0,0.0,17.610599999999998,0.0,17.610599999999998
2018-01-07 17:39:00,0.0,0.0,0.0,0.0,0.0,0.0,0.0,0.0,0.0,0,0.0,17.8153,0.0,17.8153
2018-01-07 17:40:00,0.0,0.0,0.0,0.0,0.0,0.0,0.0,0.0,0.0,0,0.0,18.02,0.0,18.02
2018-01-07 17:41:00,0.0,0.0,0.0,0.0,0.0,0.0,0.0,0.0,0.0,0,0.0,18.0228,0.0,18.0228
2018-01-07 17:42:00,0.0,0.0,0.0,0.0,0.0,0.0,0.0,0.0,0.0,0,0.0,18.0256,0.0,18.0256
2018-01-07 17:43:00,0.0,0.0,0.0,0.0,0.0,0.0,0.0,0.0,0.0,0,0.0,18.028399999999998,0.0,18.028399999999998
2018-01-07 17:44:00,0.0,0.0,0.0,0.0,0.0,0.0,0.0,0.0,0.0,0,0.0,18.0312,0.0,18.0312
2018-01-07 17:45:00,0.0,0.0,0.0,0.0,0.0,0.0,0.0,0.0,0.0,0,0.0,18.034,0.0,18.034
2018-01-07 17:46:00,0.0,0.0,0.0,0.0,0.0,0.0,0.0,0.0,0.0,0,0.0,18.0368,0.0,18.0368
2018-01-07 17:47:00,0.0,0.0,0.0,0.0,0.0,0.0,0.0,0.0,0.0,0,0.0,18.0396,0.0,18.0396
2018-01-07 17:48:00,0.0,0.0,0.0,0.0,0.0,0.0,0.0,0.0,0.0,0,0.0,18.042399999999997,0.0,18.042399999999997
2018-01-07 17:49:00,0.0,0.0,0.0,0.0,0.0,0.0,0.0,0.0,0.0,0,0.0,18.045199999999998,0.0,18.045199999999998
2018-01-07 17:50:00,0.0,0.0,0.0,0.0,0.0,0.0,0.0,0.0,0.0,0,0.0,18.048,0.0,18.048
2018-01-07 17:51:00,0.0,0.0,0.0,0.0,0.0,0.0,0.0,0.0,0.0,0,0.0,18.062199999999997,0.0,18.062199999999997
2018-01-07 17:52:00,0.0,0.0,0.0,0.0,0.0,0.0,0.0,0.0,0.0,0,0.0,18.0764,0.0,18.0764
2018-01-07 17:53:00,0.0,0.0,0.0,0.0,0.0,0.0,0.0,0.0,0.0,0,0.0,18.0906,0.0,18.0906
2018-01-07 17:54:00,0.0,0.0,0.0,0.0,0.0,0.0,0.0,0.0,0.0,0,0.0,18.1048,0.0,18.1048
2018-01-07 17:55:00,0.0,0.0,0.0,0.0,0.0,0.0,0.0,0.0,0.0,0,0.0,18.119,0.0,18.119
2018-01-07 17:56:00,0.0,0.0,0.0,0.0,0.0,0.0,0.0,0.0,0.0,0,0.0,18.1332,0.0,18.1332
2018-01-07 17:57:00,0.0,0.0,0.0,0.0,0.0,0.0,0.0,0.0,0.0,0,0.0,18.1474,0.0,18.1474
2018-01-07 17:58:00,0.0,0.0,0.0,0.0,0.0,0.0,0.0,0.0,0.0,0,0.0,18.1616,0.0,18.1616
2018-01-07 17:59:00,0.0,0.0,0.0,0.0,0.0,0.0,0.0,0.0,0.0,0,0.0,18.175800000000002,0.0,18.175800000000002
2018-01-07 18:00:00,0.0,0.0,0.0,0.0,0.0,0.0,0.0,0.0,0.0,0,0.0,18.19,0.0,18.19
2018-01-07 18:01:00,0.0,0.0,0.0,0.0,0.0,0.0,0.0,0.0,0.0,0,0.0,18.3462,0.0,18.3462
2018-01-07 18:02:00,0.0,0.0,0.0,0.0,0.0,0.0,0.0,0.0,0.0,0,0.0,18.5024,0.0,18.5024
2018-01-07 18:03:00,0.0,0.0,0.0,0.0,0.0,0.0,0.0,0.0,0.0,0,0.0,18.6586,0.0,18.6586
2018-01-07 18:04:00,0.0,0.0,0.0,0.0,0.0,0.0,0.0,0.0,0.0,0,0.0,18.8148,0.0,18.8148
2018-01-07 18:05:00,0.0,0.0,0.0,0.0,0.0,0.0,0.0,0.0,0.0,0,0.0,18.971,0.0,18.971
2018-01-07 18:06:00,0.0,0.0,0.0,0.0,0.0,0.0,0.0,0.0,0.0,0,0.0,19.1272,0.0,19.1272
2018-01-07 18:07:00,0.0,0.0,0.0,0.0,0.0,0.0,0.0,0.0,0.0,0,0.0,19.2834,0.0,19.2834
2018-01-07 18:08:00,0.0,0.0,0.0,0.0,0.0,0.0,0.0,0.0,0.0,0,0.0,19.4396,0.0,19.4396
2018-01-07 18:09:00,0.0,0.0,0.0,0.0,0.0,0.0,0.0,0.0,0.0,0,0.0,19.5958,0.0,19.5958
2018-01-07 18:10:00,0.0,0.0,0.0,0.0,0.0,0.0,0.0,0.0,0.0,0,0.0,19.752,0.0,19.752
2018-01-07 18:11:00,0.0,0.0,0.0,0.0,0.0,0.0,0.0,0.0,0.0,0,0.0,19.836599999999997,0.0,19.836599999999997
2018-01-07 18:12:00,0.0,0.0,0.0,0.0,0.0,0.0,0.0,0.0,0.0,0,0.0,19.9212,0.0,19.9212
2018-01-07 18:13:00,0.0,0.0,0.0,0.0,0.0,0.0,0.0,0.0,0.0,0,0.0,20.0058,0.0,20.0058
2018-01-07 18:14:00,0.0,0.0,0.0,0.0,0.0,0.0,0.0,0.0,0.0,0,0.0,20.0904,0.0,20.0904
2018-01-07 18:15:00,0.0,0.0,0.0,0.0,0.0,0.0,0.0,0.0,0.0,0,0.0,20.174999999999997,0.0,20.174999999999997
2018-01-07 18:16:00,0.0,0.0,0.0,0.0,0.0,0.0,0.0,0.0,0.0,0,0.0,20.2596,0.0,20.2596
2018-01-07 18:17:00,0.0,0.0,0.0,0.0,0.0,0.0,0.0,0.0,0.0,0,0.0,20.3442,0.0,20.3442
2018-01-07 18:18:00,0.0,0.0,0.0,0.0,0.0,0.0,0.0,0.0,0.0,0,0.0,20.4288,0.0,20.4288
2018-01-07 18:19:00,0.0,0.0,0.0,0.0,0.0,0.0,0.0,0.0,0.0,0,0.0,20.513399999999997,0.0,20.513399999999997
2018-01-07 18:20:00,0.0,0.0,0.0,0.0,0.0,0.0,0.0,0.0,0.0,0,0.0,20.598,0.0,20.598
2018-01-07 18:21:00,0.0,0.0,0.0,0.0,0.0,0.0,0.0,0.0,0.0,0,0.0,20.4814,0.0,20.4814
2018-01-07 18:22:00,0.0,0.0,0.0,0.0,0.0,0.0,0.0,0.0,0.0,0,0.0,20.3648,0.0,20.3648
2018-01-07 18:23:00,0.0,0.0,0.0,0.0,0.0,0.0,0.0,0.0,0.0,0,0.0,20.248199999999997,0.0,20.248199999999997
2018-01-07 18:24:00,0.0,0.0,0.0,0.0,0.0,0.0,0.0,0.0,0.0,0,0.0,20.1316,0.0,20.1316
2018-01-07 18:25:00,0.0,0.0,0.0,0.0,0.0,0.0,0.0,0.0,0.0,0,0.0,20.015,0.0,20.015
2018-01-07 18:26:00,0.0,0.0,0.0,0.0,0.0,0.0,0.0,0.0,0.0,0,0.0,19.8984,0.0,19.8984
2018-01-07 18:27:00,0.0,0.0,0.0,0.0,0.0,0.0,0.0,0.0,0.0,0,0.0,19.781799999999997,0.0,19.781799999999997
2018-01-07 18:28:00,0.0,0.0,0.0,0.0,0.0,0.0,0.0,0.0,0.0,0,0.0,19.6652,0.0,19.6652
2018-01-07 18:29:00,0.0,0.0,0.0,0.0,0.0,0.0,0.0,0.0,0.0,0,0.0,19.5486,0.0,19.5486
2018-01-07 18:30:00,0.0,0.0,0.0,0.0,0.0,0.0,0.0,0.0,0.0,0,0.0,19.432,0.0,19.432
2018-01-07 18:31:00,0.0,0.0,0.0,0.0,0.0,0.0,0.0,0.0,0.0,0,0.0,19.4634,0.0,19.4634
2018-01-07 18:32:00,0.0,0.0,0.0,0.0,0.0,0.0,0.0,0.0,0.0,0,0.0,19.494799999999998,0.0,19.494799999999998
2018-01-07 18:33:00,0.0,0.0,0.0,0.0,0.0,0.0,0.0,0.0,0.0,0,0.0,19.5262,0.0,19.5262
2018-01-07 18:34:00,0.0,0.0,0.0,0.0,0.0,0.0,0.0,0.0,0.0,0,0.0,19.557599999999997,0.0,19.557599999999997
2018-01-07 18:35:00,0.0,0.0,0.0,0.0,0.0,0.0,0.0,0.0,0.0,0,0.0,19.589,0.0,19.589
2018-01-07 18:36:00,0.0,0.0,0.0,0.0,0.0,0.0,0.0,0.0,0.0,0,0.0,19.6204,0.0,19.6204
2018-01-07 18:37:00,0.0,0.0,0.0,0.0,0.0,0.0,0.0,0.0,0.0,0,0.0,19.651799999999998,0.0,19.651799999999998
2018-01-07 18:38:00,0.0,0.0,0.0,0.0,0.0,0.0,0.0,0.0,0.0,0,0.0,19.6832,0.0,19.6832
2018-01-07 18:39:00,0.0,0.0,0.0,0.0,0.0,0.0,0.0,0.0,0.0,0,0.0,19.714599999999997,0.0,19.714599999999997
2018-01-07 18:40:00,0.0,0.0,0.0,0.0,0.0,0.0,0.0,0.0,0.0,0,0.0,19.746,0.0,19.746
2018-01-07 18:41:00,0.0,0.0,0.0,0.0,0.0,0.0,0.0,0.0,0.0,0,0.0,20.0579,0.0,20.0579
2018-01-07 18:42:00,0.0,0.0,0.0,0.0,0.0,0.0,0.0,0.0,0.0,0,0.0,20.369799999999998,0.0,20.369799999999998
2018-01-07 18:43:00,0.0,0.0,0.0,0.0,0.0,0.0,0.0,0.0,0.0,0,0.0,20.6817,0.0,20.6817
2018-01-07 18:44:00,0.0,0.0,0.0,0.0,0.0,0.0,0.0,0.0,0.0,0,0.0,20.993599999999997,0.0,20.993599999999997
2018-01-07 18:45:00,0.0,0.0,0.0,0.0,0.0,0.0,0.0,0.0,0.0,0,0.0,21.3055,0.0,21.3055
2018-01-07 18:46:00,0.0,0.0,0.0,0.0,0.0,0.0,0.0,0.0,0.0,0,0.0,21.6174,0.0,21.6174
2018-01-07 18:47:00,0.0,0.0,0.0,0.0,0.0,0.0,0.0,0.0,0.0,0,0.0,21.929299999999998,0.0,21.929299999999998
2018-01-07 18:48:00,0.0,0.0,0.0,0.0,0.0,0.0,0.0,0.0,0.0,0,0.0,22.2412,0.0,22.2412
2018-01-07 18:49:00,0.0,0.0,0.0,0.0,0.0,0.0,0.0,0.0,0.0,0,0.0,22.553099999999997,0.0,22.553099999999997
2018-01-07 18:50:00,0.0,0.0,0.0,0.0,0.0,0.0,0.0,0.0,0.0,0,0.0,22.865,0.0,22.865
2018-01-07 18:51:00,0.0,0.0,0.0,0.0,0.0,0.0,0.0,0.0,0.0,0,0.0,22.406499999999998,0.0,22.406499999999998
2018-01-07 18:52:00,0.0,0.0,0.0,0.0,0.0,0.0,0.0,0.0,0.0,0,0.0,21.948,0.0,21.948
2018-01-07 18:53:00,0.0,0.0,0.0,0.0,0.0,0.0,0.0,0.0,0.0,0,0.0,21.4895,0.0,21.4895
2018-01-07 18:54:00,0.0,0.0,0.0,0.0,0.0,0.0,0.0,0.0,0.0,0,0.0,21.031,0.0,21.031
2018-01-07 18:55:00,0.0,0.0,0.0,0.0,0.0,0.0,0.0,0.0,0.0,0,0.0,20.572499999999998,0.0,20.572499999999998
2018-01-07 18:56:00,0.0,0.0,0.0,0.0,0.0,0.0,0.0,0.0,0.0,0,0.0,20.114,0.0,20.114
2018-01-07 18:57:00,0.0,0.0,0.0,0.0,0.0,0.0,0.0,0.0,0.0,0,0.0,19.6555,0.0,19.6555
2018-01-07 18:58:00,0.0,0.0,0.0,0.0,0.0,0.0,0.0,0.0,0.0,0,0.0,19.197,0.0,19.197
2018-01-07 18:59:00,0.0,0.0,0.0,0.0,0.0,0.0,0.0,0.0,0.0,0,0.0,18.738500000000002,0.0,18.738500000000002
2018-01-07 19:00:00,0.0,0.0,0.0,0.0,0.0,0.0,0.0,0.0,0.0,0,0.0,18.28,0.0,18.28
2018-01-07 19:01:00,0.0,0.0,0.0,0.0,0.0,0.0,0.0,0.0,0.0,0,0.0,18.2328,0.0,18.2328
2018-01-07 19:02:00,0.0,0.0,0.0,0.0,0.0,0.0,0.0,0.0,0.0,0,0.0,18.1856,0.0,18.1856
2018-01-07 19:03:00,0.0,0.0,0.0,0.0,0.0,0.0,0.0,0.0,0.0,0,0.0,18.1384,0.0,18.1384
2018-01-07 19:04:00,0.0,0.0,0.0,0.0,0.0,0.0,0.0,0.0,0.0,0,0.0,18.0912,0.0,18.0912
2018-01-07 19:05:00,0.0,0.0,0.0,0.0,0.0,0.0,0.0,0.0,0.0,0,0.0,18.044,0.0,18.044
2018-01-07 19:06:00,0.0,0.0,0.0,0.0,0.0,0.0,0.0,0.0,0.0,0,0.0,17.9968,0.0,17.9968
2018-01-07 19:07:00,0.0,0.0,0.0,0.0,0.0,0.0,0.0,0.0,0.0,0,0.0,17.9496,0.0,17.9496
2018-01-07 19:08:00,0.0,0.0,0.0,0.0,0.0,0.0,0.0,0.0,0.0,0,0.0,17.9024,0.0,17.9024
2018-01-07 19:09:00,0.0,0.0,0.0,0.0,0.0,0.0,0.0,0.0,0.0,0,0.0,17.8552,0.0,17.8552
2018-01-07 19:10:00,0.0,0.0,0.0,0.0,0.0,0.0,0.0,0.0,0.0,0,0.0,17.808,0.0,17.808
2018-01-07 19:11:00,0.0,0.0,0.0,0.0,0.0,0.0,0.0,0.0,0.0,0,0.0,17.796,0.0,17.796
2018-01-07 19:12:00,0.0,0.0,0.0,0.0,0.0,0.0,0.0,0.0,0.0,0,0.0,17.784,0.0,17.784
2018-01-07 19:13:00,0.0,0.0,0.0,0.0,0.0,0.0,0.0,0.0,0.0,0,0.0,17.772,0.0,17.772
2018-01-07 19:14:00,0.0,0.0,0.0,0.0,0.0,0.0,0.0,0.0,0.0,0,0.0,17.759999999999998,0.0,17.759999999999998
2018-01-07 19:15:00,0.0,0.0,0.0,0.0,0.0,0.0,0.0,0.0,0.0,0,0.0,17.747999999999998,0.0,17.747999999999998
2018-01-07 19:16:00,0.0,0.0,0.0,0.0,0.0,0.0,0.0,0.0,0.0,0,0.0,17.736,0.0,17.736
2018-01-07 19:17:00,0.0,0.0,0.0,0.0,0.0,0.0,0.0,0.0,0.0,0,0.0,17.724,0.0,17.724
2018-01-07 19:18:00,0.0,0.0,0.0,0.0,0.0,0.0,0.0,0.0,0.0,0,0.0,17.712,0.0,17.712
2018-01-07 19:19:00,0.0,0.0,0.0,0.0,0.0,0.0,0.0,0.0,0.0,0,0.0,17.7,0.0,17.7
2018-01-07 19:20:00,0.0,0.0,0.0,0.0,0.0,0.0,0.0,0.0,0.0,0,0.0,17.688,0.0,17.688
2018-01-07 19:21:00,0.0,0.0,0.0,0.0,0.0,0.0,0.0,0.0,0.0,0,0.0,17.9623,0.0,17.9623
2018-01-07 19:22:00,0.0,0.0,0.0,0.0,0.0,0.0,0.0,0.0,0.0,0,0.0,18.2366,0.0,18.2366
2018-01-07 19:23:00,0.0,0.0,0.0,0.0,0.0,0.0,0.0,0.0,0.0,0,0.0,18.5109,0.0,18.5109
2018-01-07 19:24:00,0.0,0.0,0.0,0.0,0.0,0.0,0.0,0.0,0.0,0,0.0,18.7852,0.0,18.7852
2018-01-07 19:25:00,0.0,0.0,0.0,0.0,0.0,0.0,0.0,0.0,0.0,0,0.0,19.0595,0.0,19.0595
2018-01-07 19:26:00,0.0,0.0,0.0,0.0,0.0,0.0,0.0,0.0,0.0,0,0.0,19.3338,0.0,19.3338
2018-01-07 19:27:00,0.0,0.0,0.0,0.0,0.0,0.0,0.0,0.0,0.0,0,0.0,19.6081,0.0,19.6081
2018-01-07 19:28:00,0.0,0.0,0.0,0.0,0.0,0.0,0.0,0.0,0.0,0,0.0,19.8824,0.0,19.8824
2018-01-07 19:29:00,0.0,0.0,0.0,0.0,0.0,0.0,0.0,0.0,0.0,0,0.0,20.1567,0.0,20.1567
2018-01-07 19:30:00,0.0,0.0,0.0,0.0,0.0,0.0,0.0,0.0,0.0,0,0.0,20.431,0.0,20.431
2018-01-07 19:31:00,0.0,0.0,0.0,0.0,0.0,0.0,0.0,0.0,0.0,0,0.0,20.264300000000002,0.0,20.264300000000002
2018-01-07 19:32:00,0.0,0.0,0.0,0.0,0.0,0.0,0.0,0.0,0.0,0,0.0,20.0976,0.0,20.0976
2018-01-07 19:33:00,0.0,0.0,0.0,0.0,0.0,0.0,0.0,0.0,0.0,0,0.0,19.9309,0.0,19.9309
2018-01-07 19:34:00,0.0,0.0,0.0,0.0,0.0,0.0,0.0,0.0,0.0,0,0.0,19.7642,0.0,19.7642
2018-01-07 19:35:00,0.0,0.0,0.0,0.0,0.0,0.0,0.0,0.0,0.0,0,0.0,19.5975,0.0,19.5975
2018-01-07 19:36:00,0.0,0.0,0.0,0.0,0.0,0.0,0.0,0.0,0.0,0,0.0,19.4308,0.0,19.4308
2018-01-07 19:37:00,0.0,0.0,0.0,0.0,0.0,0.0,0.0,0.0,0.0,0,0.0,19.2641,0.0,19.2641
2018-01-07 19:38:00,0.0,0.0,0.0,0.0,0.0,0.0,0.0,0.0,0.0,0,0.0,19.0974,0.0,19.0974
2018-01-07 19:39:00,0.0,0.0,0.0,0.0,0.0,0.0,0.0,0.0,0.0,0,0.0,18.930699999999998,0.0,18.930699999999998
2018-01-07 19:40:00,0.0,0.0,0.0,0.0,0.0,0.0,0.0,0.0,0.0,0,0.0,18.764,0.0,18.764
2018-01-07 19:41:00,0.0,0.0,0.0,0.0,0.0,0.0,0.0,0.0,0.0,0,0.0,18.926199999999998,0.0,18.926199999999998
2018-01-07 19:42:00,0.0,0.0,0.0,0.0,0.0,0.0,0.0,0.0,0.0,0,0.0,19.0884,0.0,19.0884
2018-01-07 19:43:00,0.0,0.0,0.0,0.0,0.0,0.0,0.0,0.0,0.0,0,0.0,19.2506,0.0,19.2506
2018-01-07 19:44:00,0.0,0.0,0.0,0.0,0.0,0.0,0.0,0.0,0.0,0,0.0,19.4128,0.0,19.4128
2018-01-07 19:45:00,0.0,0.0,0.0,0.0,0.0,0.0,0.0,0.0,0.0,0,0.0,19.575,0.0,19.575
2018-01-07 19:46:00,0.0,0.0,0.0,0.0,0.0,0.0,0.0,0.0,0.0,0,0.0,19.737199999999998,0.0,19.737199999999998
2018-01-07 19:47:00,0.0,0.0,0.0,0.0,0.0,0.0,0.0,0.0,0.0,0,0.0,19.8994,0.0,19.8994
2018-01-07 19:48:00,0.0,0.0,0.0,0.0,0.0,0.0,0.0,0.0,0.0,0,0.0,20.0616,0.0,20.0616
2018-01-07 19:49:00,0.0,0.0,0.0,0.0,0.0,0.0,0.0,0.0,0.0,0,0.0,20.2238,0.0,20.2238
2018-01-07 19:50:00,0.0,0.0,0.0,0.0,0.0,0.0,0.0,0.0,0.0,0,0.0,20.386,0.0,20.386
2018-01-07 19:51:00,0.0,0.0,0.0,0.0,0.0,0.0,0.0,0.0,0.0,0,0.0,20.2003,0.0,20.2003
2018-01-07 19:52:00,0.0,0.0,0.0,0.0,0.0,0.0,0.0,0.0,0.0,0,0.0,20.014599999999998,0.0,20.014599999999998
2018-01-07 19:53:00,0.0,0.0,0.0,0.0,0.0,0.0,0.0,0.0,0.0,0,0.0,19.8289,0.0,19.8289
2018-01-07 19:54:00,0.0,0.0,0.0,0.0,0.0,0.0,0.0,0.0,0.0,0,0.0,19.6432,0.0,19.6432
2018-01-07 19:55:00,0.0,0.0,0.0,0.0,0.0,0.0,0.0,0.0,0.0,0,0.0,19.4575,0.0,19.4575
2018-01-07 19:56:00,0.0,0.0,0.0,0.0,0.0,0.0,0.0,0.0,0.0,0,0.0,19.2718,0.0,19.2718
2018-01-07 19:57:00,0.0,0.0,0.0,0.0,0.0,0.0,0.0,0.0,0.0,0,0.0,19.0861,0.0,19.0861
2018-01-07 19:58:00,0.0,0.0,0.0,0.0,0.0,0.0,0.0,0.0,0.0,0,0.0,18.9004,0.0,18.9004
2018-01-07 19:59:00,0.0,0.0,0.0,0.0,0.0,0.0,0.0,0.0,0.0,0,0.0,18.7147,0.0,18.7147
2018-01-07 20:00:00,0.0,0.0,0.0,0.0,0.0,0.0,0.0,0.0,0.0,0,0.0,18.529,0.0,18.529
2018-01-07 20:01:00,0.0,0.0,0.0,0.0,0.0,0.0,0.0,0.0,0.0,0,0.0,18.3921,0.0,18.3921
2018-01-07 20:02:00,0.0,0.0,0.0,0.0,0.0,0.0,0.0,0.0,0.0,0,0.0,18.2552,0.0,18.2552
2018-01-07 20:03:00,0.0,0.0,0.0,0.0,0.0,0.0,0.0,0.0,0.0,0,0.0,18.1183,0.0,18.1183
2018-01-07 20:04:00,0.0,0.0,0.0,0.0,0.0,0.0,0.0,0.0,0.0,0,0.0,17.9814,0.0,17.9814
2018-01-07 20:05:00,0.0,0.0,0.0,0.0,0.0,0.0,0.0,0.0,0.0,0,0.0,17.8445,0.0,17.8445
2018-01-07 20:06:00,0.0,0.0,0.0,0.0,0.0,0.0,0.0,0.0,0.0,0,0.0,17.7076,0.0,17.7076
2018-01-07 20:07:00,0.0,0.0,0.0,0.0,0.0,0.0,0.0,0.0,0.0,0,0.0,17.5707,0.0,17.5707
2018-01-07 20:08:00,0.0,0.0,0.0,0.0,0.0,0.0,0.0,0.0,0.0,0,0.0,17.4338,0.0,17.4338
2018-01-07 20:09:00,0.0,0.0,0.0,0.0,0.0,0.0,0.0,0.0,0.0,0,0.0,17.2969,0.0,17.2969
2018-01-07 20:10:00,0.0,0.0,0.0,0.0,0.0,0.0,0.0,0.0,0.0,0,0.0,17.16,0.0,17.16
2018-01-07 20:11:00,0.0,0.0,0.0,0.0,0.0,0.0,0.0,0.0,0.0,0,0.0,17.189799999999998,0.0,17.189799999999998
2018-01-07 20:12:00,0.0,0.0,0.0,0.0,0.0,0.0,0.0,0.0,0.0,0,0.0,17.2196,0.0,17.2196
2018-01-07 20:13:00,0.0,0.0,0.0,0.0,0.0,0.0,0.0,0.0,0.0,0,0.0,17.2494,0.0,17.2494
2018-01-07 20:14:00,0.0,0.0,0.0,0.0,0.0,0.0,0.0,0.0,0.0,0,0.0,17.2792,0.0,17.2792
2018-01-07 20:15:00,0.0,0.0,0.0,0.0,0.0,0.0,0.0,0.0,0.0,0,0.0,17.308999999999997,0.0,17.308999999999997
2018-01-07 20:16:00,0.0,0.0,0.0,0.0,0.0,0.0,0.0,0.0,0.0,0,0.0,17.3388,0.0,17.3388
2018-01-07 20:17:00,0.0,0.0,0.0,0.0,0.0,0.0,0.0,0.0,0.0,0,0.0,17.3686,0.0,17.3686
2018-01-07 20:18:00,0.0,0.0,0.0,0.0,0.0,0.0,0.0,0.0,0.0,0,0.0,17.3984,0.0,17.3984
2018-01-07 20:19:00,0.0,0.0,0.0,0.0,0.0,0.0,0.0,0.0,0.0,0,0.0,17.428199999999997,0.0,17.428199999999997
2018-01-07 20:20:00,0.0,0.0,0.0,0.0,0.0,0.0,0.0,0.0,0.0,0,0.0,17.458,0.0,17.458
2018-01-07 20:21:00,0.0,0.0,0.0,0.0,0.0,0.0,0.0,0.0,0.0,0,0.0,17.7701,0.0,17.7701
2018-01-07 20:22:00,0.0,0.0,0.0,0.0,0.0,0.0,0.0,0.0,0.0,0,0.0,18.0822,0.0,18.0822
2018-01-07 20:23:00,0.0,0.0,0.0,0.0,0.0,0.0,0.0,0.0,0.0,0,0.0,18.394299999999998,0.0,18.394299999999998
2018-01-07 20:24:00,0.0,0.0,0.0,0.0,0.0,0.0,0.0,0.0,0.0,0,0.0,18.7064,0.0,18.7064
2018-01-07 20:25:00,0.0,0.0,0.0,0.0,0.0,0.0,0.0,0.0,0.0,0,0.0,19.0185,0.0,19.0185
2018-01-07 20:26:00,0.0,0.0,0.0,0.0,0.0,0.0,0.0,0.0,0.0,0,0.0,19.3306,0.0,19.3306
2018-01-07 20:27:00,0.0,0.0,0.0,0.0,0.0,0.0,0.0,0.0,0.0,0,0.0,19.6427,0.0,19.6427
2018-01-07 20:28:00,0.0,0.0,0.0,0.0,0.0,0.0,0.0,0.0,0.0,0,0.0,19.9548,0.0,19.9548
2018-01-07 20:29:00,0.0,0.0,0.0,0.0,0.0,0.0,0.0,0.0,0.0,0,0.0,20.2669,0.0,20.2669
2018-01-07 20:30:00,0.0,0.0,0.0,0.0,0.0,0.0,0.0,0.0,0.0,0,0.0,20.579,0.0,20.579
2018-01-07 20:31:00,0.0,0.0,0.0,0.0,0.0,0.0,0.0,0.0,0.0,0,0.0,20.5926,0.0,20.5926
2018-01-07 20:32:00,0.0,0.0,0.0,0.0,0.0,0.0,0.0,0.0,0.0,0,0.0,20.6062,0.0,20.6062
2018-01-07 20:33:00,0.0,0.0,0.0,0.0,0.0,0.0,0.0,0.0,0.0,0,0.0,20.6198,0.0,20.6198
2018-01-07 20:34:00,0.0,0.0,0.0,0.0,0.0,0.0,0.0,0.0,0.0,0,0.0,20.6334,0.0,20.6334
2018-01-07 20:35:00,0.0,0.0,0.0,0.0,0.0,0.0,0.0,0.0,0.0,0,0.0,20.647,0.0,20.647
2018-01-07 20:36:00,0.0,0.0,0.0,0.0,0.0,0.0,0.0,0.0,0.0,0,0.0,20.6606,0.0,20.6606
2018-01-07 20:37:00,0.0,0.0,0.0,0.0,0.0,0.0,0.0,0.0,0.0,0,0.0,20.6742,0.0,20.6742
2018-01-07 20:38:00,0.0,0.0,0.0,0.0,0.0,0.0,0.0,0.0,0.0,0,0.0,20.6878,0.0,20.6878
2018-01-07 20:39:00,0.0,0.0,0.0,0.0,0.0,0.0,0.0,0.0,0.0,0,0.0,20.7014,0.0,20.7014
2018-01-07 20:40:00,0.0,0.0,0.0,0.0,0.0,0.0,0.0,0.0,0.0,0,0.0,20.715,0.0,20.715
2018-01-07 20:41:00,0.0,0.0,0.0,0.0,0.0,0.0,0.0,0.0,0.0,0,0.0,20.5662,0.0,20.5662
2018-01-07 20:42:00,0.0,0.0,0.0,0.0,0.0,0.0,0.0,0.0,0.0,0,0.0,20.4174,0.0,20.4174
2018-01-07 20:43:00,0.0,0.0,0.0,0.0,0.0,0.0,0.0,0.0,0.0,0,0.0,20.2686,0.0,20.2686
2018-01-07 20:44:00,0.0,0.0,0.0,0.0,0.0,0.0,0.0,0.0,0.0,0,0.0,20.1198,0.0,20.1198
2018-01-07 20:45:00,0.0,0.0,0.0,0.0,0.0,0.0,0.0,0.0,0.0,0,0.0,19.971,0.0,19.971
2018-01-07 20:46:00,0.0,0.0,0.0,0.0,0.0,0.0,0.0,0.0,0.0,0,0.0,19.8222,0.0,19.8222
2018-01-07 20:47:00,0.0,0.0,0.0,0.0,0.0,0.0,0.0,0.0,0.0,0,0.0,19.6734,0.0,19.6734
2018-01-07 20:48:00,0.0,0.0,0.0,0.0,0.0,0.0,0.0,0.0,0.0,0,0.0,19.5246,0.0,19.5246
2018-01-07 20:49:00,0.0,0.0,0.0,0.0,0.0,0.0,0.0,0.0,0.0,0,0.0,19.3758,0.0,19.3758
2018-01-07 20:50:00,0.0,0.0,0.0,0.0,0.0,0.0,0.0,0.0,0.0,0,0.0,19.227,0.0,19.227
2018-01-07 20:51:00,0.0,0.0,0.0,0.0,0.0,0.0,0.0,0.0,0.0,0,0.0,19.2353,0.0,19.2353
2018-01-07 20:52:00,0.0,0.0,0.0,0.0,0.0,0.0,0.0,0.0,0.0,0,0.0,19.2436,0.0,19.2436
2018-01-07 20:53:00,0.0,0.0,0.0,0.0,0.0,0.0,0.0,0.0,0.0,0,0.0,19.2519,0.0,19.2519
2018-01-07 20:54:00,0.0,0.0,0.0,0.0,0.0,0.0,0.0,0.0,0.0,0,0.0,19.2602,0.0,19.2602
2018-01-07 20:55:00,0.0,0.0,0.0,0.0,0.0,0.0,0.0,0.0,0.0,0,0.0,19.2685,0.0,19.2685
2018-01-07 20:56:00,0.0,0.0,0.0,0.0,0.0,0.0,0.0,0.0,0.0,0,0.0,19.276799999999998,0.0,19.276799999999998
2018-01-07 20:57:00,0.0,0.0,0.0,0.0,0.0,0.0,0.0,0.0,0.0,0,0.0,19.2851,0.0,19.2851
2018-01-07 20:58:00,0.0,0.0,0.0,0.0,0.0,0.0,0.0,0.0,0.0,0,0.0,19.2934,0.0,19.2934
2018-01-07 20:59:00,0.0,0.0,0.0,0.0,0.0,0.0,0.0,0.0,0.0,0,0.0,19.3017,0.0,19.3017
2018-01-07 21:00:00,0.0,0.0,0.0,0.0,0.0,0.0,0.0,0.0,0.0,0,0.0,19.31,0.0,19.31
2018-01-07 21:01:00,0.0,0.0,0.0,0.0,0.0,0.0,0.0,0.0,0.0,0,0.0,19.377299999999998,0.0,19.377299999999998
2018-01-07 21:02:00,0.0,0.0,0.0,0.0,0.0,0.0,0.0,0.0,0.0,0,0.0,19.444599999999998,0.0,19.444599999999998
2018-01-07 21:03:00,0.0,0.0,0.0,0.0,0.0,0.0,0.0,0.0,0.0,0,0.0,19.5119,0.0,19.5119
2018-01-07 21:04:00,0.0,0.0,0.0,0.0,0.0,0.0,0.0,0.0,0.0,0,0.0,19.5792,0.0,19.5792
2018-01-07 21:05:00,0.0,0.0,0.0,0.0,0.0,0.0,0.0,0.0,0.0,0,0.0,19.6465,0.0,19.6465
2018-01-07 21:06:00,0.0,0.0,0.0,0.0,0.0,0.0,0.0,0.0,0.0,0,0.0,19.7138,0.0,19.7138
2018-01-07 21:07:00,0.0,0.0,0.0,0.0,0.0,0.0,0.0,0.0,0.0,0,0.0,19.7811,0.0,19.7811
2018-01-07 21:08:00,0.0,0.0,0.0,0.0,0.0,0.0,0.0,0.0,0.0,0,0.0,19.8484,0.0,19.8484
2018-01-07 21:09:00,0.0,0.0,0.0,0.0,0.0,0.0,0.0,0.0,0.0,0,0.0,19.9157,0.0,19.9157
2018-01-07 21:10:00,0.0,0.0,0.0,0.0,0.0,0.0,0.0,0.0,0.0,0,0.0,19.983,0.0,19.983
2018-01-07 21:11:00,0.0,0.0,0.0,0.0,0.0,0.0,0.0,0.0,0.0,0,0.0,20.008200000000002,0.0,20.008200000000002
2018-01-07 21:12:00,0.0,0.0,0.0,0.0,0.0,0.0,0.0,0.0,0.0,0,0.0,20.0334,0.0,20.0334
2018-01-07 21:13:00,0.0,0.0,0.0,0.0,0.0,0.0,0.0,0.0,0.0,0,0.0,20.0586,0.0,20.0586
2018-01-07 21:14:00,0.0,0.0,0.0,0.0,0.0,0.0,0.0,0.0,0.0,0,0.0,20.0838,0.0,20.0838
2018-01-07 21:15:00,0.0,0.0,0.0,0.0,0.0,0.0,0.0,0.0,0.0,0,0.0,20.109,0.0,20.109
2018-01-07 21:16:00,0.0,0.0,0.0,0.0,0.0,0.0,0.0,0.0,0.0,0,0.0,20.1342,0.0,20.1342
2018-01-07 21:17:00,0.0,0.0,0.0,0.0,0.0,0.0,0.0,0.0,0.0,0,0.0,20.159399999999998,0.0,20.159399999999998
2018-01-07 21:18:00,0.0,0.0,0.0,0.0,0.0,0.0,0.0,0.0,0.0,0,0.0,20.1846,0.0,20.1846
2018-01-07 21:19:00,0.0,0.0,0.0,0.0,0.0,0.0,0.0,0.0,0.0,0,0.0,20.2098,0.0,20.2098
2018-01-07 21:20:00,0.0,0.0,0.0,0.0,0.0,0.0,0.0,0.0,0.0,0,0.0,20.235,0.0,20.235
2018-01-07 21:21:00,0.0,0.0,0.0,0.0,0.0,0.0,0.0,0.0,0.0,0,0.0,20.1576,0.0,20.1576
2018-01-07 21:22:00,0.0,0.0,0.0,0.0,0.0,0.0,0.0,0.0,0.0,0,0.0,20.080199999999998,0.0,20.080199999999998
2018-01-07 21:23:00,0.0,0.0,0.0,0.0,0.0,0.0,0.0,0.0,0.0,0,0.0,20.0028,0.0,20.0028
2018-01-07 21:24:00,0.0,0.0,0.0,0.0,0.0,0.0,0.0,0.0,0.0,0,0.0,19.9254,0.0,19.9254
2018-01-07 21:25:00,0.0,0.0,0.0,0.0,0.0,0.0,0.0,0.0,0.0,0,0.0,19.848,0.0,19.848
2018-01-07 21:26:00,0.0,0.0,0.0,0.0,0.0,0.0,0.0,0.0,0.0,0,0.0,19.770599999999998,0.0,19.770599999999998
2018-01-07 21:27:00,0.0,0.0,0.0,0.0,0.0,0.0,0.0,0.0,0.0,0,0.0,19.693199999999997,0.0,19.693199999999997
2018-01-07 21:28:00,0.0,0.0,0.0,0.0,0.0,0.0,0.0,0.0,0.0,0,0.0,19.6158,0.0,19.6158
2018-01-07 21:29:00,0.0,0.0,0.0,0.0,0.0,0.0,0.0,0.0,0.0,0,0.0,19.5384,0.0,19.5384
2018-01-07 21:30:00,0.0,0.0,0.0,0.0,0.0,0.0,0.0,0.0,0.0,0,0.0,19.461,0.0,19.461
2018-01-07 21:31:00,0.0,0.0,0.0,0.0,0.0,0.0,0.0,0.0,0.0,0,0.0,19.408099999999997,0.0,19.408099999999997
2018-01-07 21:32:00,0.0,0.0,0.0,0.0,0.0,0.0,0.0,0.0,0.0,0,0.0,19.3552,0.0,19.3552
2018-01-07 21:33:00,0.0,0.0,0.0,0.0,0.0,0.0,0.0,0.0,0.0,0,0.0,19.3023,0.0,19.3023
2018-01-07 21:34:00,0.0,0.0,0.0,0.0,0.0,0.0,0.0,0.0,0.0,0,0.0,19.249399999999998,0.0,19.249399999999998
2018-01-07 21:35:00,0.0,0.0,0.0,0.0,0.0,0.0,0.0,0.0,0.0,0,0.0,19.1965,0.0,19.1965
2018-01-07 21:36:00,0.0,0.0,0.0,0.0,0.0,0.0,0.0,0.0,0.0,0,0.0,19.1436,0.0,19.1436
2018-01-07 21:37:00,0.0,0.0,0.0,0.0,0.0,0.0,0.0,0.0,0.0,0,0.0,19.0907,0.0,19.0907
2018-01-07 21:38:00,0.0,0.0,0.0,0.0,0.0,0.0,0.0,0.0,0.0,0,0.0,19.037799999999997,0.0,19.037799999999997
2018-01-07 21:39:00,0.0,0.0,0.0,0.0,0.0,0.0,0.0,0.0,0.0,0,0.0,18.9849,0.0,18.9849
2018-01-07 21:40:00,0.0,0.0,0.0,0.0,0.0,0.0,0.0,0.0,0.0,0,0.0,18.932,0.0,18.932
2018-01-07 21:41:00,0.0,0.0,0.0,0.0,0.0,0.0,0.0,0.0,0.0,0,0.0,18.8444,0.0,18.8444
2018-01-07 21:42:00,0.0,0.0,0.0,0.0,0.0,0.0,0.0,0.0,0.0,0,0.0,18.7568,0.0,18.7568
2018-01-07 21:43:00,0.0,0.0,0.0,0.0,0.0,0.0,0.0,0.0,0.0,0,0.0,18.6692,0.0,18.6692
2018-01-07 21:44:00,0.0,0.0,0.0,0.0,0.0,0.0,0.0,0.0,0.0,0,0.0,18.581599999999998,0.0,18.581599999999998
2018-01-07 21:45:00,0.0,0.0,0.0,0.0,0.0,0.0,0.0,0.0,0.0,0,0.0,18.494,0.0,18.494
2018-01-07 21:46:00,0.0,0.0,0.0,0.0,0.0,0.0,0.0,0.0,0.0,0,0.0,18.4064,0.0,18.4064
2018-01-07 21:47:00,0.0,0.0,0.0,0.0,0.0,0.0,0.0,0.0,0.0,0,0.0,18.3188,0.0,18.3188
2018-01-07 21:48:00,0.0,0.0,0.0,0.0,0.0,0.0,0.0,0.0,0.0,0,0.0,18.2312,0.0,18.2312
2018-01-07 21:49:00,0.0,0.0,0.0,0.0,0.0,0.0,0.0,0.0,0.0,0,0.0,18.1436,0.0,18.1436
2018-01-07 21:50:00,0.0,0.0,0.0,0.0,0.0,0.0,0.0,0.0,0.0,0,0.0,18.056,0.0,18.056
2018-01-07 21:51:00,0.0,0.0,0.0,0.0,0.0,0.0,0.0,0.0,0.0,0,0.0,18.3387,0.0,18.3387
2018-01-07 21:52:00,0.0,0.0,0.0,0.0,0.0,0.0,0.0,0.0,0.0,0,0.0,18.6214,0.0,18.6214
2018-01-07 21:53:00,0.0,0.0,0.0,0.0,0.0,0.0,0.0,0.0,0.0,0,0.0,18.9041,0.0,18.9041
2018-01-07 21:54:00,0.0,0.0,0.0,0.0,0.0,0.0,0.0,0.0,0.0,0,0.0,19.1868,0.0,19.1868
2018-01-07 21:55:00,0.0,0.0,0.0,0.0,0.0,0.0,0.0,0.0,0.0,0,0.0,19.4695,0.0,19.4695
2018-01-07 21:56:00,0.0,0.0,0.0,0.0,0.0,0.0,0.0,0.0,0.0,0,0.0,19.7522,0.0,19.7522
2018-01-07 21:57:00,0.0,0.0,0.0,0.0,0.0,0.0,0.0,0.0,0.0,0,0.0,20.0349,0.0,20.0349
2018-01-07 21:58:00,0.0,0.0,0.0,0.0,0.0,0.0,0.0,0.0,0.0,0,0.0,20.3176,0.0,20.3176
2018-01-07 21:59:00,0.0,0.0,0.0,0.0,0.0,0.0,0.0,0.0,0.0,0,0.0,20.6003,0.0,20.6003
2018-01-07 22:00:00,0.0,0.0,0.0,0.0,0.0,0.0,0.0,0.0,0.0,0,0.0,20.883,0.0,20.883
2018-01-07 22:01:00,0.0,0.0,0.0,0.0,0.0,0.0,0.0,0.0,0.0,0,0.0,20.8432,0.0,20.8432
2018-01-07 22:02:00,0.0,0.0,0.0,0.0,0.0,0.0,0.0,0.0,0.0,0,0.0,20.8034,0.0,20.8034
2018-01-07 22:03:00,0.0,0.0,0.0,0.0,0.0,0.0,0.0,0.0,0.0,0,0.0,20.7636,0.0,20.7636
2018-01-07 22:04:00,0.0,0.0,0.0,0.0,0.0,0.0,0.0,0.0,0.0,0,0.0,20.7238,0.0,20.7238
2018-01-07 22:05:00,0.0,0.0,0.0,0.0,0.0,0.0,0.0,0.0,0.0,0,0.0,20.683999999999997,0.0,20.683999999999997
2018-01-07 22:06:00,0.0,0.0,0.0,0.0,0.0,0.0,0.0,0.0,0.0,0,0.0,20.644199999999998,0.0,20.644199999999998
2018-01-07 22:07:00,0.0,0.0,0.0,0.0,0.0,0.0,0.0,0.0,0.0,0,0.0,20.6044,0.0,20.6044
2018-01-07 22:08:00,0.0,0.0,0.0,0.0,0.0,0.0,0.0,0.0,0.0,0,0.0,20.5646,0.0,20.5646
2018-01-07 22:09:00,0.0,0.0,0.0,0.0,0.0,0.0,0.0,0.0,0.0,0,0.0,20.5248,0.0,20.5248
2018-01-07 22:10:00,0.0,0.0,0.0,0.0,0.0,0.0,0.0,0.0,0.0,0,0.0,20.485,0.0,20.485
2018-01-07 22:11:00,0.0,0.0,0.0,0.0,0.0,0.0,0.0,0.0,0.0,0,0.0,20.3281,0.0,20.3281
2018-01-07 22:12:00,0.0,0.0,0.0,0.0,0.0,0.0,0.0,0.0,0.0,0,0.0,20.1712,0.0,20.1712
2018-01-07 22:13:00,0.0,0.0,0.0,0.0,0.0,0.0,0.0,0.0,0.0,0,0.0,20.0143,0.0,20.0143
2018-01-07 22:14:00,0.0,0.0,0.0,0.0,0.0,0.0,0.0,0.0,0.0,0,0.0,19.8574,0.0,19.8574
2018-01-07 22:15:00,0.0,0.0,0.0,0.0,0.0,0.0,0.0,0.0,0.0,0,0.0,19.700499999999998,0.0,19.700499999999998
2018-01-07 22:16:00,0.0,0.0,0.0,0.0,0.0,0.0,0.0,0.0,0.0,0,0.0,19.5436,0.0,19.5436
2018-01-07 22:17:00,0.0,0.0,0.0,0.0,0.0,0.0,0.0,0.0,0.0,0,0.0,19.3867,0.0,19.3867
2018-01-07 22:18:00,0.0,0.0,0.0,0.0,0.0,0.0,0.0,0.0,0.0,0,0.0,19.2298,0.0,19.2298
2018-01-07 22:19:00,0.0,0.0,0.0,0.0,0.0,0.0,0.0,0.0,0.0,0,0.0,19.0729,0.0,19.0729
2018-01-07 22:20:00,0.0,0.0,0.0,0.0,0.0,0.0,0.0,0.0,0.0,0,0.0,18.916,0.0,18.916
2018-01-07 22:21:00,0.0,0.0,0.0,0.0,0.0,0.0,0.0,0.0,0.0,0,0.0,19.1521,0.0,19.1521
2018-01-07 22:22:00,0.0,0.0,0.0,0.0,0.0,0.0,0.0,0.0,0.0,0,0.0,19.3882,0.0,19.3882
2018-01-07 22:23:00,0.0,0.0,0.0,0.0,0.0,0.0,0.0,0.0,0.0,0,0.0,19.6243,0.0,19.6243
2018-01-07 22:24:00,0.0,0.0,0.0,0.0,0.0,0.0,0.0,0.0,0.0,0,0.0,19.860400000000002,0.0,19.860400000000002
2018-01-07 22:25:00,0.0,0.0,0.0,0.0,0.0,0.0,0.0,0.0,0.0,0,0.0,20.0965,0.0,20.0965
2018-01-07 22:26:00,0.0,0.0,0.0,0.0,0.0,0.0,0.0,0.0,0.0,0,0.0,20.3326,0.0,20.3326
2018-01-07 22:27:00,0.0,0.0,0.0,0.0,0.0,0.0,0.0,0.0,0.0,0,0.0,20.5687,0.0,20.5687
2018-01-07 22:28:00,0.0,0.0,0.0,0.0,0.0,0.0,0.0,0.0,0.0,0,0.0,20.8048,0.0,20.8048
2018-01-07 22:29:00,0.0,0.0,0.0,0.0,0.0,0.0,0.0,0.0,0.0,0,0.0,21.0409,0.0,21.0409
2018-01-07 22:30:00,0.0,0.0,0.0,0.0,0.0,0.0,0.0,0.0,0.0,0,0.0,21.277,0.0,21.277
2018-01-07 22:31:00,0.0,0.0,0.0,0.0,0.0,0.0,0.0,0.0,0.0,0,0.0,20.7928,0.0,20.7928
2018-01-07 22:32:00,0.0,0.0,0.0,0.0,0.0,0.0,0.0,0.0,0.0,0,0.0,20.308600000000002,0.0,20.308600000000002
2018-01-07 22:33:00,0.0,0.0,0.0,0.0,0.0,0.0,0.0,0.0,0.0,0,0.0,19.8244,0.0,19.8244
2018-01-07 22:34:00,0.0,0.0,0.0,0.0,0.0,0.0,0.0,0.0,0.0,0,0.0,19.3402,0.0,19.3402
2018-01-07 22:35:00,0.0,0.0,0.0,0.0,0.0,0.0,0.0,0.0,0.0,0,0.0,18.856,0.0,18.856
2018-01-07 22:36:00,0.0,0.0,0.0,0.0,0.0,0.0,0.0,0.0,0.0,0,0.0,18.3718,0.0,18.3718
2018-01-07 22:37:00,0.0,0.0,0.0,0.0,0.0,0.0,0.0,0.0,0.0,0,0.0,17.8876,0.0,17.8876
2018-01-07 22:38:00,0.0,0.0,0.0,0.0,0.0,0.0,0.0,0.0,0.0,0,0.0,17.403399999999998,0.0,17.403399999999998
2018-01-07 22:39:00,0.0,0.0,0.0,0.0,0.0,0.0,0.0,0.0,0.0,0,0.0,16.9192,0.0,16.9192
2018-01-07 22:40:00,0.0,0.0,0.0,0.0,0.0,0.0,0.0,0.0,0.0,0,0.0,16.435,0.0,16.435
2018-01-07 22:41:00,0.0,0.0,0.0,0.0,0.0,0.0,0.0,0.0,0.0,0,0.0,16.818199999999997,0.0,16.818199999999997
2018-01-07 22:42:00,0.0,0.0,0.0,0.0,0.0,0.0,0.0,0.0,0.0,0,0.0,17.2014,0.0,17.2014
2018-01-07 22:43:00,0.0,0.0,0.0,0.0,0.0,0.0,0.0,0.0,0.0,0,0.0,17.5846,0.0,17.5846
2018-01-07 22:44:00,0.0,0.0,0.0,0.0,0.0,0.0,0.0,0.0,0.0,0,0.0,17.9678,0.0,17.9678
2018-01-07 22:45:00,0.0,0.0,0.0,0.0,0.0,0.0,0.0,0.0,0.0,0,0.0,18.351,0.0,18.351
2018-01-07 22:46:00,0.0,0.0,0.0,0.0,0.0,0.0,0.0,0.0,0.0,0,0.0,18.7342,0.0,18.7342
2018-01-07 22:47:00,0.0,0.0,0.0,0.0,0.0,0.0,0.0,0.0,0.0,0,0.0,19.1174,0.0,19.1174
2018-01-07 22:48:00,0.0,0.0,0.0,0.0,0.0,0.0,0.0,0.0,0.0,0,0.0,19.5006,0.0,19.5006
2018-01-07 22:49:00,0.0,0.0,0.0,0.0,0.0,0.0,0.0,0.0,0.0,0,0.0,19.8838,0.0,19.8838
2018-01-07 22:50:00,0.0,0.0,0.0,0.0,0.0,0.0,0.0,0.0,0.0,0,0.0,20.267,0.0,20.267
2018-01-07 22:51:00,0.0,0.0,0.0,0.0,0.0,0.0,0.0,0.0,0.0,0,0.0,20.3886,0.0,20.3886
2018-01-07 22:52:00,0.0,0.0,0.0,0.0,0.0,0.0,0.0,0.0,0.0,0,0.0,20.5102,0.0,20.5102
2018-01-07 22:53:00,0.0,0.0,0.0,0.0,0.0,0.0,0.0,0.0,0.0,0,0.0,20.6318,0.0,20.6318
2018-01-07 22:54:00,0.0,0.0,0.0,0.0,0.0,0.0,0.0,0.0,0.0,0,0.0,20.7534,0.0,20.7534
2018-01-07 22:55:00,0.0,0.0,0.0,0.0,0.0,0.0,0.0,0.0,0.0,0,0.0,20.875,0.0,20.875
2018-01-07 22:56:00,0.0,0.0,0.0,0.0,0.0,0.0,0.0,0.0,0.0,0,0.0,20.9966,0.0,20.9966
2018-01-07 22:57:00,0.0,0.0,0.0,0.0,0.0,0.0,0.0,0.0,0.0,0,0.0,21.1182,0.0,21.1182
2018-01-07 22:58:00,0.0,0.0,0.0,0.0,0.0,0.0,0.0,0.0,0.0,0,0.0,21.2398,0.0,21.2398
2018-01-07 22:59:00,0.0,0.0,0.0,0.0,0.0,0.0,0.0,0.0,0.0,0,0.0,21.3614,0.0,21.3614
2018-01-07 23:00:00,0.0,0.0,0.0,0.0,0.0,0.0,0.0,0.0,0.0,0,0.0,21.483,0.0,21.483
2018-01-07 23:01:00,0.0,0.0,0.0,0.0,0.0,0.0,0.0,0.0,0.0,0,0.0,21.463,0.0,21.463
2018-01-07 23:02:00,0.0,0.0,0.0,0.0,0.0,0.0,0.0,0.0,0.0,0,0.0,21.443,0.0,21.443
2018-01-07 23:03:00,0.0,0.0,0.0,0.0,0.0,0.0,0.0,0.0,0.0,0,0.0,21.423000000000002,0.0,21.423000000000002
2018-01-07 23:04:00,0.0,0.0,0.0,0.0,0.0,0.0,0.0,0.0,0.0,0,0.0,21.403000000000002,0.0,21.403000000000002
2018-01-07 23:05:00,0.0,0.0,0.0,0.0,0.0,0.0,0.0,0.0,0.0,0,0.0,21.383000000000003,0.0,21.383000000000003
2018-01-07 23:06:00,0.0,0.0,0.0,0.0,0.0,0.0,0.0,0.0,0.0,0,0.0,21.363,0.0,21.363
2018-01-07 23:07:00,0.0,0.0,0.0,0.0,0.0,0.0,0.0,0.0,0.0,0,0.0,21.343,0.0,21.343
2018-01-07 23:08:00,0.0,0.0,0.0,0.0,0.0,0.0,0.0,0.0,0.0,0,0.0,21.323,0.0,21.323
2018-01-07 23:09:00,0.0,0.0,0.0,0.0,0.0,0.0,0.0,0.0,0.0,0,0.0,21.303,0.0,21.303
2018-01-07 23:10:00,0.0,0.0,0.0,0.0,0.0,0.0,0.0,0.0,0.0,0,0.0,21.283,0.0,21.283
2018-01-07 23:11:00,0.0,0.0,0.0,0.0,0.0,0.0,0.0,0.0,0.0,0,0.0,21.2882,0.0,21.2882
2018-01-07 23:12:00,0.0,0.0,0.0,0.0,0.0,0.0,0.0,0.0,0.0,0,0.0,21.293400000000002,0.0,21.293400000000002
2018-01-07 23:13:00,0.0,0.0,0.0,0.0,0.0,0.0,0.0,0.0,0.0,0,0.0,21.2986,0.0,21.2986
2018-01-07 23:14:00,0.0,0.0,0.0,0.0,0.0,0.0,0.0,0.0,0.0,0,0.0,21.303800000000003,0.0,21.303800000000003
2018-01-07 23:15:00,0.0,0.0,0.0,0.0,0.0,0.0,0.0,0.0,0.0,0,0.0,21.309,0.0,21.309
2018-01-07 23:16:00,0.0,0.0,0.0,0.0,0.0,0.0,0.0,0.0,0.0,0,0.0,21.3142,0.0,21.3142
2018-01-07 23:17:00,0.0,0.0,0.0,0.0,0.0,0.0,0.0,0.0,0.0,0,0.0,21.3194,0.0,21.3194
2018-01-07 23:18:00,0.0,0.0,0.0,0.0,0.0,0.0,0.0,0.0,0.0,0,0.0,21.3246,0.0,21.3246
2018-01-07 23:19:00,0.0,0.0,0.0,0.0,0.0,0.0,0.0,0.0,0.0,0,0.0,21.329800000000002,0.0,21.329800000000002
2018-01-07 23:20:00,0.0,0.0,0.0,0.0,0.0,0.0,0.0,0.0,0.0,0,0.0,21.335,0.0,21.335
2018-01-07 23:21:00,0.0,0.0,0.0,0.0,0.0,0.0,0.0,0.0,0.0,0,0.0,21.1887,0.0,21.1887
2018-01-07 23:22:00,0.0,0.0,0.0,0.0,0.0,0.0,0.0,0.0,0.0,0,0.0,21.0424,0.0,21.0424
2018-01-07 23:23:00,0.0,0.0,0.0,0.0,0.0,0.0,0.0,0.0,0.0,0,0.0,20.8961,0.0,20.8961
2018-01-07 23:24:00,0.0,0.0,0.0,0.0,0.0,0.0,0.0,0.0,0.0,0,0.0,20.7498,0.0,20.7498
2018-01-07 23:25:00,0.0,0.0,0.0,0.0,0.0,0.0,0.0,0.0,0.0,0,0.0,20.6035,0.0,20.6035
2018-01-07 23:26:00,0.0,0.0,0.0,0.0,0.0,0.0,0.0,0.0,0.0,0,0.0,20.4572,0.0,20.4572
2018-01-07 23:27:00,0.0,0.0,0.0,0.0,0.0,0.0,0.0,0.0,0.0,0,0.0,20.3109,0.0,20.3109
2018-01-07 23:28:00,0.0,0.0,0.0,0.0,0.0,0.0,0.0,0.0,0.0,0,0.0,20.1646,0.0,20.1646
2018-01-07 23:29:00,0.0,0.0,0.0,0.0,0.0,0.0,0.0,0.0,0.0,0,0.0,20.0183,0.0,20.0183
2018-01-07 23:30:00,0.0,0.0,0.0,0.0,0.0,0.0,0.0,0.0,0.0,0,0.0,19.872,0.0,19.872
2018-01-07 23:31:00,0.0,0.0,0.0,0.0,0.0,0.0,0.0,0.0,0.0,0,0.0,19.8565,0.0,19.8565
2018-01-07 23:32:00,0.0,0.0,0.0,0.0,0.0,0.0,0.0,0.0,0.0,0,0.0,19.841,0.0,19.841
2018-01-07 23:33:00,0.0,0.0,0.0,0.0,0.0,0.0,0.0,0.0,0.0,0,0.0,19.825499999999998,0.0,19.825499999999998
2018-01-07 23:34:00,0.0,0.0,0.0,0.0,0.0,0.0,0.0,0.0,0.0,0,0.0,19.81,0.0,19.81
2018-01-07 23:35:00,0.0,0.0,0.0,0.0,0.0,0.0,0.0,0.0,0.0,0,0.0,19.7945,0.0,19.7945
2018-01-07 23:36:00,0.0,0.0,0.0,0.0,0.0,0.0,0.0,0.0,0.0,0,0.0,19.779,0.0,19.779
2018-01-07 23:37:00,0.0,0.0,0.0,0.0,0.0,0.0,0.0,0.0,0.0,0,0.0,19.7635,0.0,19.7635
2018-01-07 23:38:00,0.0,0.0,0.0,0.0,0.0,0.0,0.0,0.0,0.0,0,0.0,19.747999999999998,0.0,19.747999999999998
2018-01-07 23:39:00,0.0,0.0,0.0,0.0,0.0,0.0,0.0,0.0,0.0,0,0.0,19.732499999999998,0.0,19.732499999999998
2018-01-07 23:40:00,0.0,0.0,0.0,0.0,0.0,0.0,0.0,0.0,0.0,0,0.0,19.717,0.0,19.717
2018-01-07 23:41:00,0.0,0.0,0.0,0.0,0.0,0.0,0.0,0.0,0.0,0,0.0,19.6454,0.0,19.6454
2018-01-07 23:42:00,0.0,0.0,0.0,0.0,0.0,0.0,0.0,0.0,0.0,0,0.0,19.5738,0.0,19.5738
2018-01-07 23:43:00,0.0,0.0,0.0,0.0,0.0,0.0,0.0,0.0,0.0,0,0.0,19.5022,0.0,19.5022
2018-01-07 23:44:00,0.0,0.0,0.0,0.0,0.0,0.0,0.0,0.0,0.0,0,0.0,19.4306,0.0,19.4306
2018-01-07 23:45:00,0.0,0.0,0.0,0.0,0.0,0.0,0.0,0.0,0.0,0,0.0,19.359,0.0,19.359
2018-01-07 23:46:00,0.0,0.0,0.0,0.0,0.0,0.0,0.0,0.0,0.0,0,0.0,19.2874,0.0,19.2874
2018-01-07 23:47:00,0.0,0.0,0.0,0.0,0.0,0.0,0.0,0.0,0.0,0,0.0,19.2158,0.0,19.2158
2018-01-07 23:48:00,0.0,0.0,0.0,0.0,0.0,0.0,0.0,0.0,0.0,0,0.0,19.1442,0.0,19.1442
2018-01-07 23:49:00,0.0,0.0,0.0,0.0,0.0,0.0,0.0,0.0,0.0,0,0.0,19.0726,0.0,19.0726
2018-01-07 23:50:00,0.0,0.0,0.0,0.0,0.0,0.0,0.0,0.0,0.0,0,0.0,19.001,0.0,19.001
2018-01-07 23:51:00,0.0,0.0,0.0,0.0,0.0,0.0,0.0,0.0,0.0,0,0.0,18.9768,0.0,18.9768
2018-01-07 23:52:00,0.0,0.0,0.0,0.0,0.0,0.0,0.0,0.0,0.0,0,0.0,18.9526,0.0,18.9526
2018-01-07 23:53:00,0.0,0.0,0.0,0.0,0.0,0.0,0.0,0.0,0.0,0,0.0,18.9284,0.0,18.9284
2018-01-07 23:54:00,0.0,0.0,0.0,0.0,0.0,0.0,0.0,0.0,0.0,0,0.0,18.9042,0.0,18.9042
2018-01-07 23:55:00,0.0,0.0,0.0,0.0,0.0,0.0,0.0,0.0,0.0,0,0.0,18.880000000000003,0.0,18.880000000000003
2018-01-07 23:56:00,0.0,0.0,0.0,0.0,0.0,0.0,0.0,0.0,0.0,0,0.0,18.855800000000002,0.0,18.855800000000002
2018-01-07 23:57:00,0.0,0.0,0.0,0.0,0.0,0.0,0.0,0.0,0.0,0,0.0,18.8316,0.0,18.8316
2018-01-07 23:58:00,0.0,0.0,0.0,0.0,0.0,0.0,0.0,0.0,0.0,0,0.0,18.8074,0.0,18.8074
2018-01-07 23:59:00,0.0,0.0,0.0,0.0,0.0,0.0,0.0,0.0,0.0,0,0.0,18.7832,0.0,18.7832
